game,day,buyerGD_0.value,buyerGD_1.value,buyerGD_2.value,buyerGD_3.value,buyerGD_4.value,buyerRE_0.value,buyerRE_1.value,buyerRE_2.value,buyerRE_3.value,buyerRE_4.value,buyerZIC_0.value,buyerZIC_1.value,buyerZIC_2.value,buyerZIC_3.value,buyerZIC_4.value,buyerZIP_0.value,buyerZIP_1.value,buyerZIP_2.value,buyerZIP_3.value,buyerZIP_4.value,sellerGD_0.value,sellerGD_1.value,sellerGD_2.value,sellerGD_3.value,sellerGD_4.value,sellerRE_0.value,sellerRE_1.value,sellerRE_2.value,sellerRE_3.value,sellerRE_4.value,sellerZIC_0.value,sellerZIC_1.value,sellerZIC_2.value,sellerZIC_3.value,sellerZIC_4.value,sellerZIP_0.value,sellerZIP_1.value,sellerZIP_2.value,sellerZIP_3.value,sellerZIP_4.value
0,0,+132.449,+117.609,+103.329,+61.703,+177.428,+113.155,+161.170,+114.143,+142.710,+67.340,+72.809,+84.675,+45.862,+81.307,+145.912,+144.250,+126.372,+163.152,+202.572,+181.820,+100.297,+98.039,+104.741,+95.026,+97.986,+102.372,+101.318,+97.742,+104.891,+103.734,+96.897,+96.739,+96.122,+100.887,+98.955,+101.952,+96.883,+96.637,+103.343,+98.823
0,1,+94.350,+108.263,+145.214,+98.447,+128.907,+122.897,+133.623,+142.527,+113.794,+106.294,+155.984,+128.507,+132.546,+111.348,+121.713,+137.532,+101.686,+93.179,+106.375,+129.602,+98.137,+104.796,+101.642,+100.861,+96.296,+96.289,+100.452,+97.378,+103.015,+101.160,+104.667,+96.855,+101.034,+103.159,+98.347,+97.071,+96.846,+103.045,+101.779,+96.961
0,2,+108.092,+111.409,+110.072,+117.349,+134.018,+85.887,+138.741,+116.516,+121.934,+118.084,+133.510,+103.239,+147.400,+108.544,+112.489,+112.599,+115.486,+144.408,+93.880,+73.951,+95.364,+103.407,+100.853,+104.395,+103.696,+101.963,+97.499,+103.001,+101.941,+99.608,+101.263,+101.141,+96.820,+104.315,+95.064,+104.380,+101.830,+99.456,+102.331,+99.992
0,3,+113.632,+115.774,+139.947,+133.577,+107.194,+83.578,+120.656,+141.449,+118.666,+83.297,+94.040,+148.523,+90.270,+101.382,+106.111,+90.778,+101.082,+120.043,+133.071,+125.713,+97.990,+103.647,+102.111,+96.372,+100.345,+99.058,+98.973,+95.872,+96.245,+101.182,+102.011,+103.773,+103.955,+95.836,+102.848,+104.824,+98.471,+101.803,+98.608,+98.984
0,4,+115.317,+118.552,+114.788,+93.776,+93.722,+109.797,+90.005,+102.148,+123.373,+128.503,+129.751,+145.932,+106.865,+83.092,+97.201,+86.274,+117.977,+100.028,+115.694,+87.531,+95.281,+99.019,+95.477,+97.543,+104.669,+104.674,+102.997,+97.178,+102.155,+102.023,+102.677,+96.765,+99.051,+101.837,+100.739,+103.020,+95.498,+104.793,+96.805,+101.510
0,5,+102.502,+116.320,+142.124,+123.197,+146.048,+90.068,+85.065,+91.227,+101.675,+121.657,+124.482,+135.690,+105.398,+123.663,+97.227,+90.543,+115.667,+98.881,+148.068,+120.424,+104.838,+100.903,+100.428,+102.474,+103.802,+95.048,+104.859,+96.064,+103.678,+98.308,+96.322,+98.859,+103.264,+100.589,+104.081,+101.395,+101.350,+104.604,+104.056,+98.345
0,6,+102.015,+141.280,+147.431,+148.552,+88.963,+96.672,+114.545,+144.921,+100.271,+106.749,+64.630,+150.871,+124.810,+154.387,+121.035,+139.807,+125.970,+108.908,+103.014,+113.144,+103.336,+100.739,+100.641,+99.187,+103.684,+97.105,+104.210,+100.717,+99.256,+95.345,+101.417,+95.673,+95.232,+103.903,+103.614,+97.970,+99.444,+100.476,+102.531,+103.610
0,7,+128.650,+94.822,+111.852,+152.241,+99.023,+89.163,+129.052,+140.381,+144.996,+107.449,+121.201,+92.529,+114.255,+109.914,+148.715,+128.429,+155.820,+120.306,+131.017,+137.931,+100.547,+103.925,+95.775,+102.268,+103.064,+97.813,+104.600,+99.794,+102.075,+95.111,+104.463,+98.646,+102.081,+101.442,+102.796,+100.805,+100.493,+101.937,+100.931,+96.258
0,8,+83.657,+113.493,+121.444,+129.444,+103.367,+117.275,+117.107,+79.966,+114.334,+131.802,+130.082,+155.574,+93.021,+111.759,+101.397,+134.647,+129.305,+143.525,+127.998,+154.635,+100.726,+103.242,+104.946,+100.053,+104.450,+104.985,+103.297,+104.273,+100.047,+99.381,+104.319,+95.591,+102.281,+101.095,+99.187,+104.906,+97.679,+96.449,+100.160,+95.959
0,9,+133.268,+78.015,+149.597,+111.069,+121.251,+137.591,+95.744,+119.922,+147.893,+101.520,+113.961,+88.730,+119.092,+93.409,+85.410,+135.199,+112.524,+120.556,+81.497,+110.120,+101.057,+97.427,+103.397,+103.110,+101.982,+104.114,+99.010,+101.426,+99.647,+102.023,+100.358,+96.084,+98.987,+98.509,+100.210,+97.571,+95.784,+102.237,+95.054,+99.302
0,10,+111.337,+86.382,+128.415,+102.774,+111.715,+137.249,+131.802,+86.727,+135.110,+131.022,+108.497,+122.030,+146.538,+99.266,+73.296,+109.806,+110.275,+132.468,+114.072,+91.242,+103.489,+101.795,+97.729,+102.279,+97.531,+103.975,+97.589,+97.781,+98.436,+99.532,+103.596,+96.047,+95.505,+102.789,+103.165,+96.304,+96.033,+97.780,+103.510,+101.820
0,11,+95.471,+116.350,+90.971,+72.530,+118.637,+107.119,+81.140,+139.628,+127.443,+92.811,+110.038,+130.976,+115.527,+111.544,+115.455,+128.425,+111.184,+117.868,+94.647,+102.296,+99.626,+96.507,+104.381,+97.006,+103.752,+99.008,+96.116,+100.767,+103.845,+95.840,+98.118,+103.333,+101.124,+103.588,+99.433,+102.554,+99.696,+97.645,+100.814,+96.778
0,12,+110.226,+105.078,+121.122,+108.662,+137.396,+94.809,+118.481,+85.833,+138.827,+116.031,+114.604,+89.029,+126.728,+73.413,+103.019,+88.540,+149.039,+93.516,+149.940,+91.539,+103.006,+99.109,+101.060,+100.189,+103.518,+98.981,+95.161,+97.116,+98.896,+100.919,+97.444,+95.082,+103.786,+99.007,+95.545,+101.664,+96.771,+96.258,+101.051,+96.868
0,13,+105.603,+69.180,+95.250,+75.406,+93.197,+54.315,+82.764,+98.994,+110.676,+152.083,+114.094,+75.693,+95.123,+100.532,+135.798,+83.166,+104.276,+61.860,+112.274,+121.370,+96.655,+102.362,+99.120,+100.660,+98.282,+95.181,+102.066,+99.384,+104.782,+99.748,+97.016,+97.757,+98.660,+104.508,+103.362,+95.270,+104.651,+99.625,+97.365,+95.856
0,14,+120.408,+109.924,+100.370,+97.689,+102.069,+114.826,+99.173,+72.796,+94.726,+117.709,+95.771,+127.827,+85.413,+138.998,+151.926,+119.805,+123.584,+95.141,+104.694,+136.255,+102.256,+103.105,+100.930,+98.056,+95.352,+100.594,+98.168,+104.575,+101.219,+98.441,+99.622,+100.406,+95.648,+95.514,+103.437,+104.340,+99.477,+98.654,+101.141,+96.260
0,15,+106.508,+79.778,+98.319,+80.052,+91.402,+72.678,+129.171,+126.965,+127.892,+90.136,+109.910,+75.611,+130.786,+150.194,+65.412,+110.486,+84.668,+126.529,+112.858,+81.233,+102.546,+99.794,+101.966,+98.668,+104.852,+102.230,+99.915,+99.847,+103.466,+101.074,+98.610,+103.870,+104.020,+104.026,+101.668,+104.752,+95.685,+102.459,+102.308,+103.496
0,16,+133.860,+65.082,+94.459,+95.275,+113.628,+94.144,+96.309,+62.311,+95.014,+109.602,+132.369,+112.759,+67.710,+137.940,+107.402,+128.626,+125.927,+106.290,+101.866,+98.548,+104.435,+95.666,+98.460,+99.173,+103.625,+103.903,+103.356,+97.391,+101.413,+102.493,+95.169,+102.884,+100.540,+104.334,+97.807,+104.128,+100.803,+100.195,+103.130,+102.286
0,17,+115.332,+84.706,+92.954,+137.531,+141.950,+138.306,+128.390,+80.729,+135.361,+125.306,+117.189,+85.047,+91.668,+95.939,+103.874,+112.392,+121.495,+138.153,+122.346,+64.766,+102.596,+99.260,+95.483,+99.765,+103.035,+97.138,+100.346,+100.431,+98.957,+96.578,+97.860,+103.199,+100.573,+103.243,+102.986,+102.474,+101.886,+99.456,+103.218,+100.522
0,18,+118.137,+101.024,+138.172,+97.754,+88.468,+94.344,+128.513,+101.199,+117.678,+111.194,+157.140,+125.921,+81.147,+134.854,+125.309,+128.088,+128.928,+100.796,+110.990,+70.221,+102.796,+103.091,+96.311,+101.025,+96.809,+100.407,+104.689,+102.522,+99.737,+103.305,+96.160,+102.742,+96.773,+97.998,+96.676,+100.053,+96.143,+99.469,+100.621,+101.435
0,19,+128.217,+122.782,+128.721,+150.604,+111.390,+105.804,+102.198,+109.178,+83.368,+146.052,+85.997,+132.016,+92.410,+93.402,+121.990,+97.431,+153.558,+123.327,+103.815,+111.735,+104.113,+103.996,+102.241,+102.805,+99.940,+95.403,+102.645,+100.327,+96.923,+97.266,+104.503,+98.718,+97.475,+99.148,+100.580,+101.087,+100.834,+104.609,+102.970,+100.265
0,20,+100.463,+119.972,+135.921,+106.281,+99.032,+86.349,+138.585,+115.277,+117.525,+95.169,+92.375,+136.586,+96.214,+61.698,+151.426,+126.915,+122.425,+104.317,+87.605,+124.411,+98.907,+103.492,+101.364,+99.395,+96.790,+98.987,+98.381,+97.318,+104.092,+101.431,+104.680,+103.798,+97.326,+101.705,+98.681,+100.303,+98.328,+103.444,+100.540,+103.543
0,21,+107.931,+100.598,+129.278,+86.705,+106.657,+88.670,+105.008,+140.736,+144.359,+132.899,+96.803,+112.177,+111.009,+141.132,+104.493,+105.540,+113.810,+103.597,+127.447,+90.709,+102.837,+102.314,+101.127,+97.208,+103.713,+101.050,+100.611,+100.765,+101.223,+97.945,+97.290,+102.711,+104.385,+96.880,+96.655,+99.856,+99.974,+98.610,+103.503,+98.420
0,22,+113.764,+124.472,+78.480,+110.296,+125.958,+97.578,+98.296,+93.947,+114.454,+129.518,+116.373,+104.156,+112.095,+91.459,+111.408,+94.222,+145.447,+88.240,+86.721,+105.429,+102.543,+101.101,+100.360,+104.223,+104.936,+102.072,+103.806,+104.857,+97.231,+100.875,+103.039,+100.824,+104.164,+98.601,+101.257,+99.011,+104.527,+95.154,+103.209,+103.936
0,23,+146.121,+80.951,+126.096,+138.637,+102.585,+84.316,+116.000,+86.175,+109.844,+100.818,+94.787,+155.977,+116.903,+113.619,+135.064,+124.798,+146.574,+115.188,+83.250,+116.963,+95.551,+99.884,+99.638,+99.873,+96.533,+97.122,+97.615,+100.771,+103.474,+97.644,+95.018,+99.359,+104.235,+99.372,+99.432,+97.762,+100.482,+96.170,+96.842,+96.902
0,24,+111.698,+120.629,+79.745,+135.142,+139.606,+138.017,+119.730,+83.203,+92.420,+59.643,+110.331,+124.193,+92.229,+123.633,+165.052,+114.582,+115.864,+105.125,+110.876,+119.791,+98.165,+98.735,+99.189,+104.149,+102.492,+101.889,+99.472,+104.786,+102.390,+103.787,+97.976,+99.811,+104.877,+99.449,+99.436,+99.415,+97.271,+95.984,+96.055,+98.841
0,25,+126.390,+116.389,+108.780,+70.920,+122.616,+121.550,+82.528,+116.368,+119.522,+132.483,+146.882,+84.108,+116.448,+124.747,+107.265,+124.280,+101.629,+114.908,+90.129,+59.324,+99.778,+98.268,+102.470,+95.667,+100.023,+96.000,+96.434,+97.635,+97.507,+104.754,+96.523,+101.129,+96.757,+100.589,+96.177,+96.093,+98.955,+101.840,+103.626,+102.945
0,26,+116.053,+108.556,+123.968,+109.180,+116.714,+108.334,+150.798,+137.545,+111.742,+112.735,+117.906,+167.067,+81.077,+107.173,+126.402,+130.862,+120.436,+110.305,+133.558,+117.534,+101.019,+101.090,+99.555,+103.337,+99.754,+102.424,+99.704,+101.452,+102.253,+103.836,+99.092,+96.788,+101.190,+103.186,+101.950,+102.819,+102.175,+100.085,+97.325,+99.362
0,27,+90.579,+92.818,+77.188,+124.384,+103.918,+139.931,+102.435,+108.857,+89.557,+62.048,+115.505,+90.724,+127.309,+108.950,+85.557,+122.552,+74.219,+106.665,+107.833,+151.922,+97.708,+103.174,+104.043,+99.872,+103.305,+96.288,+96.787,+104.647,+103.439,+97.691,+98.395,+99.677,+101.878,+98.587,+96.359,+101.457,+103.790,+103.677,+96.235,+98.599
0,28,+107.997,+127.082,+78.599,+95.135,+127.209,+91.145,+93.796,+114.717,+153.413,+104.077,+118.442,+134.865,+125.632,+104.375,+107.426,+108.575,+115.045,+83.738,+124.374,+134.219,+103.720,+102.820,+99.306,+103.939,+96.324,+100.618,+100.162,+102.684,+102.638,+95.497,+104.295,+99.139,+100.139,+97.189,+95.899,+102.946,+99.698,+96.640,+96.318,+99.868
0,29,+140.534,+81.994,+112.225,+79.468,+135.534,+105.008,+90.830,+111.601,+111.418,+134.163,+87.106,+100.752,+107.640,+113.293,+119.753,+110.818,+120.989,+111.282,+70.941,+134.716,+98.064,+97.457,+97.984,+103.413,+95.162,+104.527,+96.364,+103.407,+104.301,+96.920,+99.476,+98.900,+99.763,+99.545,+104.843,+100.152,+98.797,+99.763,+97.484,+100.456
0,30,+134.736,+136.423,+108.485,+76.832,+74.931,+124.054,+101.888,+148.620,+125.859,+104.862,+105.500,+101.306,+75.305,+125.388,+160.665,+119.021,+163.142,+105.107,+76.075,+132.769,+101.905,+98.547,+98.406,+96.632,+100.188,+97.006,+99.430,+95.995,+95.583,+97.040,+97.304,+102.848,+100.455,+102.492,+98.120,+104.736,+98.595,+103.400,+95.075,+102.746
0,31,+132.117,+98.811,+133.991,+87.940,+81.592,+117.023,+127.303,+105.423,+97.183,+110.583,+82.549,+75.717,+106.133,+93.800,+117.280,+137.303,+150.752,+105.748,+111.240,+59.157,+97.702,+102.566,+100.072,+99.086,+99.250,+102.585,+99.353,+101.921,+98.126,+95.840,+104.988,+95.427,+104.322,+103.943,+98.682,+104.741,+102.919,+96.967,+99.897,+98.607
0,32,+77.142,+114.008,+93.483,+84.273,+113.166,+70.412,+104.116,+87.307,+82.198,+105.919,+104.195,+105.716,+115.865,+133.172,+102.448,+111.381,+97.056,+72.492,+85.968,+126.567,+103.249,+98.882,+98.325,+99.735,+99.242,+102.750,+95.098,+101.969,+95.977,+101.139,+95.027,+98.129,+100.036,+102.488,+95.272,+101.263,+101.194,+95.518,+103.258,+96.709
0,33,+102.652,+103.242,+90.433,+118.926,+99.958,+103.772,+97.273,+145.360,+102.348,+88.436,+119.505,+101.975,+87.177,+118.130,+104.539,+61.797,+87.202,+108.174,+109.433,+104.596,+99.856,+100.750,+95.742,+102.990,+100.779,+96.129,+99.444,+97.815,+96.481,+97.080,+103.303,+99.204,+99.717,+95.090,+98.385,+95.732,+100.115,+95.143,+100.759,+96.186
0,34,+82.815,+149.981,+97.832,+115.016,+80.098,+63.506,+121.307,+93.448,+95.652,+90.485,+119.761,+82.341,+63.314,+140.058,+112.895,+142.722,+84.493,+141.302,+133.720,+120.451,+98.536,+97.217,+104.807,+99.241,+103.711,+99.123,+100.334,+96.132,+99.783,+99.169,+103.432,+100.447,+103.490,+97.902,+102.866,+99.142,+98.786,+95.958,+103.189,+100.326
0,35,+132.244,+87.958,+92.917,+116.745,+79.714,+117.697,+123.369,+129.050,+102.321,+98.130,+150.038,+106.646,+137.272,+118.754,+101.317,+123.570,+126.772,+102.557,+94.408,+90.876,+99.432,+95.154,+101.901,+103.319,+101.981,+95.232,+95.790,+104.226,+97.876,+103.677,+98.711,+102.719,+98.239,+99.544,+101.672,+102.691,+102.552,+101.200,+99.734,+98.710
0,36,+122.043,+135.794,+120.630,+106.475,+126.736,+122.547,+53.802,+111.145,+92.575,+98.859,+124.054,+98.279,+135.946,+86.291,+74.437,+138.922,+71.580,+132.607,+150.666,+101.817,+102.944,+102.610,+96.343,+97.143,+104.718,+96.012,+95.482,+95.328,+98.203,+100.825,+100.042,+98.251,+96.520,+98.287,+101.635,+104.766,+101.521,+104.406,+102.078,+100.710
0,37,+122.716,+118.296,+120.728,+122.896,+73.559,+104.668,+62.534,+123.275,+122.054,+108.494,+93.413,+72.403,+107.046,+68.892,+118.501,+141.604,+90.101,+113.219,+83.308,+140.853,+96.714,+99.040,+98.730,+99.984,+104.288,+95.091,+104.975,+100.234,+104.404,+103.956,+96.694,+102.903,+97.955,+95.815,+95.067,+102.270,+104.988,+101.497,+95.664,+98.087
0,38,+117.182,+96.337,+92.399,+86.484,+114.387,+87.272,+110.607,+98.095,+139.956,+82.585,+124.717,+129.062,+105.027,+84.422,+100.691,+104.738,+113.441,+106.300,+79.082,+65.854,+95.478,+98.991,+95.001,+101.046,+96.230,+104.354,+104.122,+100.064,+101.341,+103.185,+100.924,+98.793,+100.087,+98.617,+104.687,+97.955,+102.618,+102.015,+101.426,+100.115
0,39,+111.880,+117.532,+114.417,+65.858,+123.019,+142.884,+108.775,+81.908,+126.135,+112.506,+106.296,+88.977,+119.578,+70.639,+83.174,+117.342,+111.046,+114.791,+109.074,+126.672,+104.610,+100.249,+102.448,+100.449,+101.482,+99.281,+97.004,+103.542,+98.815,+102.677,+103.518,+103.431,+103.022,+97.658,+104.410,+98.910,+98.322,+97.545,+104.501,+97.928
0,40,+131.534,+104.581,+116.056,+105.140,+108.055,+99.269,+88.712,+105.699,+143.033,+131.363,+109.822,+133.626,+91.128,+126.380,+111.777,+103.200,+91.267,+85.645,+150.986,+106.371,+100.398,+100.558,+103.578,+97.437,+104.762,+97.486,+104.801,+99.774,+102.515,+95.800,+102.792,+100.778,+103.205,+98.259,+96.942,+104.895,+102.839,+103.739,+101.828,+98.101
0,41,+125.385,+85.240,+116.778,+102.752,+100.254,+105.532,+144.174,+141.722,+107.477,+108.483,+119.976,+113.989,+87.039,+100.461,+119.652,+81.318,+108.700,+127.065,+130.519,+100.085,+101.993,+101.592,+96.091,+104.279,+100.649,+96.641,+103.437,+100.370,+103.456,+103.875,+96.041,+103.120,+102.435,+104.556,+101.520,+101.142,+103.848,+101.481,+102.558,+103.466
0,42,+107.867,+125.301,+122.666,+120.373,+103.834,+125.930,+99.103,+114.432,+102.012,+131.192,+102.580,+109.698,+94.818,+136.832,+63.461,+123.707,+101.300,+155.672,+117.046,+66.080,+103.449,+98.328,+99.427,+103.035,+101.054,+103.264,+101.881,+100.375,+99.528,+102.202,+102.397,+101.547,+99.584,+104.449,+99.087,+99.402,+101.011,+95.518,+95.247,+102.239
0,43,+120.482,+115.886,+106.596,+106.327,+88.764,+107.826,+105.008,+139.879,+141.069,+102.535,+76.068,+89.465,+103.379,+71.023,+115.363,+99.282,+106.569,+90.030,+110.252,+81.062,+95.039,+97.228,+104.859,+101.756,+96.301,+100.854,+103.622,+100.715,+99.913,+103.211,+98.267,+102.355,+99.067,+97.411,+98.325,+100.348,+98.284,+103.901,+99.647,+98.700
0,44,+102.738,+106.164,+122.772,+100.837,+106.561,+175.506,+125.406,+112.473,+73.850,+84.449,+49.937,+124.998,+71.822,+100.740,+153.237,+93.129,+109.014,+103.120,+137.952,+115.514,+99.893,+104.807,+95.354,+99.667,+103.145,+97.001,+103.862,+102.766,+99.088,+103.561,+100.120,+96.749,+97.713,+104.936,+99.640,+99.712,+96.929,+95.658,+100.726,+101.941
0,45,+119.891,+103.852,+110.817,+75.254,+121.691,+110.280,+128.917,+88.918,+113.814,+146.602,+97.314,+117.651,+109.284,+100.448,+97.791,+84.458,+116.032,+80.984,+88.849,+94.534,+95.521,+97.016,+102.251,+104.401,+99.100,+101.477,+96.644,+96.059,+102.985,+100.705,+104.834,+95.992,+101.362,+99.430,+103.070,+97.795,+98.867,+96.460,+99.198,+101.513
0,46,+105.059,+65.577,+170.387,+101.658,+163.529,+97.525,+84.263,+72.774,+99.085,+111.911,+163.335,+129.723,+99.535,+82.835,+93.716,+114.963,+114.081,+115.650,+101.576,+105.650,+103.049,+102.060,+104.664,+97.255,+98.711,+95.537,+98.064,+95.815,+100.181,+95.344,+101.517,+101.295,+103.550,+96.081,+99.102,+98.818,+97.765,+100.549,+98.469,+100.697
0,47,+97.200,+85.205,+128.791,+95.351,+68.289,+121.983,+103.038,+121.072,+124.463,+127.790,+101.321,+110.734,+109.253,+122.597,+127.229,+123.514,+138.620,+48.548,+88.313,+102.582,+102.415,+96.979,+100.876,+97.386,+103.495,+104.512,+102.001,+99.299,+100.490,+97.075,+97.651,+104.377,+100.096,+102.845,+99.755,+96.456,+97.819,+102.400,+98.337,+101.216
0,48,+81.438,+114.014,+111.745,+108.196,+111.646,+97.888,+81.521,+99.800,+125.661,+98.141,+97.187,+133.921,+77.864,+92.733,+97.540,+64.817,+93.781,+100.360,+101.502,+117.141,+100.236,+98.263,+104.890,+101.413,+101.867,+96.881,+100.275,+98.644,+100.515,+96.518,+98.642,+101.376,+95.077,+100.597,+99.559,+101.095,+102.508,+95.731,+97.505,+95.326
0,49,+82.962,+118.189,+163.706,+79.104,+84.373,+123.792,+127.870,+96.032,+123.211,+99.950,+88.069,+75.797,+117.757,+101.660,+132.013,+82.967,+80.412,+134.498,+79.556,+87.912,+97.659,+96.868,+99.409,+104.042,+101.371,+102.200,+104.181,+101.732,+97.402,+98.095,+97.430,+97.903,+95.621,+103.611,+100.152,+104.132,+102.021,+95.636,+104.365,+102.168
0,50,+143.573,+122.871,+136.179,+96.976,+134.779,+97.719,+111.171,+105.508,+109.435,+88.634,+100.976,+124.835,+155.966,+100.669,+119.751,+88.472,+129.122,+152.094,+97.024,+104.641,+98.625,+102.927,+104.462,+101.691,+95.149,+101.387,+96.436,+96.209,+102.954,+97.989,+98.978,+99.130,+102.296,+95.226,+97.027,+96.076,+98.495,+104.702,+100.706,+95.492
0,51,+135.420,+100.874,+105.524,+153.236,+106.150,+97.830,+107.777,+113.015,+113.366,+91.744,+101.154,+73.915,+96.566,+103.307,+125.368,+110.999,+68.955,+101.309,+106.940,+97.338,+96.551,+102.599,+102.605,+95.449,+95.410,+97.448,+97.026,+100.118,+97.139,+98.062,+103.592,+100.649,+101.975,+96.564,+100.273,+103.721,+97.734,+96.659,+100.874,+97.789
0,52,+119.322,+97.218,+154.520,+72.319,+92.669,+126.790,+116.664,+100.227,+103.715,+120.465,+113.501,+124.979,+148.918,+125.522,+110.291,+94.580,+104.408,+71.699,+156.248,+117.470,+99.009,+104.626,+103.861,+96.748,+101.995,+96.108,+95.155,+104.998,+102.626,+102.475,+102.517,+103.143,+104.169,+104.559,+96.597,+96.083,+100.958,+99.940,+103.352,+100.483
0,53,+146.833,+85.330,+91.418,+90.866,+95.059,+91.177,+97.634,+112.486,+84.467,+111.481,+108.953,+96.391,+73.551,+73.690,+88.936,+116.780,+120.267,+81.597,+159.438,+96.884,+99.727,+103.298,+104.870,+99.345,+95.446,+104.587,+104.538,+96.907,+97.120,+98.463,+95.738,+98.895,+104.323,+96.188,+99.203,+99.522,+99.789,+104.888,+96.093,+96.522
0,54,+119.737,+86.780,+121.464,+102.010,+100.011,+46.358,+77.151,+99.089,+109.534,+152.073,+79.442,+123.513,+117.804,+103.402,+135.789,+74.042,+132.046,+145.995,+104.002,+95.711,+104.072,+98.711,+102.233,+98.237,+104.281,+96.058,+97.691,+102.970,+96.481,+98.485,+97.978,+100.731,+97.978,+101.975,+97.872,+103.979,+99.689,+96.707,+97.036,+104.336
0,55,+104.250,+99.711,+110.572,+113.783,+109.144,+57.854,+122.335,+156.275,+119.755,+75.784,+118.636,+101.667,+70.416,+125.262,+101.754,+158.107,+126.440,+109.362,+104.439,+117.193,+101.077,+103.443,+103.839,+100.454,+96.998,+104.084,+101.768,+104.585,+99.349,+96.512,+98.690,+98.677,+99.985,+97.799,+96.271,+99.565,+100.788,+101.412,+104.435,+104.770
0,56,+91.207,+86.566,+131.213,+85.726,+113.883,+113.376,+101.765,+126.304,+76.122,+106.496,+119.844,+129.480,+88.239,+127.865,+109.347,+103.086,+105.699,+100.159,+96.510,+104.820,+102.606,+97.196,+95.673,+103.943,+98.104,+102.174,+98.193,+102.524,+97.228,+97.354,+95.193,+100.033,+101.732,+102.905,+95.972,+96.736,+97.547,+98.463,+98.144,+97.613
0,57,+83.276,+77.894,+89.876,+92.002,+115.086,+124.009,+120.775,+103.279,+113.205,+120.042,+106.059,+108.150,+135.194,+95.913,+121.505,+118.501,+129.103,+114.354,+112.080,+93.545,+100.685,+102.136,+98.724,+99.432,+104.672,+100.051,+103.307,+104.452,+99.405,+98.254,+100.588,+104.385,+98.747,+95.139,+102.755,+99.090,+103.925,+95.575,+101.947,+97.210
0,58,+82.882,+106.019,+106.547,+154.607,+102.608,+80.038,+138.984,+138.548,+114.298,+128.649,+132.684,+133.023,+74.310,+105.161,+134.238,+106.132,+100.324,+116.214,+106.224,+83.477,+97.943,+96.245,+103.565,+95.371,+95.741,+103.123,+100.099,+102.098,+95.221,+98.087,+95.357,+95.515,+104.500,+101.313,+96.435,+95.044,+97.503,+100.114,+97.107,+97.020
0,59,+112.632,+116.063,+118.286,+107.152,+100.033,+119.375,+88.449,+102.062,+124.449,+101.669,+134.372,+70.681,+90.981,+112.042,+102.513,+108.347,+91.950,+121.481,+91.147,+131.080,+97.824,+97.634,+103.927,+101.505,+103.371,+104.326,+97.393,+97.610,+95.873,+103.895,+100.934,+95.211,+100.019,+103.385,+101.803,+102.453,+102.165,+99.117,+98.877,+95.549
0,60,+103.114,+106.219,+115.088,+108.124,+137.017,+112.465,+149.504,+81.497,+85.428,+78.530,+105.216,+115.318,+111.943,+100.956,+100.369,+76.644,+122.330,+159.139,+108.452,+80.818,+98.027,+97.254,+101.740,+96.475,+102.489,+95.038,+104.850,+95.658,+101.267,+97.086,+98.825,+98.517,+95.293,+97.312,+100.927,+95.003,+102.866,+104.361,+102.076,+103.144
0,61,+98.587,+135.414,+106.452,+87.597,+98.395,+84.554,+49.135,+152.563,+113.176,+103.282,+107.923,+103.554,+87.521,+86.767,+132.125,+119.160,+117.032,+99.254,+91.346,+111.066,+95.858,+99.997,+95.129,+98.272,+98.616,+103.412,+102.656,+100.458,+96.559,+102.886,+103.002,+97.476,+98.516,+97.087,+104.898,+95.179,+103.416,+96.334,+103.210,+99.434
0,62,+80.871,+151.805,+120.931,+114.474,+123.252,+105.318,+134.594,+106.565,+89.572,+83.257,+89.508,+66.424,+99.499,+122.758,+94.278,+125.202,+98.150,+128.108,+161.417,+91.671,+97.487,+96.984,+96.098,+101.895,+104.999,+98.749,+101.547,+103.063,+97.529,+101.012,+95.610,+104.636,+97.833,+103.360,+101.139,+100.262,+98.382,+98.581,+103.689,+101.410
0,63,+105.770,+108.461,+140.534,+110.544,+103.259,+110.129,+120.352,+122.168,+114.424,+83.924,+100.147,+115.449,+134.710,+93.544,+112.323,+102.959,+131.936,+112.818,+92.876,+104.492,+96.539,+104.467,+97.182,+104.737,+96.682,+103.949,+103.148,+101.342,+97.794,+104.959,+103.930,+95.257,+95.816,+95.539,+102.545,+104.253,+103.397,+103.618,+102.126,+101.343
0,64,+78.189,+110.860,+111.118,+106.143,+99.830,+86.642,+130.028,+120.608,+127.319,+104.576,+106.142,+93.325,+97.954,+94.792,+126.741,+91.336,+125.508,+127.565,+129.883,+131.682,+97.413,+101.993,+96.202,+101.052,+97.096,+95.221,+95.283,+98.608,+98.640,+96.118,+96.383,+95.565,+96.638,+103.450,+100.257,+103.424,+98.569,+95.678,+101.635,+98.483
0,65,+92.598,+131.055,+73.184,+121.680,+133.044,+108.671,+79.631,+103.157,+80.046,+122.839,+116.485,+106.473,+101.434,+120.737,+83.729,+43.786,+82.069,+84.727,+125.237,+122.252,+99.060,+100.836,+99.896,+102.778,+104.654,+99.031,+96.963,+99.461,+96.050,+102.100,+100.431,+103.111,+98.296,+103.126,+101.329,+101.244,+103.142,+95.088,+101.543,+96.347
0,66,+120.128,+46.879,+86.099,+104.266,+89.155,+110.169,+109.355,+129.661,+83.328,+121.185,+114.730,+107.995,+125.672,+104.856,+143.032,+159.660,+76.415,+160.233,+129.816,+85.780,+102.492,+99.919,+96.375,+96.880,+104.535,+100.909,+98.660,+95.581,+100.732,+100.091,+102.913,+102.765,+102.652,+95.030,+101.112,+99.197,+97.962,+97.895,+100.054,+99.539
0,67,+96.731,+85.086,+70.539,+85.691,+116.992,+116.467,+120.342,+117.993,+84.436,+116.409,+143.424,+155.473,+122.050,+94.049,+96.785,+101.586,+144.277,+123.371,+128.887,+118.385,+99.008,+104.131,+98.785,+95.324,+102.554,+97.689,+99.580,+100.816,+97.213,+100.826,+103.185,+104.352,+102.760,+103.404,+103.640,+97.947,+98.630,+98.720,+99.332,+101.810
0,68,+98.994,+91.413,+99.266,+120.517,+137.569,+97.538,+100.209,+86.875,+97.780,+90.247,+92.600,+98.569,+103.892,+81.488,+85.544,+91.026,+122.625,+90.733,+93.351,+106.720,+98.336,+99.977,+100.675,+101.982,+97.133,+102.929,+95.739,+101.427,+104.330,+102.756,+98.141,+102.520,+97.405,+103.975,+97.725,+100.506,+99.763,+104.071,+95.080,+97.587
0,69,+125.302,+122.967,+103.998,+83.700,+99.489,+106.001,+96.846,+120.866,+103.446,+117.334,+115.425,+95.186,+119.058,+130.692,+133.077,+73.756,+109.535,+90.451,+115.647,+110.548,+104.588,+101.664,+96.694,+99.121,+99.457,+104.981,+95.045,+95.001,+98.382,+99.241,+97.889,+103.642,+104.052,+98.186,+96.656,+100.952,+100.237,+102.407,+101.491,+104.998
0,70,+117.622,+142.989,+99.118,+90.197,+124.282,+93.520,+76.853,+94.764,+117.720,+106.439,+93.356,+113.425,+145.448,+118.711,+75.641,+103.319,+125.045,+110.869,+92.282,+77.958,+97.168,+99.384,+101.604,+97.421,+103.428,+103.580,+95.133,+95.273,+104.955,+98.597,+102.241,+104.529,+96.056,+102.525,+97.504,+99.954,+96.921,+97.794,+96.371,+101.424
0,71,+83.860,+168.465,+142.970,+129.201,+75.623,+120.033,+150.741,+99.827,+107.102,+110.332,+120.565,+82.763,+104.164,+96.711,+109.135,+119.726,+114.139,+125.156,+128.178,+91.607,+103.096,+95.031,+98.188,+96.834,+96.216,+101.247,+103.169,+97.595,+98.518,+104.169,+102.906,+99.063,+98.660,+95.597,+102.579,+102.179,+101.553,+104.436,+99.406,+96.662
0,72,+83.519,+84.872,+121.428,+43.129,+78.110,+130.934,+110.330,+73.436,+121.245,+99.822,+113.165,+111.957,+160.885,+109.192,+167.637,+103.830,+124.695,+114.951,+84.948,+79.710,+100.523,+100.140,+101.879,+100.700,+100.241,+95.990,+95.810,+102.431,+97.592,+101.864,+101.540,+97.336,+95.206,+97.180,+95.315,+102.699,+102.510,+103.820,+95.356,+95.126
0,73,+114.728,+130.394,+109.477,+108.766,+124.634,+104.311,+85.978,+88.730,+115.402,+90.171,+132.343,+113.196,+107.023,+124.284,+83.725,+130.898,+97.000,+92.524,+131.994,+131.790,+99.812,+103.387,+96.251,+101.903,+100.575,+99.756,+97.040,+98.844,+103.847,+101.412,+96.407,+98.088,+101.256,+96.159,+95.536,+99.921,+97.225,+97.219,+99.241,+100.105
0,74,+98.810,+96.551,+41.632,+103.321,+135.999,+112.091,+95.616,+75.439,+51.028,+119.838,+137.032,+103.029,+79.175,+94.019,+76.266,+108.473,+104.240,+115.385,+150.284,+119.029,+102.706,+104.643,+100.877,+103.518,+96.295,+95.108,+100.719,+95.435,+100.304,+100.175,+104.161,+98.983,+98.427,+104.546,+95.431,+99.242,+103.924,+104.368,+95.096,+99.964
0,75,+99.647,+97.710,+110.106,+111.601,+85.201,+93.168,+105.147,+121.419,+114.877,+107.728,+117.655,+139.671,+111.839,+94.071,+77.400,+110.142,+43.667,+139.460,+129.469,+124.536,+98.311,+98.181,+95.606,+97.154,+100.129,+97.221,+104.040,+101.108,+98.461,+104.228,+99.710,+100.556,+98.775,+98.084,+104.288,+99.704,+97.904,+104.902,+101.745,+100.342
0,76,+140.929,+107.894,+134.774,+126.638,+128.182,+94.272,+102.807,+127.735,+124.782,+121.289,+88.467,+81.147,+58.020,+90.699,+110.792,+131.032,+92.033,+89.967,+97.022,+119.398,+102.345,+95.975,+95.062,+101.015,+101.890,+104.355,+101.791,+99.250,+100.403,+100.890,+102.423,+98.121,+103.524,+101.468,+101.285,+99.925,+101.132,+101.904,+97.708,+99.306
0,77,+128.509,+71.191,+103.749,+136.143,+138.062,+80.616,+122.655,+121.716,+131.890,+99.939,+103.707,+99.372,+117.725,+121.964,+91.262,+96.782,+107.474,+79.162,+83.864,+93.363,+103.458,+96.597,+95.420,+104.932,+103.705,+104.707,+98.359,+95.655,+95.402,+103.963,+102.990,+96.712,+97.626,+100.792,+96.770,+101.640,+102.603,+95.713,+103.340,+95.516
0,78,+92.275,+82.322,+105.792,+121.256,+90.574,+106.761,+138.283,+137.085,+77.460,+100.096,+124.703,+73.419,+118.307,+143.725,+103.023,+127.804,+122.142,+94.094,+106.546,+105.927,+97.684,+102.293,+98.435,+95.032,+95.841,+101.628,+102.904,+104.469,+104.856,+102.394,+96.001,+100.108,+99.954,+99.629,+99.119,+104.281,+100.819,+96.012,+97.517,+104.449
0,79,+104.553,+95.287,+97.657,+124.123,+82.076,+101.753,+82.804,+102.009,+80.688,+145.430,+86.565,+101.590,+128.655,+122.796,+125.274,+105.235,+114.269,+126.616,+104.944,+123.766,+103.620,+104.560,+103.285,+100.150,+99.994,+103.481,+101.037,+103.121,+101.111,+100.580,+100.188,+97.734,+97.587,+104.422,+99.547,+99.515,+101.141,+98.102,+95.817,+102.515
0,80,+172.026,+50.628,+135.022,+88.599,+104.423,+71.267,+94.966,+110.625,+67.298,+90.062,+123.091,+117.372,+107.765,+129.994,+86.615,+115.351,+95.076,+72.800,+83.502,+110.414,+96.069,+96.129,+104.335,+101.102,+99.426,+96.069,+95.815,+104.786,+102.790,+100.129,+98.915,+103.888,+95.402,+97.373,+104.392,+96.022,+100.156,+97.920,+100.988,+98.811
0,81,+112.816,+65.619,+138.872,+121.069,+68.073,+116.567,+100.034,+139.045,+108.909,+96.305,+107.865,+102.808,+98.396,+142.691,+99.878,+139.256,+102.095,+71.003,+107.744,+137.599,+104.341,+98.786,+98.155,+100.022,+97.183,+102.684,+98.269,+98.262,+101.321,+104.630,+98.143,+98.897,+99.468,+98.532,+104.374,+104.622,+104.617,+95.028,+99.916,+99.050
0,82,+106.333,+101.903,+133.023,+111.158,+104.592,+92.277,+91.310,+119.776,+123.831,+70.259,+113.582,+91.136,+87.500,+96.187,+100.654,+82.866,+126.785,+87.580,+170.980,+77.544,+100.041,+98.680,+95.118,+104.167,+101.245,+95.577,+101.337,+96.372,+95.330,+102.796,+101.917,+103.454,+96.395,+97.326,+100.324,+103.976,+100.799,+100.379,+97.438,+100.810
0,83,+56.833,+107.053,+116.999,+107.803,+94.779,+79.491,+100.662,+97.021,+103.628,+147.557,+112.362,+104.267,+76.298,+115.525,+82.134,+109.688,+46.859,+86.277,+123.635,+117.762,+97.179,+100.467,+101.692,+96.738,+95.712,+100.587,+96.534,+95.897,+96.120,+103.961,+100.257,+103.604,+99.556,+101.043,+100.923,+102.429,+100.756,+99.773,+102.136,+98.715
0,84,+152.071,+108.118,+125.083,+85.738,+89.975,+97.718,+108.215,+120.466,+128.262,+111.711,+131.491,+116.845,+104.417,+133.376,+123.497,+74.023,+68.358,+124.612,+97.701,+96.383,+99.358,+101.104,+96.187,+95.337,+103.256,+102.058,+100.011,+104.909,+102.015,+102.407,+100.524,+101.951,+102.708,+97.349,+104.762,+98.106,+99.528,+99.007,+98.014,+98.529
0,85,+80.999,+100.250,+84.588,+109.375,+137.064,+110.842,+144.175,+129.130,+81.518,+142.063,+103.858,+113.656,+105.955,+117.761,+112.453,+118.880,+86.097,+104.370,+111.981,+116.516,+98.961,+103.443,+103.241,+98.014,+103.237,+99.020,+96.741,+101.029,+97.174,+97.902,+97.774,+98.208,+99.506,+98.589,+96.660,+102.105,+104.834,+100.823,+96.624,+97.357
0,86,+107.894,+98.704,+108.074,+119.226,+112.071,+48.097,+112.810,+140.320,+98.618,+102.558,+81.683,+113.036,+111.604,+103.288,+103.012,+78.223,+130.666,+126.900,+96.279,+99.731,+104.661,+102.868,+104.680,+103.889,+95.977,+99.338,+101.184,+102.425,+102.356,+104.133,+96.814,+101.696,+96.153,+104.955,+103.608,+100.157,+103.498,+103.033,+98.785,+97.116
0,87,+124.230,+128.202,+125.280,+113.679,+103.756,+107.051,+91.684,+107.668,+111.718,+114.353,+169.486,+118.671,+139.151,+67.414,+109.502,+125.443,+111.911,+99.170,+108.399,+102.380,+101.985,+100.702,+95.787,+97.201,+102.933,+97.884,+101.771,+100.926,+102.375,+100.171,+104.470,+100.527,+103.258,+99.900,+100.352,+104.621,+96.860,+101.525,+101.211,+97.676
0,88,+128.969,+91.886,+117.280,+86.463,+91.524,+122.778,+114.616,+96.865,+112.687,+74.960,+87.288,+112.874,+98.262,+109.863,+66.761,+103.227,+100.906,+93.526,+109.747,+110.962,+99.729,+96.689,+101.851,+96.793,+96.926,+101.108,+96.757,+102.313,+95.508,+100.232,+95.351,+98.741,+100.690,+102.947,+101.666,+101.524,+104.067,+99.050,+103.768,+103.103
0,89,+97.153,+109.125,+146.092,+132.823,+99.877,+104.318,+136.766,+111.666,+113.732,+75.088,+108.559,+108.217,+91.280,+108.776,+118.905,+89.196,+137.774,+117.866,+128.318,+109.300,+97.234,+103.073,+100.966,+96.538,+101.059,+97.988,+104.762,+99.222,+98.674,+103.893,+102.735,+96.062,+99.044,+104.909,+100.062,+95.105,+95.815,+103.858,+101.079,+102.521
0,90,+76.157,+115.467,+117.313,+96.466,+97.255,+94.591,+149.522,+131.607,+81.089,+98.809,+88.779,+106.154,+105.842,+55.443,+85.461,+110.063,+127.343,+103.577,+138.861,+126.553,+101.521,+97.042,+104.499,+100.915,+96.080,+103.375,+95.780,+95.351,+97.767,+96.674,+96.979,+102.910,+97.983,+98.797,+96.877,+102.314,+97.612,+97.253,+101.109,+101.095
0,91,+58.144,+110.638,+90.421,+111.157,+69.247,+120.620,+148.488,+128.143,+80.740,+118.190,+112.388,+72.757,+125.420,+100.587,+132.813,+124.107,+59.008,+114.962,+122.903,+75.796,+104.814,+102.043,+99.628,+97.268,+97.068,+96.643,+98.062,+103.543,+97.183,+101.074,+101.948,+95.640,+100.921,+101.471,+100.525,+104.163,+96.592,+104.281,+96.259,+95.819
0,92,+115.211,+134.772,+113.177,+73.760,+121.126,+92.379,+53.827,+78.652,+54.827,+94.803,+143.536,+122.233,+115.045,+102.609,+125.171,+113.414,+109.792,+113.746,+107.826,+82.772,+96.391,+97.188,+103.182,+96.356,+100.445,+104.374,+95.590,+103.967,+99.319,+102.949,+97.188,+101.006,+101.070,+102.109,+95.091,+102.750,+100.557,+97.720,+103.411,+97.286
0,93,+101.278,+153.298,+104.005,+108.576,+143.804,+102.700,+115.069,+100.602,+95.555,+119.407,+72.161,+129.357,+68.933,+117.802,+110.840,+96.332,+95.022,+117.443,+107.673,+94.752,+95.122,+104.379,+95.053,+102.265,+101.870,+96.896,+103.743,+95.057,+103.243,+101.871,+99.673,+96.891,+98.421,+100.669,+104.774,+98.580,+95.787,+99.952,+95.651,+100.872
0,94,+90.041,+114.507,+122.412,+102.175,+76.839,+153.539,+131.940,+95.424,+116.167,+106.279,+119.081,+79.532,+112.707,+112.218,+106.537,+120.178,+74.668,+132.867,+84.907,+105.718,+99.723,+95.777,+99.042,+98.306,+96.087,+95.889,+96.629,+97.276,+103.226,+104.265,+99.803,+100.564,+104.129,+99.600,+97.842,+97.312,+97.142,+98.764,+101.039,+101.652
0,95,+127.947,+107.510,+103.522,+153.620,+108.037,+99.941,+130.207,+81.301,+122.889,+73.277,+119.678,+114.506,+97.067,+105.337,+99.912,+114.565,+94.209,+98.295,+119.430,+142.721,+99.809,+98.148,+102.225,+103.959,+96.654,+101.353,+103.561,+96.755,+101.215,+104.779,+104.602,+104.745,+101.960,+101.663,+103.619,+97.854,+95.848,+102.535,+102.572,+100.131
0,96,+132.516,+100.916,+108.912,+112.863,+73.151,+92.308,+110.463,+79.532,+124.572,+60.242,+104.608,+125.410,+135.701,+111.861,+108.740,+114.635,+87.212,+96.594,+95.604,+142.614,+98.235,+102.236,+95.232,+102.296,+103.783,+101.307,+97.113,+101.255,+101.191,+99.756,+98.382,+97.498,+100.020,+102.058,+103.307,+102.756,+99.812,+103.423,+99.125,+100.837
0,97,+109.470,+112.463,+94.870,+85.833,+91.144,+117.309,+145.081,+87.897,+101.953,+88.618,+143.065,+103.722,+80.358,+108.039,+113.499,+148.672,+139.729,+94.866,+125.322,+105.556,+102.966,+97.519,+98.093,+103.313,+98.652,+104.495,+102.277,+96.292,+104.276,+98.448,+95.783,+95.168,+104.586,+103.092,+95.739,+104.379,+103.691,+103.274,+97.954,+101.800
0,98,+138.940,+105.528,+141.175,+84.901,+139.920,+135.041,+93.049,+107.275,+144.089,+113.082,+106.282,+93.432,+79.948,+103.759,+89.319,+104.994,+144.172,+148.703,+120.936,+102.433,+98.588,+95.006,+101.980,+97.697,+100.456,+101.078,+103.063,+95.494,+103.356,+104.247,+96.752,+95.100,+102.960,+103.277,+96.460,+97.475,+100.966,+100.911,+103.676,+96.196
0,99,+89.929,+122.381,+125.191,+153.551,+91.414,+117.496,+94.394,+137.745,+88.876,+113.135,+130.697,+116.135,+125.706,+112.053,+122.548,+97.441,+78.763,+98.177,+53.905,+149.804,+99.533,+96.719,+101.220,+99.473,+97.353,+98.950,+100.368,+100.117,+103.464,+99.322,+101.297,+104.590,+102.666,+103.535,+103.923,+101.497,+99.981,+99.668,+103.799,+99.594
0,100,+111.577,+84.354,+126.552,+118.566,+82.378,+142.953,+84.397,+152.147,+93.568,+125.558,+83.284,+110.140,+89.814,+108.402,+92.618,+114.463,+83.208,+117.276,+108.184,+91.712,+100.109,+103.254,+104.364,+96.755,+102.816,+98.912,+95.870,+101.201,+99.297,+102.655,+97.713,+95.027,+100.108,+100.974,+100.827,+103.042,+95.332,+100.366,+103.173,+104.683
0,101,+106.034,+103.845,+117.241,+103.162,+93.755,+114.301,+96.942,+96.425,+81.873,+146.020,+102.714,+85.985,+100.931,+92.798,+118.752,+93.687,+126.570,+91.261,+135.275,+114.004,+96.278,+101.593,+101.326,+95.377,+102.900,+95.677,+97.118,+101.020,+103.980,+100.039,+98.019,+102.057,+97.778,+95.098,+97.954,+103.913,+100.683,+100.251,+98.794,+104.682
0,102,+128.350,+86.743,+112.794,+145.120,+82.993,+84.743,+92.980,+115.682,+98.587,+116.187,+114.203,+95.819,+127.537,+98.204,+54.070,+115.583,+105.238,+124.638,+128.777,+125.143,+100.240,+100.819,+95.182,+103.589,+102.706,+103.317,+96.172,+95.387,+95.249,+98.291,+96.955,+100.174,+99.590,+95.260,+98.519,+102.205,+95.449,+103.638,+103.094,+101.874
0,103,+111.810,+117.031,+135.266,+107.208,+114.305,+83.432,+113.770,+114.310,+100.633,+85.664,+103.805,+94.901,+85.743,+100.995,+125.911,+61.248,+74.819,+99.400,+112.832,+141.563,+102.293,+97.733,+104.417,+97.556,+101.739,+101.971,+101.360,+104.722,+96.847,+95.155,+104.184,+95.420,+96.224,+98.407,+95.784,+95.761,+100.648,+97.993,+103.951,+102.419
0,104,+114.478,+142.968,+78.360,+117.154,+118.040,+107.114,+78.317,+76.432,+140.132,+129.221,+98.115,+94.892,+115.051,+81.537,+88.433,+73.686,+82.005,+111.769,+121.395,+111.824,+97.922,+100.752,+95.239,+98.960,+102.144,+99.350,+95.495,+103.373,+99.809,+99.378,+103.199,+97.559,+103.198,+97.022,+98.522,+98.965,+101.428,+103.075,+98.811,+101.345
0,105,+93.894,+93.679,+57.490,+100.728,+133.104,+149.945,+105.648,+114.407,+122.157,+104.351,+91.166,+112.748,+107.107,+106.038,+86.755,+110.959,+134.733,+151.492,+113.885,+120.635,+104.700,+97.006,+96.821,+101.346,+102.448,+103.254,+99.644,+99.157,+103.137,+100.029,+99.673,+96.823,+101.715,+100.584,+96.688,+101.796,+99.402,+96.783,+97.391,+102.591
0,106,+147.031,+132.560,+99.272,+115.075,+99.918,+83.918,+66.076,+114.735,+86.891,+117.455,+95.198,+128.328,+64.440,+119.480,+114.676,+85.705,+58.227,+109.876,+89.522,+108.733,+104.608,+100.878,+103.258,+99.903,+100.938,+104.609,+98.879,+102.351,+101.092,+100.088,+103.107,+102.773,+104.809,+103.411,+103.794,+103.723,+102.305,+95.167,+95.144,+97.699
0,107,+114.161,+66.876,+106.466,+133.098,+144.466,+110.087,+120.753,+99.867,+92.987,+144.555,+120.197,+81.323,+130.420,+114.243,+150.661,+141.038,+129.631,+109.633,+94.752,+76.787,+103.946,+104.505,+104.469,+104.535,+103.233,+102.188,+103.905,+104.077,+104.361,+97.623,+102.396,+100.228,+95.567,+101.543,+101.499,+99.677,+101.487,+98.231,+102.941,+102.559
0,108,+96.876,+69.556,+103.911,+115.053,+89.673,+113.834,+114.326,+98.502,+102.160,+118.940,+77.715,+97.396,+82.619,+106.399,+113.518,+81.069,+97.875,+102.745,+118.050,+102.022,+99.167,+96.250,+97.570,+98.864,+96.269,+96.035,+96.104,+104.869,+101.453,+96.101,+99.347,+99.881,+96.415,+99.732,+95.013,+104.394,+95.785,+104.759,+103.401,+97.242
0,109,+99.096,+96.662,+91.300,+111.901,+134.441,+92.854,+119.489,+104.372,+110.700,+116.279,+97.278,+155.637,+96.742,+85.515,+93.256,+104.414,+97.090,+114.640,+102.470,+103.665,+102.706,+102.585,+104.615,+95.029,+96.004,+104.836,+100.275,+98.923,+101.010,+97.637,+98.730,+96.035,+95.916,+104.285,+98.674,+95.648,+104.431,+95.327,+97.928,+95.527
0,110,+127.524,+121.408,+66.479,+103.266,+112.890,+123.617,+112.698,+106.432,+124.536,+133.243,+111.162,+146.198,+106.722,+86.205,+96.810,+83.258,+126.341,+131.557,+140.662,+108.950,+100.726,+97.750,+101.048,+100.362,+95.612,+104.868,+102.639,+101.553,+100.844,+103.059,+95.058,+95.258,+101.261,+100.871,+96.442,+104.118,+103.773,+100.532,+104.312,+102.543
0,111,+113.238,+92.375,+73.982,+126.320,+123.199,+112.615,+102.570,+105.488,+145.655,+132.056,+114.237,+85.079,+71.225,+80.207,+89.978,+132.612,+83.242,+167.385,+90.901,+90.661,+98.044,+96.545,+104.067,+98.967,+104.320,+97.088,+104.927,+95.826,+102.674,+98.316,+104.102,+98.569,+99.340,+98.681,+96.845,+98.484,+104.777,+100.484,+100.912,+104.282
0,112,+72.730,+97.265,+118.507,+85.105,+107.806,+78.404,+98.610,+75.320,+112.368,+63.738,+111.901,+119.988,+88.394,+125.457,+120.981,+102.008,+80.588,+76.254,+120.903,+115.161,+99.481,+104.462,+95.458,+102.441,+95.193,+101.262,+96.934,+101.024,+100.749,+104.747,+97.944,+95.270,+95.496,+100.203,+95.516,+101.486,+102.752,+96.293,+97.692,+103.387
0,113,+140.970,+110.661,+114.236,+66.538,+97.581,+76.099,+90.833,+112.384,+113.719,+113.349,+108.190,+87.340,+113.353,+95.621,+87.255,+104.496,+91.513,+95.765,+117.469,+126.745,+100.689,+97.950,+96.909,+99.634,+99.541,+98.211,+96.022,+102.697,+98.543,+104.777,+97.855,+101.849,+103.584,+95.583,+99.610,+97.574,+98.884,+101.000,+95.737,+101.473
0,114,+123.929,+77.182,+110.592,+96.376,+119.307,+118.678,+89.231,+130.250,+105.962,+94.217,+111.246,+84.566,+118.839,+93.491,+118.572,+91.531,+119.731,+111.360,+140.437,+105.451,+98.800,+102.608,+103.346,+96.103,+103.276,+103.062,+100.376,+99.876,+104.294,+102.357,+100.705,+101.099,+96.581,+97.370,+101.859,+99.002,+98.738,+103.030,+100.306,+100.798
0,115,+115.552,+88.482,+107.779,+125.992,+129.883,+120.113,+110.001,+129.741,+131.194,+122.537,+83.331,+76.577,+146.103,+116.003,+103.605,+140.815,+82.450,+132.293,+83.668,+110.362,+102.165,+99.340,+98.895,+96.269,+104.249,+97.478,+100.956,+96.558,+100.980,+99.277,+95.850,+95.965,+101.249,+98.696,+101.946,+103.918,+100.597,+104.034,+101.557,+101.456
0,116,+88.722,+109.851,+71.778,+119.349,+115.373,+106.446,+122.913,+132.296,+118.644,+118.878,+122.563,+121.441,+141.897,+108.696,+137.058,+93.253,+96.044,+102.245,+109.086,+89.343,+101.715,+104.352,+103.967,+98.699,+104.949,+96.950,+96.694,+102.275,+98.195,+99.063,+95.884,+103.377,+101.178,+104.440,+101.754,+100.559,+100.879,+104.578,+101.771,+98.725
0,117,+88.614,+123.641,+100.586,+145.543,+88.824,+101.992,+134.191,+138.052,+92.656,+76.915,+86.820,+132.914,+102.896,+103.244,+82.173,+117.130,+127.942,+107.653,+99.702,+96.184,+98.549,+100.308,+104.273,+104.855,+97.913,+96.643,+96.219,+97.787,+99.297,+101.987,+97.399,+99.183,+99.264,+103.543,+98.986,+103.549,+104.962,+104.145,+103.373,+99.213
0,118,+98.386,+96.808,+78.705,+117.241,+123.922,+104.346,+141.770,+169.150,+89.653,+83.282,+90.279,+97.733,+107.551,+100.859,+131.189,+152.070,+127.087,+159.255,+150.454,+107.029,+99.104,+99.195,+102.176,+104.550,+101.151,+95.834,+100.804,+102.113,+97.959,+96.614,+104.773,+97.236,+98.505,+98.128,+95.983,+96.116,+98.692,+95.315,+101.015,+95.782
0,119,+115.238,+105.802,+69.234,+111.991,+62.313,+99.164,+110.873,+131.946,+84.379,+120.653,+110.873,+109.668,+98.264,+102.729,+97.035,+89.172,+139.714,+77.510,+97.617,+99.260,+101.950,+102.274,+100.612,+95.512,+97.764,+103.339,+96.987,+102.393,+95.981,+99.013,+97.738,+104.846,+102.818,+95.181,+98.398,+95.763,+96.843,+97.682,+98.075,+97.606
0,120,+101.299,+52.995,+104.418,+128.240,+120.584,+54.744,+149.069,+85.135,+85.792,+105.699,+116.990,+110.905,+67.778,+95.280,+87.789,+130.063,+104.153,+100.102,+123.443,+111.994,+102.095,+104.220,+95.764,+95.929,+95.326,+100.390,+103.578,+95.424,+102.494,+103.414,+103.452,+104.097,+99.894,+103.874,+101.714,+99.007,+103.048,+96.120,+98.493,+96.132
0,121,+81.748,+103.362,+142.209,+122.098,+84.452,+135.408,+136.913,+142.818,+146.746,+83.540,+132.641,+102.028,+88.965,+122.763,+141.126,+94.027,+82.314,+125.011,+122.169,+100.855,+104.834,+100.614,+95.896,+99.366,+102.689,+103.920,+96.996,+104.048,+99.667,+97.438,+97.132,+101.712,+99.174,+99.248,+96.551,+103.322,+96.968,+104.901,+98.072,+96.146
0,122,+81.651,+92.964,+141.140,+101.838,+123.234,+64.431,+95.433,+101.993,+122.482,+78.481,+92.725,+116.058,+85.438,+113.131,+139.039,+94.223,+158.263,+156.173,+99.962,+105.838,+95.943,+96.158,+96.600,+99.711,+99.340,+103.551,+97.573,+101.780,+102.343,+100.911,+103.699,+101.495,+100.196,+98.490,+98.693,+99.871,+96.441,+95.476,+95.500,+96.502
0,123,+115.400,+110.700,+117.273,+127.651,+118.847,+93.361,+114.030,+69.553,+124.592,+103.862,+75.511,+83.970,+139.329,+106.101,+125.990,+114.106,+80.510,+104.736,+86.381,+105.858,+96.436,+101.361,+100.276,+103.308,+103.511,+102.600,+99.684,+95.988,+99.074,+98.666,+104.054,+101.279,+104.721,+102.977,+102.381,+97.414,+103.925,+97.042,+99.398,+98.977
0,124,+109.971,+66.499,+143.690,+103.966,+120.293,+110.756,+110.823,+111.952,+110.629,+138.500,+83.011,+118.957,+103.893,+117.690,+127.696,+104.113,+108.625,+112.327,+61.980,+81.231,+100.518,+100.247,+96.871,+97.746,+102.069,+101.924,+102.834,+100.091,+96.735,+103.669,+99.549,+102.613,+98.843,+103.706,+102.729,+102.820,+97.258,+97.171,+99.912,+95.846
0,125,+114.245,+80.103,+119.267,+113.130,+127.511,+127.305,+100.294,+77.645,+121.991,+106.039,+96.465,+102.176,+102.997,+146.013,+103.320,+119.674,+120.368,+137.704,+70.033,+109.925,+104.209,+100.452,+96.920,+96.198,+102.376,+104.990,+102.169,+104.268,+97.483,+101.188,+96.481,+101.467,+96.033,+100.622,+95.180,+101.031,+95.005,+104.713,+96.294,+100.434
0,126,+108.583,+130.661,+97.625,+152.935,+112.510,+113.272,+122.371,+135.017,+124.605,+117.480,+72.377,+106.177,+94.144,+131.758,+101.110,+148.329,+90.249,+89.043,+96.213,+89.555,+97.421,+103.839,+100.064,+96.165,+95.001,+102.191,+99.087,+96.488,+100.217,+101.371,+102.562,+98.329,+102.859,+97.107,+97.389,+100.238,+101.428,+97.130,+99.386,+95.519
0,127,+97.376,+129.680,+109.485,+130.723,+113.505,+133.205,+139.226,+112.374,+93.501,+109.740,+109.924,+146.324,+118.272,+110.750,+83.716,+88.266,+91.961,+60.160,+59.298,+114.389,+102.018,+102.531,+101.874,+97.335,+100.434,+95.668,+104.628,+97.330,+96.000,+100.236,+95.670,+98.994,+96.896,+103.897,+95.091,+103.403,+97.415,+100.666,+98.133,+96.112
0,128,+95.595,+59.288,+119.890,+99.896,+104.081,+84.571,+119.227,+133.813,+87.584,+110.538,+151.499,+85.099,+127.360,+79.694,+119.477,+108.522,+81.572,+123.726,+136.544,+122.993,+104.983,+102.744,+103.756,+100.690,+98.220,+97.282,+102.451,+95.959,+102.408,+101.027,+103.630,+97.676,+102.570,+95.066,+99.568,+97.670,+104.631,+103.156,+103.974,+99.434
0,129,+122.169,+100.252,+94.914,+83.087,+90.747,+102.639,+112.854,+133.933,+104.165,+92.924,+93.025,+86.957,+116.207,+137.798,+107.990,+119.759,+104.073,+111.791,+97.643,+107.750,+99.399,+102.771,+98.353,+95.877,+95.167,+97.895,+96.376,+96.221,+98.626,+96.981,+97.140,+96.018,+102.029,+101.821,+98.475,+96.865,+103.918,+96.000,+95.382,+104.504
0,130,+85.036,+126.541,+101.078,+133.668,+127.291,+125.491,+104.120,+98.581,+91.477,+89.923,+118.940,+108.292,+90.042,+128.959,+73.071,+110.733,+116.446,+114.789,+115.272,+95.453,+97.573,+98.664,+99.791,+96.331,+104.220,+101.831,+95.765,+99.694,+102.234,+100.095,+101.850,+102.347,+102.231,+101.478,+101.451,+98.656,+100.342,+103.371,+98.652,+101.167
0,131,+104.040,+81.464,+122.133,+113.947,+95.455,+129.971,+108.004,+66.701,+93.228,+96.219,+80.942,+110.533,+84.356,+103.499,+126.642,+114.578,+82.965,+137.527,+92.962,+70.861,+98.508,+103.867,+98.645,+101.897,+103.987,+102.312,+102.852,+104.422,+95.069,+100.015,+104.138,+96.413,+101.515,+101.739,+100.287,+101.809,+96.684,+102.081,+97.851,+96.065
0,132,+142.686,+104.319,+70.529,+108.893,+90.193,+116.128,+117.749,+88.503,+95.852,+102.421,+105.019,+102.406,+90.351,+89.607,+114.792,+91.164,+105.890,+73.638,+90.571,+92.059,+100.889,+103.307,+97.604,+104.799,+104.651,+98.952,+97.496,+96.381,+101.791,+99.817,+96.772,+95.087,+104.751,+100.992,+99.006,+98.442,+102.744,+104.112,+98.311,+97.412
0,133,+104.023,+92.527,+150.710,+100.145,+78.759,+86.485,+69.347,+111.061,+112.223,+89.065,+83.639,+96.894,+98.112,+147.823,+63.562,+108.021,+97.075,+99.795,+127.949,+117.190,+96.475,+104.487,+99.308,+102.181,+100.568,+101.378,+100.269,+100.202,+102.521,+100.766,+103.588,+102.500,+102.720,+96.200,+95.963,+104.538,+100.157,+101.494,+102.947,+95.765
0,134,+116.163,+109.096,+105.405,+130.781,+141.686,+118.290,+88.131,+99.550,+123.324,+80.311,+91.066,+143.098,+59.937,+87.884,+123.839,+109.663,+114.626,+121.954,+108.764,+148.054,+103.513,+96.098,+96.556,+103.971,+104.283,+95.467,+101.304,+99.565,+102.741,+99.321,+96.155,+103.128,+102.730,+99.914,+95.961,+96.039,+103.817,+98.375,+99.834,+102.576
0,135,+80.286,+132.001,+87.897,+114.391,+79.268,+109.346,+131.034,+120.778,+114.807,+123.234,+135.346,+119.687,+105.625,+139.104,+111.393,+109.022,+140.616,+103.755,+105.822,+96.002,+103.530,+99.453,+100.787,+96.424,+100.210,+96.705,+100.521,+104.402,+104.935,+95.870,+95.141,+104.679,+99.874,+102.672,+96.259,+98.383,+97.395,+96.629,+100.625,+100.760
0,136,+81.875,+102.975,+91.975,+135.064,+102.806,+75.660,+88.640,+114.546,+84.199,+100.501,+97.905,+102.300,+51.682,+57.886,+53.703,+119.242,+102.745,+114.398,+102.307,+77.660,+101.923,+96.472,+101.483,+99.443,+95.825,+103.423,+103.467,+100.457,+100.994,+98.660,+95.814,+95.334,+104.828,+96.175,+96.486,+95.074,+100.506,+97.795,+100.465,+100.376
0,137,+100.062,+85.097,+100.658,+118.249,+157.348,+88.109,+99.575,+138.011,+95.305,+108.291,+113.157,+140.021,+80.112,+147.137,+109.872,+121.827,+102.507,+133.532,+112.740,+100.486,+101.138,+98.562,+97.589,+97.434,+99.342,+95.113,+99.202,+102.027,+98.127,+96.088,+98.298,+104.925,+99.401,+102.120,+102.316,+102.128,+97.641,+104.487,+95.779,+95.863
0,138,+102.926,+97.017,+77.205,+117.033,+117.448,+103.494,+121.772,+108.429,+125.329,+74.566,+146.640,+109.015,+121.040,+105.563,+93.950,+91.614,+119.620,+155.117,+97.889,+99.800,+98.090,+97.293,+104.848,+102.155,+102.195,+101.591,+99.677,+99.203,+95.443,+97.329,+102.790,+103.742,+95.446,+104.096,+95.939,+103.824,+100.851,+98.404,+104.531,+101.620
0,139,+105.160,+134.976,+125.962,+116.590,+100.348,+123.714,+105.024,+59.673,+102.036,+101.489,+87.215,+114.422,+102.893,+107.170,+112.566,+111.088,+102.695,+119.577,+126.399,+107.907,+96.635,+102.852,+102.053,+97.348,+100.574,+99.291,+103.279,+95.739,+96.650,+98.817,+103.599,+103.006,+99.229,+99.989,+104.054,+102.338,+97.299,+97.105,+99.986,+96.225
0,140,+124.229,+89.085,+90.619,+151.561,+107.010,+132.701,+96.614,+89.848,+98.654,+100.633,+104.428,+100.764,+108.892,+84.675,+102.780,+112.852,+124.167,+124.873,+95.499,+86.443,+98.608,+99.224,+96.960,+98.293,+100.260,+104.942,+104.122,+104.940,+101.474,+102.664,+96.159,+104.256,+95.758,+98.505,+99.101,+101.276,+100.946,+100.676,+95.714,+96.782
0,141,+100.696,+85.287,+108.057,+94.524,+124.094,+101.599,+94.550,+60.564,+102.803,+90.278,+64.674,+137.732,+99.306,+99.473,+133.559,+115.641,+86.128,+89.780,+124.124,+117.656,+102.599,+101.592,+96.812,+102.277,+104.246,+101.520,+101.428,+102.740,+98.093,+104.527,+96.846,+97.941,+95.975,+97.074,+101.955,+99.130,+102.451,+101.279,+98.277,+98.909
0,142,+99.841,+96.964,+107.170,+79.773,+110.381,+97.259,+96.250,+104.272,+72.902,+108.843,+93.573,+114.403,+92.083,+116.743,+79.294,+124.436,+110.862,+125.189,+88.628,+106.369,+99.268,+104.697,+95.784,+100.353,+95.698,+100.471,+96.064,+100.151,+103.374,+97.726,+95.213,+95.615,+100.752,+102.538,+98.941,+98.370,+100.522,+101.682,+96.923,+102.895
0,143,+102.386,+93.675,+90.135,+130.164,+95.149,+77.902,+127.087,+123.968,+117.886,+102.950,+116.946,+63.513,+79.266,+108.181,+136.865,+87.746,+124.310,+124.267,+96.078,+137.130,+95.196,+100.158,+97.483,+96.161,+95.277,+101.535,+100.425,+97.701,+104.590,+95.524,+102.766,+98.298,+97.303,+104.302,+100.807,+96.440,+104.113,+100.504,+104.842,+98.821
0,144,+117.281,+121.002,+152.259,+73.362,+122.694,+130.326,+137.153,+119.866,+111.458,+160.496,+97.455,+105.268,+112.771,+96.478,+66.829,+65.047,+86.983,+103.048,+68.812,+105.581,+96.151,+101.564,+101.411,+95.954,+102.071,+95.706,+103.369,+99.290,+96.586,+103.174,+97.375,+104.904,+97.263,+95.076,+100.384,+100.445,+100.934,+100.865,+99.429,+99.275
0,145,+105.349,+116.524,+104.660,+70.637,+137.377,+111.727,+97.090,+114.717,+82.134,+74.502,+88.038,+76.232,+83.472,+121.209,+118.981,+92.711,+125.478,+92.571,+116.250,+101.748,+97.523,+98.412,+102.804,+97.667,+98.200,+95.534,+98.885,+102.931,+100.155,+99.159,+101.045,+96.627,+104.803,+95.791,+100.046,+97.708,+97.941,+98.367,+102.760,+99.179
0,146,+118.929,+117.081,+125.151,+123.151,+127.456,+127.117,+120.396,+78.585,+107.323,+147.941,+99.396,+92.471,+134.476,+101.600,+119.823,+147.756,+96.872,+105.568,+95.635,+107.532,+95.363,+99.494,+99.560,+100.700,+104.098,+104.146,+98.448,+96.840,+97.298,+96.730,+95.102,+98.074,+98.453,+102.333,+100.271,+99.728,+101.532,+99.820,+96.691,+104.646
0,147,+73.647,+130.498,+123.669,+119.293,+68.696,+81.024,+105.524,+90.454,+141.478,+133.315,+101.017,+102.034,+86.327,+119.536,+68.807,+146.100,+121.260,+118.635,+127.993,+81.806,+102.009,+103.169,+102.579,+95.741,+97.422,+98.293,+98.424,+104.882,+99.961,+104.564,+95.828,+99.569,+103.662,+102.635,+102.835,+95.372,+104.176,+104.693,+99.168,+100.038
0,148,+107.198,+116.587,+90.307,+101.258,+82.996,+103.669,+98.329,+103.632,+137.928,+120.681,+91.922,+71.203,+115.136,+98.967,+114.439,+103.219,+102.205,+109.504,+125.638,+91.354,+99.014,+103.721,+101.112,+97.206,+100.293,+95.282,+95.531,+101.271,+97.776,+96.435,+104.084,+104.475,+104.283,+97.313,+101.981,+103.393,+102.100,+102.998,+99.542,+95.509
0,149,+112.893,+121.539,+146.997,+84.266,+80.971,+119.294,+121.429,+135.484,+103.252,+98.965,+115.302,+162.744,+119.011,+92.001,+145.074,+120.245,+82.893,+137.794,+145.554,+116.794,+100.798,+100.090,+98.315,+103.591,+102.563,+100.549,+97.352,+99.436,+95.937,+97.375,+103.893,+97.913,+99.484,+102.436,+102.549,+100.053,+103.542,+100.342,+101.364,+104.204
0,150,+116.781,+100.395,+92.156,+108.243,+92.748,+115.328,+108.323,+109.485,+130.303,+120.610,+98.412,+101.217,+100.382,+109.083,+88.303,+125.875,+90.791,+20.309,+105.645,+126.239,+95.411,+104.803,+98.797,+96.143,+102.957,+99.117,+99.957,+100.707,+97.789,+99.696,+102.299,+98.734,+103.976,+99.925,+97.475,+104.617,+100.779,+97.264,+103.286,+101.997
0,151,+92.878,+76.222,+84.584,+151.845,+78.227,+96.433,+104.273,+112.579,+78.878,+83.301,+87.227,+102.776,+86.015,+62.052,+90.484,+94.557,+148.409,+91.677,+106.678,+112.199,+100.153,+101.598,+102.536,+100.499,+99.420,+104.171,+98.598,+98.819,+101.727,+104.461,+96.628,+99.800,+100.092,+104.999,+98.396,+97.416,+103.077,+100.018,+100.102,+99.839
0,152,+110.706,+64.779,+93.947,+114.062,+101.007,+137.773,+133.342,+94.905,+89.111,+154.292,+108.821,+112.000,+61.616,+119.740,+95.945,+107.383,+95.130,+146.390,+122.646,+111.222,+99.992,+102.806,+101.846,+100.330,+96.017,+104.191,+97.791,+99.556,+98.190,+98.320,+101.648,+95.854,+96.085,+102.266,+104.464,+101.968,+95.667,+98.001,+102.123,+96.417
0,153,+99.975,+81.266,+133.126,+137.938,+98.005,+95.603,+87.337,+109.685,+89.905,+102.615,+49.371,+83.404,+123.857,+135.101,+93.703,+156.104,+127.230,+114.064,+105.902,+126.811,+103.340,+100.295,+103.396,+104.837,+95.672,+98.789,+99.133,+97.841,+102.813,+96.449,+103.754,+98.081,+96.165,+100.123,+104.431,+102.331,+96.062,+99.231,+100.645,+97.716
0,154,+108.948,+121.367,+155.967,+78.699,+54.170,+101.506,+115.131,+93.139,+80.542,+90.305,+103.105,+105.860,+102.414,+98.194,+113.361,+108.296,+76.388,+86.235,+112.636,+127.770,+97.483,+95.670,+102.640,+102.415,+95.628,+97.542,+100.628,+95.602,+98.893,+101.097,+96.552,+95.532,+98.777,+101.993,+96.717,+104.647,+97.850,+101.152,+104.624,+98.529
0,155,+122.850,+109.575,+117.697,+98.334,+70.526,+114.178,+99.109,+133.317,+89.001,+131.613,+138.281,+113.801,+119.702,+143.726,+84.951,+108.601,+132.044,+100.887,+117.463,+80.635,+102.517,+99.560,+97.412,+96.129,+98.452,+97.326,+104.942,+97.641,+96.024,+101.560,+95.228,+104.799,+97.529,+103.915,+101.822,+103.521,+95.660,+97.280,+100.570,+95.782
0,156,+100.481,+116.426,+115.749,+119.166,+123.019,+134.254,+95.162,+62.671,+103.712,+151.261,+136.877,+92.943,+122.967,+122.749,+111.904,+77.548,+116.992,+115.940,+116.021,+75.550,+104.468,+103.521,+103.391,+98.408,+101.324,+104.986,+97.929,+99.099,+101.166,+97.381,+100.422,+99.123,+96.715,+95.799,+98.450,+97.904,+102.826,+102.690,+100.218,+96.808
0,157,+89.877,+102.232,+86.235,+131.840,+97.710,+80.407,+95.109,+132.442,+119.495,+104.391,+114.641,+103.355,+122.960,+111.526,+95.987,+91.763,+107.236,+123.965,+90.394,+84.037,+97.659,+95.772,+96.891,+103.145,+99.032,+100.394,+95.336,+104.335,+97.851,+102.426,+102.105,+98.701,+103.607,+98.353,+96.051,+98.647,+96.949,+96.666,+95.474,+95.435
0,158,+108.012,+77.289,+123.656,+103.068,+111.778,+108.257,+94.864,+92.243,+105.870,+129.326,+120.258,+93.185,+109.330,+124.093,+114.172,+129.556,+114.952,+101.174,+85.825,+84.796,+103.931,+95.677,+98.802,+99.509,+102.857,+96.722,+97.346,+99.089,+99.478,+97.529,+96.167,+99.160,+100.492,+99.403,+97.136,+95.615,+101.435,+99.230,+102.271,+100.933
0,159,+122.747,+75.416,+109.927,+113.889,+117.367,+104.496,+114.312,+109.521,+149.861,+79.429,+97.538,+127.402,+109.746,+104.313,+120.064,+132.332,+116.527,+71.409,+107.935,+118.757,+101.243,+104.784,+97.678,+100.295,+104.610,+102.541,+95.588,+102.747,+99.621,+101.078,+102.700,+99.868,+100.844,+99.582,+97.779,+100.071,+103.623,+102.244,+99.250,+103.256
0,160,+87.623,+110.789,+76.547,+108.739,+99.942,+113.519,+76.878,+96.496,+154.054,+156.370,+131.743,+114.627,+130.388,+112.955,+132.971,+144.598,+90.673,+100.482,+120.639,+73.375,+103.872,+101.350,+101.458,+104.160,+98.119,+99.554,+99.290,+99.863,+98.578,+102.275,+103.153,+99.384,+95.375,+97.018,+101.921,+101.732,+95.359,+96.265,+102.420,+97.256
0,161,+126.434,+104.709,+96.776,+64.493,+108.930,+106.090,+125.542,+75.820,+76.982,+88.629,+68.052,+86.382,+105.526,+135.451,+83.409,+113.990,+66.863,+109.546,+42.422,+74.449,+104.546,+102.059,+96.492,+95.781,+101.601,+102.536,+102.293,+104.829,+97.641,+103.872,+103.886,+98.106,+98.104,+99.677,+99.734,+100.477,+98.747,+101.324,+98.711,+104.373
0,162,+106.114,+113.041,+126.915,+97.533,+90.074,+130.193,+71.791,+130.950,+99.443,+117.091,+98.625,+110.461,+101.853,+123.463,+130.052,+135.464,+112.768,+108.067,+84.620,+107.206,+100.131,+95.260,+100.027,+103.630,+97.581,+98.297,+99.574,+95.356,+96.322,+96.854,+101.855,+97.760,+103.408,+104.316,+99.765,+97.791,+98.896,+104.234,+101.779,+95.146
0,163,+101.330,+135.015,+106.265,+86.490,+104.201,+104.470,+83.609,+82.610,+80.627,+105.094,+84.298,+109.693,+149.977,+154.020,+97.794,+136.470,+93.606,+96.668,+53.058,+150.316,+98.220,+95.431,+97.076,+98.899,+102.050,+98.300,+100.749,+102.323,+103.412,+101.403,+96.197,+100.484,+98.647,+96.835,+98.812,+98.233,+99.486,+104.980,+100.444,+103.261
0,164,+87.829,+90.374,+84.470,+76.217,+82.029,+139.332,+73.436,+144.411,+95.299,+104.204,+93.533,+132.450,+110.856,+99.794,+106.186,+109.466,+105.623,+104.725,+128.115,+98.301,+102.378,+100.404,+102.793,+98.665,+95.160,+104.850,+99.626,+97.574,+95.019,+99.161,+102.157,+98.973,+100.812,+101.175,+103.704,+98.553,+100.572,+98.558,+100.687,+100.392
0,165,+108.877,+122.795,+138.582,+146.781,+69.374,+106.458,+76.961,+139.499,+132.890,+77.447,+111.061,+108.364,+124.563,+103.757,+74.091,+108.632,+130.023,+80.440,+143.470,+105.197,+98.248,+95.023,+101.348,+102.211,+100.224,+103.450,+100.495,+96.879,+104.341,+104.034,+104.127,+104.894,+104.924,+101.110,+95.372,+102.801,+96.927,+104.336,+98.285,+99.268
0,166,+85.246,+97.209,+151.848,+183.801,+114.883,+74.469,+98.609,+167.089,+100.146,+138.690,+94.581,+146.470,+79.735,+90.414,+114.942,+88.519,+94.876,+101.937,+127.005,+156.243,+96.139,+95.425,+96.154,+97.409,+97.794,+98.335,+101.495,+100.680,+103.963,+97.748,+104.815,+104.877,+102.039,+99.828,+104.968,+95.543,+96.501,+95.564,+99.300,+95.312
0,167,+89.813,+77.256,+82.056,+129.382,+92.976,+108.141,+94.769,+85.806,+93.651,+132.173,+110.304,+123.593,+129.830,+114.964,+84.024,+67.048,+102.990,+133.912,+90.833,+98.905,+97.505,+101.521,+95.877,+103.642,+98.672,+95.561,+98.715,+103.310,+102.352,+99.979,+101.926,+101.688,+100.912,+96.169,+98.476,+97.513,+98.107,+100.672,+104.060,+103.068
0,168,+139.396,+105.223,+112.763,+112.671,+88.403,+132.784,+139.417,+116.587,+86.975,+145.067,+107.363,+119.158,+97.770,+115.713,+107.786,+101.470,+108.568,+87.693,+139.603,+92.790,+99.186,+97.011,+97.421,+95.992,+95.254,+97.846,+95.345,+95.460,+95.766,+97.639,+101.818,+98.828,+103.149,+96.546,+102.761,+97.216,+98.427,+103.609,+100.587,+101.036
0,169,+90.372,+82.318,+129.018,+99.156,+96.165,+108.756,+64.134,+64.747,+123.156,+131.604,+85.810,+79.911,+101.574,+88.996,+124.362,+139.673,+112.917,+107.855,+132.594,+110.886,+95.289,+98.080,+99.653,+104.702,+98.461,+100.555,+98.823,+96.369,+104.835,+100.749,+99.579,+103.640,+99.624,+95.443,+97.804,+104.916,+104.198,+98.505,+102.722,+95.467
0,170,+102.829,+77.536,+114.357,+92.198,+53.263,+110.599,+106.868,+118.330,+117.159,+79.978,+93.196,+113.254,+125.402,+142.266,+121.732,+62.774,+91.465,+72.534,+61.973,+166.711,+104.049,+102.645,+102.165,+99.635,+96.521,+99.568,+102.279,+99.213,+96.086,+101.261,+101.608,+97.043,+100.425,+100.912,+101.921,+104.467,+96.953,+96.844,+96.061,+98.705
0,171,+135.775,+127.743,+102.379,+99.548,+77.180,+130.547,+132.516,+125.548,+144.812,+105.172,+104.937,+106.077,+65.818,+109.333,+162.694,+136.204,+101.038,+139.967,+95.476,+124.058,+103.992,+103.336,+102.963,+102.796,+101.886,+101.074,+96.332,+104.688,+101.943,+99.859,+97.589,+97.673,+101.042,+100.948,+97.416,+101.481,+97.597,+99.630,+103.147,+95.328
0,172,+121.794,+117.635,+69.951,+114.086,+107.420,+70.364,+85.256,+97.802,+119.405,+99.965,+110.073,+126.714,+95.362,+101.962,+111.969,+113.900,+153.207,+98.420,+119.345,+101.539,+102.964,+103.865,+99.322,+99.599,+98.290,+98.329,+102.209,+96.966,+97.665,+99.519,+99.703,+97.759,+99.312,+95.868,+97.849,+103.782,+104.948,+98.513,+101.409,+102.289
0,173,+104.855,+75.353,+96.725,+97.325,+131.686,+113.867,+167.577,+104.838,+93.647,+92.883,+116.280,+82.766,+84.968,+95.841,+93.028,+136.164,+103.268,+90.977,+72.364,+97.248,+101.537,+96.922,+103.297,+100.663,+96.808,+98.467,+101.373,+102.630,+99.476,+96.230,+98.490,+98.497,+95.526,+98.707,+98.903,+104.669,+104.652,+96.987,+95.150,+103.471
0,174,+92.996,+109.727,+92.835,+85.665,+101.117,+93.746,+112.723,+40.139,+139.166,+93.314,+143.214,+101.588,+64.367,+95.697,+104.058,+105.467,+120.632,+99.236,+66.128,+139.078,+96.709,+96.988,+100.744,+99.751,+98.218,+99.475,+99.736,+104.179,+100.846,+103.439,+98.251,+100.518,+97.663,+102.207,+99.426,+98.844,+97.263,+99.054,+104.284,+103.001
0,175,+102.785,+90.993,+76.930,+103.358,+88.961,+127.131,+124.772,+87.074,+117.106,+129.032,+122.505,+80.402,+135.825,+119.757,+104.360,+104.269,+157.265,+87.185,+118.136,+78.024,+103.377,+96.276,+99.326,+103.112,+102.100,+99.105,+103.941,+101.974,+103.758,+103.292,+98.475,+104.434,+99.642,+102.793,+100.165,+96.046,+100.036,+97.329,+103.044,+96.552
0,176,+129.706,+107.426,+125.283,+105.195,+124.554,+109.212,+44.741,+114.612,+76.430,+87.288,+111.584,+74.485,+97.414,+155.359,+123.813,+113.243,+104.895,+146.728,+75.581,+118.258,+98.464,+99.547,+102.334,+100.301,+103.842,+101.611,+101.045,+98.836,+99.526,+98.965,+96.327,+100.136,+97.706,+102.309,+103.616,+97.995,+96.475,+100.781,+95.883,+97.787
0,177,+106.517,+108.285,+120.955,+121.582,+136.122,+119.337,+120.795,+107.429,+115.397,+125.978,+101.163,+99.224,+96.603,+91.191,+118.450,+94.545,+106.452,+98.469,+151.457,+142.606,+104.176,+101.739,+103.761,+96.293,+104.458,+96.716,+101.227,+95.373,+97.904,+104.548,+100.732,+100.287,+98.378,+96.854,+96.412,+100.705,+101.651,+95.236,+97.719,+103.857
0,178,+134.634,+85.906,+83.188,+129.478,+120.114,+96.844,+95.103,+118.033,+89.571,+90.676,+107.584,+125.226,+134.788,+142.830,+96.989,+84.302,+113.463,+116.582,+124.054,+90.488,+101.186,+104.209,+104.388,+97.030,+101.041,+99.507,+101.907,+98.376,+104.412,+97.349,+103.032,+99.399,+104.870,+95.360,+96.110,+98.522,+101.072,+97.027,+99.262,+95.021
0,179,+113.481,+63.268,+90.706,+112.608,+122.310,+92.029,+100.928,+91.403,+112.448,+101.064,+109.168,+111.110,+116.580,+113.162,+38.689,+104.431,+142.669,+87.509,+150.888,+136.171,+100.577,+96.626,+100.404,+97.320,+96.927,+95.410,+98.566,+101.172,+101.518,+99.868,+104.793,+98.171,+97.804,+100.698,+101.226,+102.865,+95.594,+103.642,+103.036,+101.994
0,180,+98.037,+67.310,+71.740,+117.041,+85.377,+136.477,+94.435,+108.326,+114.180,+116.727,+134.721,+98.708,+114.763,+140.909,+135.892,+98.634,+151.081,+129.284,+127.728,+86.177,+99.512,+104.344,+103.146,+98.001,+98.739,+102.990,+95.237,+104.236,+99.370,+96.515,+102.701,+96.472,+99.031,+95.884,+99.479,+100.759,+100.964,+99.996,+96.882,+96.214
0,181,+90.973,+130.696,+120.886,+90.143,+84.315,+110.621,+104.983,+120.609,+48.621,+112.092,+90.096,+115.349,+122.785,+119.293,+86.878,+68.488,+95.964,+134.965,+154.458,+114.041,+95.700,+95.809,+100.819,+96.442,+100.336,+97.582,+96.960,+99.883,+95.663,+103.966,+101.816,+103.520,+98.958,+99.423,+98.103,+97.390,+96.092,+101.586,+98.127,+103.094
0,182,+108.502,+105.131,+103.258,+93.817,+117.321,+95.530,+110.654,+90.922,+92.865,+105.300,+80.047,+106.287,+108.834,+84.246,+95.625,+83.270,+55.806,+101.791,+73.079,+105.691,+104.976,+104.075,+96.257,+99.391,+100.692,+101.196,+95.899,+95.615,+98.562,+102.290,+103.357,+101.888,+104.300,+104.439,+99.828,+95.009,+100.752,+96.327,+99.928,+99.428
0,183,+112.610,+95.542,+63.654,+96.659,+98.702,+116.328,+125.878,+99.460,+112.714,+114.333,+94.221,+104.113,+72.204,+90.420,+108.427,+115.636,+114.603,+84.128,+76.517,+87.682,+100.702,+96.211,+98.758,+102.547,+95.417,+100.719,+99.143,+96.989,+103.820,+96.508,+97.730,+100.373,+102.302,+103.728,+101.007,+103.044,+102.790,+104.979,+101.087,+102.002
0,184,+62.174,+104.333,+110.080,+126.661,+132.590,+147.207,+68.446,+94.316,+123.709,+109.974,+93.853,+69.471,+75.881,+117.682,+97.985,+70.013,+149.040,+119.235,+109.418,+98.911,+101.718,+99.167,+99.813,+98.545,+103.862,+101.328,+104.210,+101.239,+101.538,+96.763,+103.397,+98.838,+103.401,+101.236,+100.075,+98.068,+96.415,+97.532,+102.670,+97.073
0,185,+110.742,+102.050,+114.457,+106.510,+154.404,+99.445,+103.891,+77.918,+89.033,+95.467,+83.310,+105.996,+100.105,+115.561,+72.131,+98.629,+115.993,+125.878,+118.571,+112.622,+98.557,+102.256,+102.605,+102.953,+99.028,+101.195,+100.785,+104.879,+103.806,+102.976,+96.009,+100.486,+102.518,+102.312,+102.757,+96.981,+97.115,+101.533,+101.282,+98.515
0,186,+100.176,+106.939,+114.270,+98.855,+132.310,+76.190,+119.435,+127.652,+109.704,+98.087,+98.867,+107.843,+106.376,+130.761,+97.203,+98.837,+123.235,+124.708,+114.970,+107.490,+97.936,+96.185,+98.636,+97.914,+99.202,+98.195,+100.187,+101.777,+99.554,+97.594,+96.635,+98.520,+99.055,+99.411,+97.969,+99.649,+98.877,+95.226,+103.339,+103.831
0,187,+99.466,+131.496,+123.847,+118.668,+117.770,+111.737,+108.200,+91.286,+98.837,+101.957,+129.312,+135.928,+113.094,+53.044,+111.747,+112.403,+102.609,+78.818,+102.576,+72.919,+99.059,+97.299,+100.497,+97.442,+101.015,+98.155,+104.196,+97.037,+96.773,+102.254,+101.152,+98.498,+103.359,+99.398,+95.209,+99.912,+96.163,+97.471,+100.870,+100.027
0,188,+114.171,+116.038,+125.078,+104.668,+111.492,+73.417,+86.577,+92.117,+124.048,+86.121,+110.200,+121.196,+102.933,+104.161,+87.200,+65.578,+110.031,+117.333,+84.518,+111.461,+96.070,+97.998,+96.009,+99.427,+96.000,+103.572,+102.208,+101.616,+100.231,+100.964,+98.655,+96.222,+98.761,+102.136,+95.976,+98.063,+101.908,+104.772,+102.768,+100.181
0,189,+118.363,+118.608,+79.891,+102.020,+89.198,+105.853,+125.133,+112.091,+112.097,+134.467,+68.547,+124.678,+89.650,+81.260,+145.697,+134.769,+120.445,+133.441,+85.103,+115.045,+101.463,+96.263,+95.269,+95.702,+98.676,+95.738,+104.106,+102.290,+97.588,+100.379,+96.146,+98.283,+99.332,+100.748,+95.519,+104.454,+99.226,+97.154,+103.381,+99.856
0,190,+101.904,+86.582,+89.803,+84.033,+51.318,+123.321,+135.595,+94.772,+112.975,+107.385,+83.986,+75.851,+55.839,+103.524,+105.471,+84.491,+108.134,+89.673,+79.888,+96.632,+95.479,+104.517,+95.031,+104.591,+96.764,+98.220,+101.833,+103.909,+95.387,+101.060,+96.386,+97.219,+96.969,+99.931,+97.419,+95.275,+104.400,+103.258,+101.795,+103.981
0,191,+124.739,+114.318,+131.766,+116.848,+75.711,+119.618,+144.746,+147.800,+118.256,+117.462,+159.881,+97.587,+136.575,+132.241,+118.998,+109.441,+108.388,+108.788,+120.170,+127.866,+101.229,+102.620,+99.819,+97.382,+97.356,+100.120,+101.685,+100.230,+100.041,+100.011,+97.527,+102.914,+96.698,+99.928,+97.703,+104.482,+101.232,+104.172,+102.856,+99.990
0,192,+107.033,+96.510,+125.827,+87.946,+108.932,+80.521,+123.755,+113.635,+126.662,+120.163,+118.734,+87.337,+105.761,+103.216,+77.297,+112.050,+109.539,+156.425,+124.195,+112.472,+102.266,+99.249,+103.750,+99.127,+101.312,+100.690,+99.423,+99.877,+103.694,+104.199,+95.003,+101.277,+98.683,+103.073,+104.403,+99.101,+104.678,+97.601,+96.960,+96.352
0,193,+112.709,+144.601,+126.061,+114.891,+117.254,+98.435,+107.376,+123.408,+120.387,+156.314,+74.520,+96.314,+121.145,+98.238,+93.152,+111.987,+86.361,+119.876,+101.824,+88.522,+96.330,+99.603,+98.444,+101.124,+96.768,+98.013,+98.267,+101.069,+98.240,+102.472,+101.782,+102.922,+104.578,+102.009,+98.247,+99.841,+99.170,+102.294,+96.715,+102.487
0,194,+75.009,+115.279,+106.946,+91.072,+147.040,+118.576,+132.620,+131.091,+100.581,+133.670,+121.910,+94.562,+71.142,+133.636,+123.047,+105.846,+87.291,+55.161,+73.829,+106.931,+98.093,+95.170,+95.209,+100.528,+103.844,+98.933,+103.849,+97.595,+96.332,+99.071,+101.859,+101.059,+103.692,+96.509,+100.741,+100.222,+102.693,+98.115,+100.826,+99.215
0,195,+91.937,+124.818,+91.428,+100.572,+118.790,+126.101,+126.537,+93.124,+126.263,+94.731,+97.624,+69.871,+65.362,+135.467,+112.482,+105.343,+111.735,+130.993,+90.168,+106.281,+95.762,+103.973,+104.448,+100.873,+97.759,+95.610,+100.933,+96.546,+96.059,+98.024,+99.471,+103.055,+95.650,+98.843,+96.689,+99.215,+99.575,+96.026,+97.205,+96.728
0,196,+79.518,+131.633,+142.118,+102.579,+130.874,+103.368,+80.022,+105.869,+122.292,+97.797,+146.363,+107.777,+98.309,+93.818,+111.667,+108.164,+137.300,+123.073,+111.997,+95.324,+95.427,+103.512,+95.316,+97.858,+98.847,+97.663,+97.890,+100.596,+100.920,+95.750,+104.698,+103.436,+104.366,+98.256,+97.691,+100.435,+95.981,+102.618,+96.488,+103.254
0,197,+115.050,+123.858,+62.978,+148.722,+72.783,+99.135,+116.246,+117.527,+95.255,+77.746,+94.929,+67.478,+115.372,+76.619,+60.255,+121.461,+110.948,+132.419,+118.615,+95.921,+104.104,+95.748,+103.694,+102.402,+97.947,+101.377,+98.907,+96.221,+97.513,+98.761,+102.678,+103.904,+100.852,+102.195,+95.309,+95.496,+102.319,+97.999,+103.093,+103.794
0,198,+123.796,+149.991,+119.388,+156.503,+95.112,+52.156,+97.914,+82.619,+98.589,+72.945,+78.725,+80.963,+85.440,+124.228,+117.067,+115.232,+107.102,+98.383,+121.711,+84.773,+98.362,+99.264,+98.948,+99.354,+100.513,+104.280,+96.493,+102.316,+103.644,+103.744,+101.427,+97.123,+102.756,+99.536,+102.633,+101.724,+99.486,+103.207,+95.496,+100.718
0,199,+99.394,+116.604,+142.376,+80.367,+98.083,+144.008,+125.651,+77.499,+73.428,+120.044,+92.166,+111.734,+93.217,+114.338,+122.447,+132.988,+93.600,+104.584,+82.801,+105.083,+99.113,+100.554,+101.624,+104.151,+96.005,+96.919,+99.873,+103.959,+99.305,+99.582,+103.990,+100.641,+96.291,+104.122,+103.094,+104.728,+95.205,+95.495,+99.247,+96.465
0,200,+83.119,+100.166,+114.951,+135.279,+96.400,+118.720,+101.183,+98.603,+107.116,+140.825,+87.659,+124.594,+128.566,+109.565,+124.332,+105.260,+79.074,+133.386,+81.896,+84.390,+102.819,+103.423,+99.005,+96.762,+95.736,+99.958,+103.644,+104.354,+104.619,+103.138,+98.025,+100.495,+99.958,+102.864,+96.043,+101.067,+103.439,+104.132,+101.218,+99.217
0,201,+103.681,+83.666,+99.813,+108.993,+124.113,+109.251,+131.299,+128.881,+102.818,+85.400,+121.427,+79.836,+84.822,+73.924,+136.286,+86.764,+86.710,+137.887,+79.314,+114.232,+98.596,+104.640,+97.034,+102.051,+104.526,+95.323,+102.558,+104.577,+96.961,+102.402,+95.394,+104.833,+96.403,+103.460,+102.678,+96.578,+97.443,+99.718,+101.661,+95.937
0,202,+119.537,+122.515,+117.471,+77.259,+83.911,+119.403,+127.939,+134.927,+72.066,+76.370,+55.192,+80.016,+94.591,+135.688,+125.201,+121.981,+96.405,+54.269,+148.158,+95.584,+103.876,+98.935,+95.047,+96.527,+101.670,+99.054,+103.407,+98.234,+104.636,+102.434,+104.211,+95.425,+99.715,+99.415,+97.914,+101.412,+100.610,+99.090,+99.783,+103.153
0,203,+80.818,+95.022,+121.314,+89.936,+100.601,+72.819,+83.229,+123.992,+115.362,+123.237,+73.551,+91.187,+70.444,+86.700,+122.167,+115.696,+123.016,+95.470,+96.037,+134.009,+101.060,+102.825,+102.108,+96.991,+100.066,+100.777,+103.644,+97.915,+98.995,+101.239,+97.289,+101.472,+103.118,+95.638,+102.196,+103.929,+99.614,+102.365,+100.899,+104.906
0,204,+81.975,+79.844,+106.205,+113.786,+45.261,+114.826,+85.332,+113.181,+99.722,+99.156,+121.797,+88.753,+117.500,+93.328,+134.549,+132.378,+97.947,+140.307,+154.652,+129.163,+95.960,+98.983,+99.768,+96.457,+98.941,+100.646,+98.073,+97.634,+97.532,+101.954,+104.797,+97.831,+98.055,+102.610,+96.799,+100.034,+99.767,+96.764,+99.525,+99.915
0,205,+95.593,+104.243,+93.946,+109.044,+102.008,+104.934,+100.293,+102.779,+86.616,+148.039,+127.950,+105.297,+78.068,+75.081,+104.600,+164.969,+102.571,+112.289,+112.746,+94.153,+100.314,+95.599,+97.810,+96.199,+104.869,+99.007,+96.935,+101.594,+99.039,+96.951,+103.750,+95.517,+99.906,+95.639,+98.597,+101.299,+99.419,+96.543,+98.341,+102.434
0,206,+122.089,+146.176,+120.129,+99.128,+91.129,+98.215,+131.260,+87.960,+106.297,+105.250,+73.979,+95.141,+148.675,+103.682,+107.043,+85.760,+106.681,+122.240,+103.522,+102.825,+95.660,+101.893,+103.727,+99.790,+97.762,+99.322,+95.734,+96.767,+100.769,+104.135,+96.351,+97.171,+96.659,+100.461,+100.066,+95.448,+104.688,+100.187,+100.419,+97.210
0,207,+101.702,+116.898,+60.107,+97.836,+58.011,+106.291,+87.796,+75.041,+80.078,+141.227,+93.772,+108.545,+74.610,+102.466,+137.694,+99.568,+116.526,+107.646,+88.775,+145.260,+99.721,+95.311,+103.413,+99.649,+101.908,+99.832,+97.741,+101.334,+104.363,+98.978,+99.866,+103.061,+96.919,+98.180,+100.426,+103.046,+96.880,+98.590,+100.251,+100.548
0,208,+110.340,+46.878,+107.992,+114.121,+85.981,+139.127,+131.626,+124.620,+91.094,+101.370,+134.347,+118.111,+116.213,+114.566,+117.435,+100.702,+130.715,+111.038,+145.528,+106.032,+104.707,+102.903,+103.964,+101.563,+99.637,+104.329,+103.167,+95.369,+98.523,+102.470,+99.244,+101.768,+95.119,+96.536,+100.492,+96.733,+102.083,+95.675,+97.771,+101.512
0,209,+109.346,+112.731,+109.619,+98.472,+77.100,+100.607,+119.028,+25.669,+82.421,+111.675,+106.370,+93.744,+88.117,+86.815,+92.435,+109.363,+126.383,+85.001,+75.785,+88.800,+98.697,+100.448,+95.960,+104.058,+96.598,+103.814,+96.506,+104.849,+104.529,+98.783,+95.606,+103.413,+100.180,+102.598,+102.733,+103.218,+102.076,+97.520,+104.605,+96.233
0,210,+115.320,+129.689,+71.127,+121.502,+105.016,+130.868,+90.260,+98.046,+83.241,+92.341,+152.277,+87.904,+129.621,+126.009,+124.129,+133.634,+88.201,+80.186,+106.062,+92.763,+103.797,+97.195,+97.926,+99.912,+95.800,+100.157,+100.378,+98.282,+96.013,+102.395,+101.549,+103.208,+103.693,+102.665,+96.046,+101.125,+102.299,+100.898,+98.613,+100.448
0,211,+118.978,+70.447,+101.468,+119.980,+128.435,+115.389,+113.771,+66.865,+135.205,+99.745,+117.057,+98.558,+90.600,+94.633,+96.560,+70.716,+132.248,+122.328,+112.227,+117.917,+97.389,+103.023,+100.605,+95.191,+99.952,+95.164,+97.919,+98.181,+98.299,+100.946,+102.947,+102.449,+95.822,+101.986,+101.750,+102.200,+101.803,+104.324,+96.570,+95.493
0,212,+110.615,+125.846,+136.589,+120.425,+132.642,+94.873,+103.718,+91.638,+146.400,+97.910,+96.985,+131.380,+108.254,+125.713,+106.722,+104.721,+95.398,+115.220,+84.925,+91.617,+97.454,+100.838,+95.067,+98.735,+96.051,+97.781,+95.337,+96.468,+96.946,+101.859,+104.034,+97.159,+102.273,+99.931,+100.770,+95.252,+99.913,+103.153,+98.761,+102.203
0,213,+105.451,+107.821,+140.121,+111.302,+92.714,+103.050,+95.908,+126.178,+107.468,+49.892,+143.925,+128.074,+133.765,+109.555,+101.222,+105.202,+88.043,+130.297,+124.459,+97.743,+101.492,+97.443,+95.061,+103.492,+103.889,+100.526,+97.713,+95.467,+100.126,+99.630,+101.710,+95.753,+97.124,+96.900,+103.802,+99.402,+97.844,+95.779,+104.423,+97.347
0,214,+97.453,+114.886,+112.792,+79.065,+122.010,+119.361,+104.923,+103.627,+111.097,+75.353,+116.835,+107.183,+58.524,+135.276,+125.008,+106.017,+129.356,+139.898,+122.887,+87.955,+103.999,+98.870,+96.465,+101.409,+98.637,+102.642,+95.556,+97.718,+100.170,+101.183,+98.915,+99.460,+97.727,+100.194,+102.674,+98.822,+102.878,+103.733,+101.347,+96.646
0,215,+84.793,+143.427,+114.864,+125.525,+94.353,+100.848,+138.896,+95.407,+72.238,+124.097,+95.086,+75.279,+104.366,+109.431,+111.603,+94.511,+121.542,+117.021,+89.480,+130.236,+97.989,+98.360,+100.944,+99.670,+101.384,+103.801,+97.402,+100.106,+102.578,+97.492,+100.270,+97.082,+98.285,+100.223,+103.614,+98.369,+101.508,+97.309,+104.735,+95.999
0,216,+105.411,+131.183,+106.205,+106.175,+96.385,+107.689,+97.741,+110.911,+126.091,+111.478,+138.107,+119.528,+110.149,+95.094,+120.379,+98.712,+93.886,+111.908,+132.616,+71.887,+104.932,+102.547,+99.714,+103.758,+99.658,+99.599,+99.083,+95.201,+103.369,+103.751,+99.600,+96.010,+99.124,+103.619,+104.880,+95.167,+103.916,+99.226,+101.773,+97.449
0,217,+108.159,+102.483,+95.272,+80.817,+84.138,+107.565,+78.948,+99.399,+73.474,+75.878,+82.650,+84.980,+97.566,+120.760,+124.429,+103.125,+105.902,+119.069,+83.495,+98.332,+96.702,+99.234,+104.363,+102.272,+99.512,+95.671,+99.595,+100.815,+96.067,+104.350,+104.982,+104.557,+102.783,+98.124,+104.840,+102.015,+102.808,+104.214,+104.502,+95.377
0,218,+80.820,+102.456,+109.579,+104.871,+122.865,+124.143,+93.736,+143.238,+89.645,+116.866,+99.849,+156.669,+78.056,+164.993,+87.097,+108.542,+107.995,+113.376,+92.854,+118.480,+102.977,+100.460,+99.625,+95.126,+99.122,+98.761,+97.780,+98.866,+100.167,+96.347,+96.052,+102.648,+101.267,+100.340,+96.157,+101.892,+98.926,+103.077,+104.255,+100.071
0,219,+128.411,+149.462,+103.961,+91.542,+128.382,+102.569,+113.331,+123.616,+110.202,+125.298,+83.623,+123.871,+104.407,+116.699,+142.265,+115.863,+106.766,+101.833,+141.737,+94.324,+104.770,+97.753,+96.879,+98.709,+95.617,+103.900,+102.297,+96.195,+101.192,+104.573,+97.347,+98.751,+98.519,+104.802,+98.338,+100.208,+95.083,+97.510,+97.741,+96.022
0,220,+107.934,+129.736,+132.864,+87.232,+152.373,+108.910,+94.450,+94.313,+101.107,+113.627,+91.860,+124.678,+96.651,+73.658,+139.426,+106.819,+116.553,+109.717,+104.507,+143.429,+101.497,+96.363,+99.153,+100.384,+103.490,+100.602,+101.734,+99.582,+98.765,+100.498,+104.622,+103.199,+104.084,+104.023,+103.115,+103.307,+104.896,+96.580,+101.943,+102.898
0,221,+133.246,+76.401,+103.827,+117.099,+128.256,+97.216,+121.950,+83.197,+68.102,+134.968,+129.062,+103.936,+118.604,+131.420,+140.136,+48.712,+105.035,+80.125,+114.831,+113.638,+97.319,+97.750,+101.045,+100.209,+100.848,+103.045,+102.697,+98.110,+100.525,+97.428,+99.485,+104.616,+97.309,+95.868,+104.158,+102.982,+97.677,+102.762,+96.099,+98.762
0,222,+114.224,+111.951,+112.635,+118.926,+132.967,+115.621,+95.512,+114.597,+93.121,+144.663,+111.247,+94.303,+136.634,+101.929,+78.437,+114.448,+98.849,+106.073,+81.072,+118.693,+104.308,+102.343,+95.800,+97.856,+104.950,+97.540,+98.164,+102.125,+99.889,+99.524,+96.417,+102.159,+99.883,+102.371,+104.274,+96.811,+99.962,+96.951,+97.641,+95.580
0,223,+119.146,+115.206,+101.490,+105.651,+109.253,+94.452,+134.744,+132.353,+98.423,+87.765,+94.277,+102.423,+108.711,+78.735,+110.815,+124.117,+91.851,+100.610,+123.895,+118.773,+95.914,+96.910,+104.976,+103.965,+100.561,+98.018,+102.374,+100.289,+98.126,+103.823,+104.830,+104.175,+98.972,+104.294,+97.723,+98.076,+104.332,+102.774,+98.183,+98.385
0,224,+114.973,+98.110,+136.210,+106.695,+67.264,+125.093,+112.798,+86.750,+86.118,+81.806,+109.031,+79.702,+122.955,+74.124,+96.823,+117.451,+114.936,+82.056,+115.877,+117.158,+97.536,+99.544,+100.456,+104.474,+101.048,+95.230,+104.101,+96.846,+95.868,+96.876,+99.997,+99.478,+99.473,+104.431,+96.281,+100.347,+99.650,+95.816,+97.007,+98.205
0,225,+101.813,+93.337,+101.212,+107.637,+78.060,+123.670,+107.336,+122.074,+115.152,+146.919,+128.053,+100.868,+112.679,+95.781,+114.935,+122.386,+95.259,+109.216,+148.263,+123.129,+102.372,+102.873,+98.944,+95.472,+98.281,+103.456,+97.353,+102.802,+96.410,+101.772,+103.431,+104.516,+104.683,+102.577,+101.035,+103.110,+101.053,+100.720,+102.695,+99.492
0,226,+106.996,+89.438,+102.430,+89.079,+111.658,+102.861,+129.233,+105.187,+99.514,+119.945,+79.878,+102.869,+70.453,+84.871,+51.211,+76.056,+126.174,+92.265,+125.106,+100.463,+96.748,+99.452,+96.714,+103.453,+95.367,+96.553,+104.813,+101.755,+101.462,+101.068,+98.813,+99.478,+98.448,+97.761,+96.300,+104.442,+101.515,+98.006,+100.279,+96.661
0,227,+71.532,+122.205,+151.312,+101.730,+100.078,+115.416,+112.785,+77.814,+67.563,+90.986,+111.067,+148.412,+132.192,+111.710,+113.830,+78.194,+78.809,+78.873,+134.024,+135.795,+103.618,+104.559,+100.443,+99.453,+103.240,+97.410,+96.262,+102.382,+102.753,+98.577,+95.015,+102.252,+101.672,+96.440,+104.842,+100.531,+96.753,+95.659,+104.325,+99.361
0,228,+108.372,+96.673,+113.529,+88.709,+92.319,+110.978,+87.622,+82.281,+89.046,+150.892,+94.254,+60.857,+125.338,+105.321,+130.203,+111.743,+128.298,+130.763,+107.758,+130.291,+101.282,+100.947,+103.567,+103.219,+101.803,+104.810,+103.626,+98.525,+102.167,+98.411,+96.024,+104.684,+98.758,+101.017,+101.480,+96.512,+102.311,+99.059,+99.595,+102.665
0,229,+116.597,+114.849,+94.438,+99.081,+130.416,+121.347,+117.785,+86.639,+101.525,+107.708,+106.227,+135.727,+122.529,+97.404,+111.875,+124.927,+85.507,+86.781,+106.584,+144.618,+103.775,+100.662,+100.951,+97.004,+98.549,+99.225,+95.563,+97.618,+96.799,+96.889,+103.559,+95.167,+98.512,+96.461,+95.162,+103.409,+103.512,+102.000,+104.002,+95.326
0,230,+95.579,+97.985,+84.598,+123.451,+135.406,+143.133,+99.638,+78.663,+100.109,+146.651,+121.970,+97.937,+118.018,+137.212,+114.698,+83.524,+88.192,+115.216,+104.196,+94.070,+101.002,+95.172,+100.899,+103.055,+102.720,+97.094,+100.500,+103.260,+103.544,+103.733,+99.800,+103.982,+95.851,+103.421,+101.568,+103.679,+96.585,+97.314,+101.818,+102.017
0,231,+146.874,+113.870,+75.042,+68.685,+97.750,+115.467,+121.177,+72.287,+78.694,+134.841,+122.471,+129.110,+84.727,+131.412,+135.045,+98.125,+89.135,+105.548,+117.903,+132.899,+102.039,+103.099,+102.572,+102.397,+101.402,+104.256,+100.442,+103.108,+96.103,+95.398,+98.353,+101.922,+102.969,+103.682,+104.605,+98.856,+104.178,+95.041,+98.638,+100.166
0,232,+103.797,+111.446,+104.307,+103.735,+103.191,+97.786,+129.570,+102.059,+134.980,+116.720,+103.947,+101.135,+82.759,+137.045,+95.131,+113.156,+126.415,+78.055,+86.384,+111.236,+100.965,+98.246,+102.411,+97.900,+97.917,+102.477,+100.278,+97.800,+97.227,+95.439,+97.655,+99.295,+98.870,+100.978,+100.821,+103.011,+95.692,+99.073,+96.549,+102.178
0,233,+107.292,+96.242,+134.490,+107.375,+146.266,+91.987,+151.812,+106.761,+86.271,+98.951,+128.542,+74.598,+101.199,+93.822,+114.574,+107.309,+124.512,+78.691,+145.534,+86.519,+102.066,+96.741,+95.816,+97.174,+99.214,+96.050,+102.705,+98.086,+101.739,+101.659,+102.577,+103.683,+96.279,+96.305,+100.383,+102.061,+97.914,+97.968,+99.921,+103.472
0,234,+123.283,+102.864,+124.848,+91.598,+92.483,+105.917,+129.135,+89.084,+115.566,+108.715,+66.552,+91.820,+86.487,+136.745,+114.799,+113.007,+103.585,+105.278,+140.074,+113.371,+101.677,+96.150,+96.526,+95.704,+102.175,+97.075,+100.873,+100.608,+97.509,+98.752,+98.878,+98.208,+103.171,+99.468,+97.175,+95.959,+103.219,+97.340,+103.052,+101.311
0,235,+130.574,+99.813,+129.454,+101.385,+149.061,+90.625,+112.323,+175.735,+96.773,+83.020,+104.203,+122.262,+74.736,+100.361,+75.037,+102.920,+105.966,+166.312,+86.231,+108.167,+104.535,+99.103,+101.211,+96.060,+100.265,+95.470,+95.548,+100.776,+96.425,+104.613,+103.962,+104.049,+104.518,+95.562,+102.199,+103.087,+103.815,+99.935,+104.779,+98.747
0,236,+159.893,+83.958,+106.771,+84.529,+108.466,+161.444,+121.065,+83.720,+98.763,+146.708,+94.431,+101.940,+102.418,+127.107,+95.682,+117.636,+114.731,+99.855,+115.545,+89.895,+100.943,+98.597,+98.306,+100.196,+102.654,+103.205,+98.434,+99.908,+99.698,+103.841,+95.722,+97.518,+104.843,+104.779,+104.654,+102.264,+98.799,+98.265,+99.691,+97.183
0,237,+64.330,+51.878,+135.527,+130.535,+104.085,+131.726,+118.464,+120.218,+106.174,+85.176,+113.247,+101.045,+118.601,+100.094,+95.705,+140.128,+93.853,+98.683,+88.568,+99.777,+101.429,+102.537,+104.489,+104.911,+98.459,+103.812,+96.550,+97.249,+95.299,+102.620,+95.465,+104.208,+103.293,+101.230,+99.993,+97.822,+97.395,+95.201,+100.851,+95.652
0,238,+95.313,+114.043,+147.107,+65.279,+97.984,+101.278,+116.162,+109.765,+127.926,+103.592,+102.062,+129.479,+95.170,+79.270,+89.224,+107.467,+118.662,+133.036,+87.003,+91.545,+98.023,+97.349,+96.903,+97.996,+99.546,+97.382,+99.175,+103.652,+103.098,+98.237,+103.819,+104.932,+102.802,+100.765,+96.640,+101.301,+104.623,+98.994,+99.131,+101.153
0,239,+103.967,+145.513,+107.542,+131.687,+121.739,+91.870,+69.617,+110.024,+175.087,+89.876,+122.671,+153.322,+103.628,+98.010,+118.071,+75.068,+103.930,+81.654,+120.476,+108.174,+97.738,+100.450,+101.133,+102.473,+96.653,+103.078,+99.165,+98.640,+96.401,+104.235,+100.563,+100.158,+101.196,+103.147,+103.999,+96.956,+98.789,+99.211,+100.952,+97.755
0,240,+113.230,+70.574,+151.672,+93.131,+72.120,+110.199,+88.201,+115.298,+93.186,+92.867,+71.036,+123.294,+127.579,+122.077,+103.566,+86.415,+113.548,+106.498,+120.128,+151.691,+96.069,+96.616,+104.979,+96.098,+99.915,+101.874,+100.501,+101.312,+102.613,+101.113,+97.287,+98.853,+99.102,+101.133,+99.675,+99.355,+103.052,+95.560,+100.598,+95.066
0,241,+149.098,+120.100,+94.589,+79.842,+128.407,+128.793,+81.015,+111.469,+113.536,+113.364,+62.325,+128.904,+89.970,+113.762,+103.791,+114.033,+104.792,+102.774,+88.479,+144.269,+96.594,+97.711,+96.117,+98.455,+102.848,+100.193,+104.461,+104.262,+95.760,+97.287,+103.091,+96.277,+96.423,+97.670,+102.560,+104.066,+104.498,+96.431,+100.509,+98.452
0,242,+66.659,+115.179,+102.491,+79.799,+100.059,+103.883,+73.556,+124.658,+87.260,+107.400,+102.495,+120.454,+93.798,+118.548,+89.931,+109.197,+148.220,+108.844,+104.442,+98.777,+99.714,+96.224,+95.619,+98.331,+99.747,+97.791,+101.198,+102.005,+99.499,+102.700,+96.118,+103.223,+96.907,+98.909,+101.632,+102.024,+104.049,+101.260,+100.280,+101.012
0,243,+83.058,+146.751,+98.618,+119.379,+77.540,+83.762,+98.746,+106.792,+114.239,+117.456,+62.311,+137.836,+106.943,+116.442,+147.886,+91.867,+126.340,+122.595,+95.542,+96.036,+96.296,+99.949,+104.458,+98.768,+99.704,+97.705,+97.802,+104.469,+98.987,+96.769,+96.179,+95.364,+96.021,+99.749,+99.560,+98.707,+104.247,+95.618,+100.978,+97.274
0,244,+76.714,+162.405,+87.216,+107.241,+98.209,+120.411,+92.315,+120.063,+49.535,+101.411,+97.354,+90.131,+89.657,+111.808,+124.481,+146.081,+117.723,+100.308,+85.445,+116.298,+104.607,+99.775,+95.730,+100.345,+103.251,+104.635,+96.488,+97.006,+104.968,+97.955,+97.012,+99.143,+101.755,+103.284,+99.670,+97.324,+103.082,+100.345,+101.074,+101.108
0,245,+128.096,+99.777,+125.188,+98.104,+124.969,+117.083,+104.121,+110.722,+82.687,+116.781,+85.655,+126.729,+72.884,+95.897,+117.157,+137.091,+142.773,+115.486,+92.443,+139.509,+101.810,+99.367,+95.292,+100.108,+101.327,+100.790,+96.459,+96.567,+95.218,+99.418,+95.102,+99.352,+104.646,+102.318,+99.936,+98.279,+101.754,+96.967,+102.191,+98.554
0,246,+79.395,+74.619,+117.349,+97.411,+85.111,+123.220,+131.100,+82.701,+109.304,+114.819,+106.622,+124.165,+129.332,+123.550,+136.595,+109.072,+93.913,+130.691,+93.342,+111.862,+99.216,+97.996,+101.079,+97.258,+104.411,+100.580,+97.887,+98.374,+95.647,+104.793,+101.732,+102.264,+95.347,+96.258,+104.892,+96.895,+98.702,+98.989,+100.415,+101.288
0,247,+129.060,+58.789,+132.153,+126.436,+105.319,+30.038,+125.688,+68.898,+100.186,+151.580,+106.318,+110.902,+99.790,+88.767,+107.903,+82.329,+118.567,+79.352,+88.968,+119.497,+102.521,+102.404,+98.531,+103.581,+102.504,+104.224,+102.741,+100.541,+102.647,+97.526,+101.267,+103.864,+101.517,+96.835,+103.439,+98.934,+102.665,+103.758,+104.552,+100.592
0,248,+100.419,+49.636,+106.718,+96.642,+115.951,+100.715,+101.019,+89.500,+111.841,+132.506,+145.987,+132.274,+125.217,+69.986,+132.229,+86.064,+119.427,+77.374,+99.328,+112.925,+98.831,+97.252,+100.929,+104.631,+95.401,+98.956,+104.221,+102.368,+101.642,+102.982,+104.492,+97.741,+97.142,+102.767,+97.934,+96.310,+95.821,+97.193,+95.230,+96.253
0,249,+125.196,+102.087,+102.105,+116.045,+132.528,+106.252,+73.139,+107.324,+94.424,+112.649,+83.092,+131.376,+82.097,+119.885,+165.112,+94.889,+133.922,+99.446,+99.155,+118.828,+100.183,+100.943,+97.922,+95.295,+99.991,+97.841,+100.134,+97.563,+104.872,+100.429,+101.049,+97.993,+98.858,+102.906,+101.149,+96.268,+95.997,+99.392,+96.702,+103.364
0,250,+107.902,+153.386,+116.756,+87.099,+129.883,+129.854,+125.867,+126.977,+76.898,+99.201,+125.931,+102.207,+132.888,+134.319,+134.103,+94.815,+160.757,+105.834,+131.377,+99.843,+104.491,+101.390,+102.142,+96.196,+101.644,+99.712,+95.591,+101.648,+98.158,+98.993,+97.279,+102.800,+95.705,+99.429,+102.174,+102.483,+100.358,+100.755,+103.370,+104.229
0,251,+119.739,+88.935,+110.541,+107.538,+57.272,+121.596,+87.156,+94.925,+99.302,+73.938,+105.307,+79.199,+112.080,+74.848,+66.733,+106.791,+87.060,+97.973,+58.658,+134.622,+104.337,+100.567,+96.665,+102.261,+97.060,+102.935,+101.713,+98.908,+102.043,+97.602,+102.050,+95.180,+97.045,+101.708,+95.246,+99.746,+104.116,+98.380,+95.056,+95.149
0,252,+91.776,+85.397,+146.812,+106.373,+91.497,+137.050,+103.048,+144.809,+70.365,+122.870,+64.783,+115.557,+141.582,+96.068,+107.938,+110.920,+134.837,+133.150,+105.669,+104.293,+99.480,+96.296,+96.367,+101.194,+100.364,+101.613,+102.518,+99.289,+104.245,+102.033,+96.439,+103.479,+101.291,+103.069,+103.949,+97.163,+102.783,+95.596,+97.379,+100.818
0,253,+102.086,+98.946,+72.317,+119.572,+134.607,+79.252,+124.107,+89.068,+133.319,+113.282,+78.580,+86.245,+78.912,+101.031,+96.626,+88.189,+118.847,+121.121,+133.220,+72.351,+98.780,+103.914,+96.559,+103.151,+103.638,+97.895,+96.687,+99.306,+96.975,+103.644,+95.244,+96.320,+96.704,+101.393,+100.768,+100.779,+97.599,+101.390,+101.875,+101.592
0,254,+102.985,+117.605,+123.123,+116.162,+82.304,+99.134,+97.874,+100.793,+115.613,+131.290,+83.835,+123.069,+106.829,+124.708,+84.569,+136.078,+133.917,+78.340,+83.004,+102.917,+101.671,+95.805,+97.406,+104.920,+103.792,+98.650,+95.319,+100.727,+96.265,+103.921,+99.314,+103.147,+102.005,+95.592,+99.619,+104.821,+98.538,+104.466,+101.240,+104.005
0,255,+105.742,+116.324,+72.529,+99.679,+105.493,+134.143,+108.470,+101.422,+94.453,+109.645,+108.173,+110.478,+86.069,+102.652,+122.024,+111.610,+89.565,+76.359,+101.097,+111.266,+99.784,+98.355,+98.185,+101.294,+99.828,+103.599,+100.538,+98.689,+101.726,+102.629,+97.816,+100.252,+96.005,+97.743,+101.245,+103.932,+97.411,+102.782,+100.129,+98.683
0,256,+101.155,+132.278,+107.738,+100.162,+105.839,+133.028,+75.304,+79.088,+145.390,+118.461,+134.766,+98.523,+118.072,+108.205,+98.081,+123.509,+124.454,+99.953,+104.277,+91.869,+100.001,+95.943,+102.388,+104.037,+97.550,+97.878,+98.762,+97.268,+99.510,+99.964,+98.802,+96.777,+99.944,+98.322,+104.620,+101.036,+102.990,+103.102,+97.159,+96.476
0,257,+125.786,+119.370,+108.339,+96.084,+124.768,+101.897,+81.762,+97.036,+103.742,+85.820,+101.166,+101.838,+148.637,+133.759,+107.456,+126.980,+90.015,+132.524,+103.701,+119.026,+102.436,+97.417,+98.355,+100.251,+95.130,+101.040,+100.217,+97.801,+99.862,+98.630,+104.347,+99.930,+95.437,+99.730,+99.224,+95.553,+95.007,+103.040,+98.453,+100.140
0,258,+113.428,+52.822,+105.951,+75.263,+91.690,+80.094,+121.304,+52.343,+88.186,+70.091,+90.984,+108.108,+108.707,+100.474,+85.153,+105.887,+81.723,+113.350,+86.126,+142.672,+95.913,+99.179,+101.474,+95.180,+98.794,+98.268,+103.401,+103.359,+100.497,+98.417,+95.947,+99.599,+104.305,+103.894,+97.983,+97.974,+96.083,+104.178,+104.187,+104.729
0,259,+120.696,+128.019,+77.333,+146.200,+78.329,+87.432,+101.799,+89.271,+97.115,+113.504,+91.694,+130.657,+100.219,+127.734,+112.890,+111.625,+105.300,+98.363,+86.265,+117.475,+97.425,+102.859,+104.874,+98.651,+97.332,+103.590,+101.886,+100.556,+104.226,+101.480,+103.688,+96.387,+104.900,+101.954,+97.774,+102.340,+98.534,+103.398,+97.452,+103.868
0,260,+113.285,+120.315,+110.566,+96.546,+78.309,+92.092,+89.919,+107.980,+111.484,+124.052,+127.816,+76.282,+101.607,+100.814,+90.483,+122.958,+122.332,+132.619,+118.278,+116.592,+103.505,+97.935,+100.745,+96.844,+96.527,+95.087,+95.913,+103.798,+95.022,+101.672,+104.891,+103.105,+99.075,+95.383,+104.640,+100.930,+102.773,+99.192,+102.026,+99.182
0,261,+111.274,+92.759,+73.323,+72.519,+69.778,+100.574,+126.464,+115.227,+80.444,+94.021,+91.212,+105.727,+99.311,+125.941,+113.071,+109.375,+76.600,+86.312,+104.353,+109.299,+103.828,+98.840,+103.885,+96.626,+103.411,+100.695,+95.430,+102.532,+99.160,+103.345,+99.820,+96.728,+102.555,+100.376,+102.218,+103.313,+101.433,+102.330,+98.256,+103.764
0,262,+109.565,+121.145,+122.886,+106.604,+97.634,+99.210,+83.204,+83.074,+86.140,+109.404,+141.642,+72.938,+111.031,+124.874,+131.650,+108.076,+92.345,+92.068,+89.714,+99.771,+103.318,+98.236,+99.203,+100.057,+101.497,+103.325,+103.942,+98.766,+101.413,+96.575,+100.021,+96.421,+104.179,+99.933,+101.790,+95.843,+103.449,+99.470,+95.016,+104.996
0,263,+131.833,+157.714,+119.224,+70.255,+92.779,+125.523,+124.749,+86.540,+96.712,+91.536,+95.014,+116.927,+117.732,+86.853,+116.159,+72.750,+79.007,+99.160,+93.211,+90.744,+101.110,+99.334,+97.681,+101.246,+97.090,+96.084,+99.681,+104.409,+102.401,+98.628,+97.678,+100.146,+103.783,+98.493,+95.525,+104.386,+102.499,+98.559,+97.687,+98.782
0,264,+125.396,+98.076,+79.703,+87.508,+126.980,+123.997,+101.474,+133.832,+92.463,+128.313,+124.551,+88.855,+64.385,+132.027,+118.607,+80.461,+127.155,+126.351,+86.965,+117.759,+102.550,+96.354,+104.731,+102.962,+102.270,+102.311,+97.069,+96.659,+100.247,+95.720,+99.007,+95.888,+96.688,+103.883,+100.206,+98.778,+99.657,+104.132,+95.720,+101.799
0,265,+136.630,+117.697,+111.578,+90.635,+86.015,+109.643,+137.892,+72.467,+90.542,+109.296,+97.274,+102.379,+106.500,+121.361,+122.788,+65.005,+109.357,+133.480,+115.394,+99.878,+97.590,+101.140,+98.303,+95.827,+101.825,+97.817,+103.200,+95.828,+99.642,+97.362,+103.446,+103.757,+95.025,+96.658,+102.142,+104.857,+104.315,+101.885,+102.535,+97.872
0,266,+118.501,+69.366,+104.171,+101.510,+81.052,+125.363,+138.882,+127.593,+68.788,+102.385,+80.891,+100.422,+112.834,+117.171,+120.194,+102.831,+124.188,+85.818,+105.789,+118.398,+103.751,+95.376,+103.727,+96.837,+96.168,+99.816,+104.394,+96.865,+95.903,+95.773,+98.041,+102.473,+103.144,+99.054,+102.895,+96.846,+97.635,+104.564,+100.654,+101.203
0,267,+87.549,+86.969,+87.853,+106.209,+117.147,+118.969,+143.037,+122.316,+67.848,+56.432,+92.581,+99.215,+134.904,+125.456,+117.146,+83.874,+104.954,+102.036,+108.494,+91.243,+100.052,+98.179,+100.247,+104.094,+97.878,+102.079,+95.996,+100.230,+101.365,+98.609,+98.196,+102.054,+100.537,+103.736,+101.692,+103.238,+98.445,+97.797,+104.022,+103.616
0,268,+121.700,+100.185,+120.833,+131.856,+104.423,+91.023,+76.429,+133.553,+120.581,+135.995,+128.169,+63.523,+139.984,+113.029,+105.833,+114.983,+124.602,+167.351,+78.530,+119.114,+99.939,+96.715,+103.964,+97.853,+96.356,+101.233,+100.073,+103.933,+95.931,+97.306,+100.116,+95.202,+103.633,+104.906,+102.971,+103.452,+99.058,+96.390,+99.279,+99.363
0,269,+120.579,+137.299,+74.557,+152.894,+93.914,+82.991,+58.966,+78.391,+117.122,+138.381,+114.068,+139.048,+94.444,+151.076,+108.608,+106.026,+116.381,+69.975,+90.743,+82.367,+101.730,+97.330,+103.511,+103.231,+96.077,+97.272,+104.047,+98.078,+99.050,+104.267,+95.099,+96.562,+101.610,+96.683,+101.324,+103.802,+103.657,+98.815,+104.779,+100.928
0,270,+154.590,+100.251,+93.766,+111.339,+81.200,+91.776,+130.538,+82.885,+108.937,+113.898,+118.912,+112.327,+122.794,+75.767,+83.539,+124.154,+101.158,+131.783,+160.124,+112.274,+103.241,+103.744,+98.523,+100.717,+96.258,+101.396,+102.104,+99.585,+104.326,+96.165,+101.033,+95.359,+104.893,+103.596,+97.879,+102.812,+101.606,+104.612,+103.778,+98.190
0,271,+95.747,+111.719,+118.210,+133.246,+104.801,+114.996,+126.258,+86.622,+136.717,+99.393,+87.972,+110.208,+93.104,+102.346,+160.382,+79.380,+114.332,+125.183,+120.179,+109.075,+97.760,+99.637,+99.789,+99.392,+99.929,+95.418,+103.145,+100.955,+104.833,+104.729,+104.203,+103.043,+99.161,+95.491,+98.036,+97.100,+101.411,+95.346,+102.977,+98.884
0,272,+101.091,+116.588,+95.576,+94.444,+120.201,+138.413,+139.481,+123.321,+114.391,+53.984,+96.584,+133.289,+132.063,+108.189,+105.805,+101.015,+87.202,+91.397,+68.310,+136.753,+103.156,+100.788,+103.461,+102.797,+104.050,+103.012,+101.021,+101.614,+98.722,+96.348,+101.069,+103.354,+96.403,+103.348,+99.703,+100.288,+98.031,+95.259,+98.859,+96.804
0,273,+121.889,+91.182,+115.687,+109.405,+101.860,+99.128,+150.075,+99.876,+98.870,+94.351,+69.719,+95.785,+112.513,+86.930,+121.675,+84.514,+90.529,+88.268,+92.452,+96.582,+101.613,+103.479,+96.647,+104.942,+96.637,+100.148,+102.962,+102.008,+103.384,+103.245,+100.053,+100.540,+101.885,+102.242,+101.610,+98.258,+99.200,+99.128,+99.664,+101.146
0,274,+69.728,+104.456,+82.725,+95.918,+76.020,+89.443,+101.709,+82.321,+94.745,+135.178,+93.469,+134.250,+117.992,+108.205,+106.464,+111.106,+111.352,+132.849,+120.341,+67.857,+103.972,+100.250,+99.104,+97.910,+102.319,+99.333,+95.807,+100.126,+99.191,+103.016,+104.174,+96.174,+95.623,+100.496,+97.059,+98.590,+103.406,+104.162,+99.909,+100.679
0,275,+88.867,+79.630,+103.475,+87.588,+103.951,+77.998,+98.384,+126.862,+114.235,+108.534,+145.072,+102.463,+83.281,+149.213,+112.949,+105.055,+119.616,+126.402,+98.809,+130.726,+98.166,+95.869,+103.021,+99.958,+98.420,+103.640,+102.233,+96.564,+102.182,+99.227,+96.856,+99.043,+102.340,+98.107,+95.559,+104.248,+98.157,+99.442,+96.419,+97.786
0,276,+135.458,+113.414,+109.244,+148.623,+90.253,+163.193,+86.968,+129.146,+63.205,+69.619,+108.190,+63.700,+101.536,+137.658,+77.850,+110.514,+86.536,+91.292,+89.352,+86.792,+96.937,+98.853,+98.714,+102.747,+101.604,+102.690,+104.781,+103.095,+104.290,+104.280,+97.875,+102.868,+95.826,+100.621,+96.452,+100.916,+98.849,+104.495,+101.457,+103.607
0,277,+78.263,+134.426,+94.350,+92.276,+133.703,+103.841,+94.915,+114.914,+121.860,+103.993,+98.133,+90.846,+94.461,+74.524,+167.409,+91.499,+153.828,+108.801,+106.948,+111.206,+98.446,+99.953,+99.706,+102.022,+103.216,+104.486,+96.223,+98.393,+102.008,+103.144,+101.844,+96.010,+104.790,+103.721,+99.531,+97.568,+104.866,+101.420,+95.405,+100.167
0,278,+99.481,+91.547,+101.617,+94.951,+109.736,+57.610,+54.338,+80.830,+151.274,+125.621,+69.187,+70.134,+92.765,+87.304,+87.918,+80.186,+103.916,+94.585,+96.303,+82.399,+98.326,+95.072,+95.050,+100.259,+104.361,+101.355,+95.748,+100.609,+95.607,+103.905,+104.383,+103.482,+97.643,+98.144,+102.056,+95.441,+98.216,+101.301,+96.095,+103.650
0,279,+48.290,+121.331,+76.740,+115.970,+108.107,+90.333,+95.400,+133.565,+85.437,+113.214,+88.000,+85.628,+105.170,+81.586,+102.842,+118.659,+108.633,+121.696,+136.723,+103.330,+103.870,+103.272,+95.116,+101.668,+95.564,+103.871,+101.347,+96.016,+100.791,+97.998,+99.320,+95.075,+104.883,+100.310,+101.625,+95.852,+99.353,+102.033,+101.834,+100.667
0,280,+113.434,+120.649,+129.289,+91.518,+119.959,+109.410,+111.242,+103.836,+111.038,+79.838,+122.061,+105.905,+123.431,+118.682,+133.978,+116.318,+111.326,+74.136,+129.923,+115.165,+97.071,+98.168,+101.435,+100.938,+99.157,+100.516,+101.330,+103.733,+96.035,+103.705,+98.703,+103.065,+102.333,+97.560,+101.253,+103.287,+101.522,+104.631,+98.165,+103.452
0,281,+97.319,+88.465,+108.408,+106.426,+100.358,+91.530,+88.946,+108.928,+108.269,+85.448,+108.327,+59.284,+101.940,+84.803,+76.174,+53.634,+101.730,+80.307,+133.424,+123.592,+104.038,+97.213,+97.048,+95.493,+97.411,+97.991,+104.768,+104.652,+99.217,+100.457,+100.204,+100.134,+103.623,+101.226,+104.700,+97.775,+102.161,+101.637,+104.457,+98.887
0,282,+107.757,+71.400,+74.708,+160.631,+92.709,+122.382,+107.202,+141.184,+139.771,+109.831,+121.565,+74.215,+121.558,+102.799,+88.779,+94.877,+134.669,+87.066,+137.768,+78.257,+97.513,+101.587,+96.550,+102.640,+103.653,+96.885,+98.881,+97.576,+104.035,+101.269,+99.420,+101.250,+100.962,+102.842,+101.616,+100.929,+98.800,+98.695,+99.348,+96.193
0,283,+93.357,+99.175,+136.484,+143.907,+55.003,+104.831,+117.451,+81.072,+136.577,+113.821,+90.095,+84.315,+102.231,+112.103,+107.409,+80.427,+130.319,+88.665,+142.324,+120.069,+103.014,+103.159,+104.957,+98.185,+96.050,+102.429,+104.307,+103.030,+100.203,+100.296,+104.077,+103.465,+101.174,+101.879,+100.467,+101.875,+97.598,+95.778,+98.031,+104.616
0,284,+114.008,+117.000,+88.820,+121.555,+81.666,+96.800,+112.532,+111.537,+159.794,+138.482,+117.159,+116.724,+113.740,+95.405,+103.232,+104.912,+94.883,+71.782,+85.196,+90.580,+97.660,+104.159,+95.092,+101.289,+101.241,+101.723,+100.092,+95.171,+103.804,+97.498,+104.640,+95.209,+104.587,+104.381,+96.620,+101.990,+98.541,+97.553,+101.768,+100.694
0,285,+76.746,+61.330,+118.853,+115.832,+109.854,+110.193,+129.176,+135.895,+123.286,+71.157,+73.742,+148.443,+129.736,+103.135,+107.939,+115.712,+87.311,+114.925,+144.766,+70.683,+103.818,+97.981,+104.691,+102.075,+99.401,+101.673,+104.984,+97.959,+103.761,+104.460,+100.435,+101.865,+95.380,+95.450,+101.963,+101.664,+97.985,+104.758,+102.104,+98.769
0,286,+137.924,+155.249,+96.344,+97.883,+56.940,+121.872,+103.990,+84.988,+107.550,+95.625,+52.009,+104.724,+95.998,+99.261,+124.650,+114.148,+105.197,+115.125,+101.283,+135.468,+96.603,+98.938,+100.627,+104.972,+97.352,+95.312,+98.653,+97.139,+103.432,+102.105,+98.340,+96.500,+99.150,+98.270,+98.606,+101.380,+102.503,+100.608,+95.140,+104.922
0,287,+116.396,+98.876,+118.294,+82.263,+91.950,+114.595,+129.036,+144.600,+117.229,+101.880,+102.046,+80.977,+93.766,+95.043,+114.869,+115.329,+71.938,+113.334,+113.619,+110.887,+99.380,+97.936,+96.647,+96.344,+98.214,+100.378,+103.918,+100.541,+95.012,+103.436,+95.094,+97.115,+95.928,+96.360,+96.641,+95.791,+98.147,+102.179,+97.461,+95.194
0,288,+118.260,+108.192,+123.876,+96.904,+108.152,+57.982,+110.741,+110.130,+87.103,+114.014,+92.139,+155.308,+109.753,+121.780,+91.958,+102.123,+119.712,+130.559,+78.805,+105.717,+101.812,+104.851,+100.922,+95.761,+96.453,+96.856,+98.371,+99.927,+99.351,+102.982,+100.114,+98.531,+95.668,+103.391,+103.222,+99.793,+101.316,+95.939,+101.185,+100.943
0,289,+76.706,+89.400,+102.017,+89.775,+107.842,+92.271,+105.246,+75.596,+60.706,+93.919,+108.598,+118.749,+112.168,+102.286,+130.516,+119.558,+99.173,+113.217,+125.276,+92.092,+95.692,+98.514,+100.731,+101.814,+99.403,+104.277,+96.474,+98.522,+98.340,+96.060,+96.430,+97.063,+98.547,+95.276,+100.010,+95.929,+102.455,+103.116,+104.191,+102.493
0,290,+69.367,+127.172,+99.680,+102.284,+82.809,+107.075,+50.745,+90.900,+85.829,+80.760,+142.497,+129.318,+109.151,+118.412,+62.419,+127.065,+117.951,+135.505,+72.937,+110.153,+99.933,+104.817,+104.068,+100.362,+101.612,+97.866,+99.599,+103.486,+102.466,+99.424,+103.649,+95.922,+96.738,+96.089,+98.451,+100.154,+104.294,+97.488,+95.934,+104.307
0,291,+106.586,+85.947,+113.101,+104.510,+145.544,+100.540,+101.654,+91.830,+77.931,+131.292,+137.777,+121.874,+98.935,+57.767,+117.081,+79.135,+84.707,+99.201,+102.528,+156.725,+99.604,+99.809,+98.338,+97.929,+99.715,+96.960,+103.980,+101.583,+102.687,+103.522,+96.438,+103.830,+96.506,+100.142,+101.685,+103.257,+95.248,+102.811,+97.682,+96.534
0,292,+99.578,+51.947,+106.969,+120.958,+92.095,+87.540,+99.525,+72.905,+142.351,+84.300,+115.994,+99.065,+104.493,+100.914,+99.567,+68.778,+165.744,+103.535,+128.301,+102.894,+97.027,+103.985,+104.842,+96.779,+100.732,+95.241,+103.942,+99.164,+102.488,+102.346,+103.715,+101.404,+95.776,+95.256,+97.066,+101.823,+104.816,+104.055,+99.304,+101.117
0,293,+103.458,+88.862,+144.972,+79.518,+53.429,+103.519,+96.239,+97.172,+74.634,+119.511,+138.166,+102.988,+80.488,+98.138,+95.993,+107.954,+150.040,+108.676,+98.711,+149.856,+99.675,+98.937,+97.561,+100.385,+101.279,+100.428,+100.017,+100.826,+96.025,+95.819,+102.965,+95.503,+97.020,+100.112,+100.696,+98.245,+104.512,+101.769,+99.840,+104.876
0,294,+138.628,+113.188,+63.854,+150.999,+114.609,+82.163,+95.168,+141.781,+128.297,+126.594,+112.431,+100.643,+142.888,+88.655,+122.722,+125.275,+115.749,+76.147,+94.480,+91.980,+98.819,+102.091,+101.033,+96.998,+97.101,+100.203,+100.867,+103.360,+101.056,+100.659,+101.165,+95.799,+100.582,+103.691,+97.771,+104.414,+98.100,+96.793,+104.643,+96.447
0,295,+113.153,+89.990,+101.691,+153.923,+148.773,+80.940,+64.153,+76.916,+81.654,+130.482,+109.396,+138.757,+136.034,+76.246,+118.025,+86.183,+111.581,+119.031,+129.161,+128.813,+96.277,+98.249,+103.280,+103.883,+98.756,+98.770,+98.380,+99.142,+96.826,+97.873,+96.403,+99.179,+102.902,+104.441,+103.096,+103.724,+101.448,+95.966,+101.957,+97.032
0,296,+93.859,+111.110,+92.604,+130.116,+109.818,+122.599,+129.481,+45.159,+143.025,+145.494,+55.095,+122.324,+120.637,+141.347,+91.937,+98.700,+135.795,+120.292,+126.075,+95.902,+99.258,+95.154,+102.807,+101.641,+96.780,+102.039,+98.517,+102.898,+96.282,+100.787,+97.771,+96.406,+96.115,+102.926,+104.269,+102.429,+97.482,+102.034,+103.922,+102.850
0,297,+95.737,+104.012,+119.644,+75.262,+93.834,+99.058,+122.303,+131.204,+138.509,+100.894,+87.274,+119.366,+140.661,+110.286,+92.306,+128.643,+94.145,+80.121,+94.837,+75.275,+101.183,+99.861,+99.268,+101.589,+102.464,+104.864,+99.785,+97.401,+97.686,+98.466,+102.442,+103.356,+102.251,+96.333,+104.089,+95.978,+96.976,+103.053,+104.044,+96.709
0,298,+114.246,+98.426,+68.926,+95.829,+93.711,+104.971,+120.221,+115.114,+105.761,+121.432,+114.525,+76.557,+70.991,+98.082,+86.846,+115.457,+104.037,+122.138,+68.212,+124.471,+98.623,+102.597,+104.780,+100.398,+100.341,+104.654,+96.920,+97.645,+99.832,+101.943,+98.919,+103.471,+100.531,+103.782,+99.271,+95.558,+96.977,+103.445,+99.811,+95.882
0,299,+102.271,+112.730,+128.213,+88.629,+93.570,+129.445,+96.882,+89.375,+97.401,+116.668,+146.241,+95.167,+148.657,+114.311,+130.411,+119.234,+98.738,+124.598,+81.011,+107.793,+100.104,+95.763,+100.231,+96.462,+96.852,+96.706,+98.854,+100.917,+102.618,+97.974,+99.918,+103.586,+96.014,+98.602,+97.358,+101.125,+97.931,+98.300,+98.123,+98.212
0,300,+128.279,+73.487,+91.411,+79.370,+77.044,+96.114,+83.487,+58.529,+146.957,+120.146,+92.404,+88.030,+129.110,+94.677,+121.016,+88.835,+91.970,+84.656,+105.281,+99.566,+98.848,+102.885,+104.354,+97.979,+104.519,+95.381,+101.416,+102.599,+100.134,+98.695,+95.323,+102.813,+103.561,+100.232,+100.635,+102.079,+95.732,+104.144,+100.549,+97.184
0,301,+79.884,+120.695,+97.449,+129.098,+74.122,+58.555,+123.324,+76.771,+59.171,+128.208,+101.248,+126.235,+94.476,+125.456,+83.384,+115.484,+115.236,+118.048,+89.371,+121.299,+99.214,+96.623,+99.243,+95.954,+104.481,+101.128,+102.406,+103.423,+98.928,+104.506,+98.274,+104.641,+96.944,+101.337,+102.705,+97.392,+101.087,+101.051,+95.521,+103.679
0,302,+96.145,+117.184,+108.928,+117.001,+123.764,+78.395,+95.808,+93.035,+84.843,+102.605,+100.815,+98.109,+125.235,+119.652,+115.863,+121.290,+65.306,+126.503,+90.847,+144.495,+95.395,+96.795,+95.294,+96.127,+104.325,+95.898,+95.136,+101.613,+101.926,+103.212,+103.866,+100.545,+99.688,+97.595,+98.087,+103.236,+97.401,+95.456,+101.876,+101.919
0,303,+111.212,+122.193,+98.473,+106.935,+154.193,+115.753,+83.678,+82.555,+101.824,+127.432,+108.306,+132.789,+116.610,+60.023,+112.459,+122.637,+115.614,+94.360,+117.103,+108.575,+102.217,+98.421,+95.054,+102.916,+99.458,+98.685,+99.758,+99.744,+101.950,+95.340,+98.381,+102.501,+99.142,+103.419,+100.797,+97.213,+103.108,+97.890,+98.558,+101.824
0,304,+114.739,+103.146,+100.068,+70.513,+85.163,+131.844,+102.101,+91.476,+130.704,+101.176,+64.303,+81.866,+126.226,+116.987,+89.747,+89.872,+102.913,+121.104,+139.704,+90.307,+98.528,+100.064,+102.686,+97.309,+104.689,+103.459,+103.420,+95.770,+97.614,+95.449,+96.258,+98.462,+95.640,+100.141,+101.129,+99.414,+97.544,+97.456,+95.814,+97.485
0,305,+90.629,+82.806,+99.141,+96.729,+78.764,+100.164,+109.316,+91.426,+123.295,+146.506,+95.240,+93.905,+109.125,+91.724,+96.173,+111.781,+97.243,+98.562,+95.351,+81.704,+100.272,+97.535,+96.688,+101.323,+104.753,+99.453,+103.276,+97.851,+100.894,+102.652,+97.585,+103.605,+95.863,+101.910,+101.551,+95.079,+103.050,+96.402,+96.697,+95.871
0,306,+92.615,+123.541,+66.578,+81.257,+79.340,+161.991,+84.798,+83.029,+116.567,+144.654,+107.213,+50.742,+113.325,+96.744,+132.508,+116.963,+116.640,+88.980,+103.653,+109.588,+96.374,+102.425,+104.573,+96.825,+96.378,+97.929,+99.490,+96.687,+97.643,+99.562,+104.941,+95.377,+103.324,+101.295,+103.998,+103.847,+101.063,+95.981,+100.953,+98.208
0,307,+119.298,+63.939,+129.805,+102.400,+120.070,+127.369,+115.546,+105.101,+127.234,+89.609,+88.926,+95.202,+102.620,+112.150,+105.960,+107.712,+111.433,+123.130,+120.586,+114.819,+100.467,+95.077,+97.145,+97.449,+98.278,+100.884,+102.056,+96.479,+97.389,+95.390,+102.908,+100.335,+102.330,+96.387,+98.208,+101.506,+102.354,+95.919,+97.109,+100.276
0,308,+131.454,+112.592,+130.610,+77.352,+103.885,+116.756,+95.154,+103.091,+64.535,+123.716,+108.277,+120.898,+110.328,+75.657,+110.926,+110.756,+140.912,+156.270,+122.258,+116.505,+97.166,+95.924,+96.033,+95.615,+97.111,+97.287,+102.229,+99.836,+99.095,+97.948,+99.541,+97.538,+97.343,+96.537,+99.044,+100.805,+95.460,+101.964,+99.444,+100.749
0,309,+85.337,+122.681,+118.081,+90.492,+101.129,+108.401,+124.781,+111.712,+92.952,+101.525,+99.575,+87.645,+104.039,+101.750,+128.619,+76.134,+115.041,+61.067,+101.978,+122.009,+103.073,+100.654,+97.378,+102.048,+103.159,+97.933,+97.394,+98.632,+99.313,+98.245,+96.847,+98.899,+104.780,+102.034,+95.304,+101.547,+102.913,+95.654,+95.770,+103.969
0,310,+96.650,+124.335,+126.771,+111.354,+79.098,+107.573,+93.354,+93.152,+89.685,+147.631,+80.009,+95.965,+107.602,+134.081,+113.169,+121.954,+126.794,+155.736,+84.197,+80.783,+104.175,+104.428,+101.941,+101.171,+97.734,+99.522,+97.183,+101.140,+104.626,+96.797,+101.343,+101.620,+102.172,+103.551,+97.351,+103.562,+96.001,+96.882,+100.172,+98.018
0,311,+114.301,+75.919,+129.615,+100.126,+78.985,+106.500,+88.318,+99.690,+90.385,+134.481,+85.420,+74.997,+124.981,+110.656,+122.912,+138.481,+112.895,+108.361,+96.678,+94.317,+95.842,+95.285,+96.020,+95.826,+102.974,+101.878,+101.903,+99.332,+101.058,+95.778,+103.979,+104.302,+102.776,+103.292,+97.531,+100.638,+104.254,+95.502,+103.282,+95.570
0,312,+106.401,+126.125,+94.592,+105.572,+81.750,+100.762,+114.923,+97.416,+119.036,+93.293,+134.482,+130.716,+127.207,+87.343,+103.824,+108.108,+98.706,+99.028,+88.769,+118.021,+99.366,+95.790,+96.579,+103.549,+98.980,+100.184,+96.715,+103.761,+96.732,+104.391,+95.954,+101.421,+99.681,+102.284,+103.654,+95.156,+98.668,+95.379,+104.911,+104.603
0,313,+70.907,+63.553,+72.021,+96.037,+143.469,+100.100,+96.690,+109.621,+133.091,+97.229,+111.988,+124.707,+129.636,+99.076,+120.140,+88.154,+127.356,+133.398,+109.099,+93.141,+102.238,+99.616,+99.618,+96.057,+98.168,+102.825,+95.633,+101.287,+102.107,+102.110,+101.932,+96.267,+98.171,+98.360,+99.465,+103.826,+104.110,+96.475,+95.053,+102.091
0,314,+130.349,+133.040,+116.748,+79.488,+102.721,+85.498,+123.310,+118.466,+104.647,+90.747,+114.876,+106.182,+63.044,+139.953,+168.603,+123.548,+110.957,+149.537,+106.617,+144.339,+99.147,+104.277,+102.448,+96.915,+102.115,+102.366,+100.708,+96.148,+101.804,+97.383,+101.988,+100.837,+103.057,+97.317,+101.407,+97.726,+102.872,+103.131,+96.646,+96.377
0,315,+160.365,+98.975,+134.200,+101.241,+88.928,+110.882,+101.832,+101.863,+102.678,+133.136,+120.859,+131.113,+134.735,+92.962,+78.959,+105.472,+88.516,+103.197,+108.577,+111.785,+97.609,+104.119,+100.450,+100.531,+103.079,+98.238,+99.553,+101.995,+96.511,+97.460,+97.508,+99.696,+103.813,+99.905,+104.318,+103.840,+100.621,+100.393,+97.607,+95.677
0,316,+105.132,+129.296,+135.888,+115.069,+96.664,+109.223,+76.750,+112.061,+99.273,+88.752,+119.852,+101.158,+119.572,+59.430,+122.194,+83.312,+117.628,+172.673,+98.012,+114.125,+101.291,+100.722,+101.555,+100.690,+95.729,+96.760,+97.196,+98.559,+100.910,+99.077,+104.083,+100.451,+104.349,+95.682,+95.543,+100.375,+102.578,+101.647,+97.854,+102.366
0,317,+60.891,+116.953,+130.591,+95.866,+88.802,+96.710,+106.284,+104.952,+84.247,+94.163,+127.993,+115.888,+103.501,+80.110,+83.995,+72.164,+103.374,+142.470,+125.565,+109.677,+95.959,+102.505,+96.601,+97.716,+96.021,+99.519,+102.352,+100.494,+103.313,+102.676,+96.162,+98.409,+100.676,+103.927,+104.035,+102.300,+102.899,+98.550,+100.770,+104.292
0,318,+89.164,+99.623,+121.016,+95.234,+114.853,+115.081,+128.286,+119.769,+102.374,+114.277,+95.933,+88.283,+120.445,+59.168,+135.754,+145.927,+114.213,+146.747,+108.860,+121.904,+103.327,+95.975,+98.667,+103.029,+95.554,+100.064,+102.780,+103.392,+101.796,+96.149,+95.450,+98.247,+104.929,+98.410,+103.218,+103.917,+98.391,+99.802,+103.299,+99.244
0,319,+97.793,+108.338,+116.424,+109.242,+98.547,+132.896,+96.738,+121.664,+84.943,+95.568,+139.287,+115.204,+109.271,+89.910,+89.202,+116.776,+123.112,+142.126,+83.402,+68.936,+97.021,+99.856,+100.462,+99.128,+96.168,+96.424,+100.537,+99.073,+100.138,+98.007,+98.505,+95.099,+98.631,+99.549,+104.537,+100.417,+97.789,+100.794,+101.561,+99.665
0,320,+113.230,+122.318,+114.177,+77.076,+150.306,+118.899,+106.812,+81.046,+147.652,+112.004,+93.986,+85.715,+69.441,+51.253,+135.465,+119.940,+100.325,+122.836,+132.863,+75.355,+103.953,+98.844,+98.534,+98.648,+103.892,+100.461,+98.087,+95.448,+104.222,+98.914,+95.765,+102.808,+104.791,+98.910,+104.328,+101.091,+102.462,+97.791,+100.558,+102.385
0,321,+61.087,+70.289,+113.487,+62.428,+114.582,+107.623,+103.402,+80.150,+114.832,+103.976,+103.697,+131.161,+58.846,+147.563,+108.071,+62.595,+109.068,+114.811,+110.645,+98.877,+95.882,+98.453,+99.300,+98.882,+95.354,+103.072,+102.625,+99.722,+99.528,+98.341,+101.181,+96.634,+102.683,+103.306,+97.936,+98.375,+102.472,+104.639,+98.340,+97.287
0,322,+149.532,+115.507,+98.626,+131.299,+92.678,+103.137,+119.931,+82.565,+117.473,+139.909,+79.102,+76.093,+110.553,+128.953,+102.389,+124.353,+60.522,+74.497,+74.011,+100.641,+101.063,+98.485,+96.249,+95.591,+103.124,+101.571,+98.243,+96.231,+99.500,+104.672,+100.848,+96.147,+96.643,+103.984,+97.166,+100.393,+97.253,+96.586,+99.346,+98.119
0,323,+129.801,+119.940,+131.200,+94.515,+69.321,+97.983,+69.175,+119.026,+104.561,+90.350,+91.161,+83.183,+105.997,+67.270,+90.897,+112.040,+99.728,+63.811,+67.802,+117.870,+104.486,+100.682,+100.794,+104.207,+99.553,+104.096,+98.861,+97.684,+101.923,+103.071,+103.708,+97.939,+104.260,+101.828,+100.709,+97.446,+104.058,+95.888,+95.411,+95.143
0,324,+106.504,+102.920,+84.617,+86.734,+95.134,+112.037,+80.094,+73.624,+74.552,+91.525,+123.574,+121.690,+115.159,+113.622,+81.124,+113.036,+143.726,+107.195,+114.882,+138.452,+103.767,+96.370,+97.419,+104.827,+95.855,+96.622,+100.811,+97.541,+101.784,+96.361,+102.090,+99.193,+100.142,+97.625,+104.585,+104.593,+97.832,+96.357,+98.517,+98.791
0,325,+92.358,+102.517,+118.401,+120.320,+104.759,+73.873,+64.565,+146.261,+135.528,+118.429,+120.962,+123.376,+129.044,+100.369,+92.958,+113.527,+99.395,+80.859,+126.362,+121.795,+97.934,+101.440,+101.980,+97.383,+99.582,+99.267,+104.130,+104.449,+96.939,+102.804,+101.133,+103.753,+103.266,+104.293,+104.731,+97.377,+98.328,+99.531,+96.418,+96.107
0,326,+120.765,+102.701,+150.496,+89.908,+97.507,+79.664,+97.349,+122.871,+139.193,+92.015,+91.827,+117.382,+70.584,+107.445,+129.062,+102.363,+130.553,+126.732,+103.092,+108.782,+103.652,+99.799,+101.365,+103.911,+96.744,+101.188,+103.122,+104.007,+98.127,+95.554,+97.038,+102.583,+99.821,+95.849,+96.401,+102.718,+103.285,+95.459,+104.638,+99.225
0,327,+83.951,+103.708,+145.173,+72.822,+115.135,+122.703,+88.826,+116.216,+104.524,+144.295,+115.578,+104.952,+82.841,+111.250,+86.471,+115.442,+101.188,+75.504,+97.176,+95.120,+95.953,+102.181,+98.071,+104.358,+97.056,+103.895,+98.005,+104.113,+100.995,+102.423,+101.370,+98.573,+102.964,+102.445,+98.989,+100.740,+100.988,+101.879,+98.982,+98.137
0,328,+157.095,+98.024,+39.086,+109.896,+125.396,+88.883,+153.509,+112.114,+94.334,+82.156,+123.821,+114.378,+67.933,+97.838,+86.605,+104.674,+145.418,+124.241,+85.252,+99.307,+101.001,+98.347,+99.901,+104.996,+98.667,+102.427,+95.018,+96.370,+99.203,+99.404,+98.719,+97.906,+101.604,+99.679,+104.786,+102.560,+102.724,+97.502,+99.048,+96.884
0,329,+96.401,+139.597,+100.718,+89.797,+122.695,+105.529,+112.138,+97.905,+109.279,+125.991,+82.155,+102.045,+125.903,+135.267,+93.170,+119.188,+105.035,+149.790,+107.601,+56.926,+97.390,+100.283,+98.336,+102.436,+104.780,+104.039,+95.152,+103.301,+98.827,+100.864,+101.579,+98.411,+99.296,+96.736,+95.939,+100.423,+104.590,+99.212,+102.373,+98.720
0,330,+126.488,+89.889,+58.953,+76.970,+108.170,+128.068,+87.762,+116.591,+96.743,+80.035,+132.077,+133.511,+126.924,+131.204,+99.494,+113.550,+105.093,+112.596,+99.650,+83.866,+102.922,+95.670,+100.121,+99.659,+103.746,+99.657,+101.457,+96.999,+102.308,+102.419,+104.195,+97.095,+97.012,+102.508,+103.766,+103.405,+102.381,+101.594,+101.949,+100.190
0,331,+117.124,+83.931,+111.735,+100.558,+113.051,+100.778,+101.926,+111.200,+109.494,+106.009,+73.934,+112.132,+74.405,+117.795,+54.400,+101.115,+109.594,+80.585,+144.600,+117.040,+100.562,+102.855,+95.239,+101.555,+95.161,+95.356,+103.099,+104.822,+98.042,+101.065,+100.477,+96.596,+103.771,+100.183,+99.794,+104.021,+99.144,+103.396,+101.742,+104.507
0,332,+86.031,+84.434,+131.412,+120.728,+165.609,+116.776,+102.648,+88.257,+78.635,+92.840,+136.315,+111.103,+106.136,+93.770,+117.796,+120.172,+97.995,+77.683,+94.016,+120.111,+103.758,+101.197,+102.509,+99.211,+99.072,+95.538,+97.999,+101.935,+99.850,+95.220,+101.136,+98.453,+104.448,+97.168,+100.369,+99.533,+95.890,+101.044,+103.374,+102.779
0,333,+126.706,+103.554,+136.824,+84.337,+122.412,+87.666,+80.591,+113.023,+109.051,+106.162,+98.888,+98.471,+115.754,+142.492,+92.450,+136.778,+35.131,+118.530,+140.413,+101.742,+102.173,+102.182,+100.797,+99.508,+102.278,+103.030,+98.044,+104.755,+95.897,+103.905,+97.498,+98.078,+101.015,+95.799,+103.554,+104.720,+100.518,+96.150,+101.293,+96.783
0,334,+98.476,+116.417,+88.947,+126.322,+78.086,+113.916,+130.188,+80.267,+97.673,+82.970,+112.835,+79.133,+51.490,+101.883,+144.933,+120.143,+138.767,+112.136,+109.524,+70.964,+95.179,+102.551,+95.931,+103.600,+96.413,+104.334,+95.221,+97.047,+100.553,+98.815,+103.892,+99.895,+95.089,+101.540,+101.526,+99.479,+98.462,+96.108,+95.347,+101.734
0,335,+64.233,+84.104,+134.164,+110.871,+121.531,+157.466,+73.240,+94.877,+118.170,+98.562,+63.831,+108.495,+132.738,+77.391,+126.369,+128.880,+120.182,+119.393,+96.212,+115.456,+95.884,+100.377,+104.789,+99.110,+103.065,+99.907,+95.494,+104.559,+99.463,+100.178,+101.356,+97.808,+95.149,+96.098,+104.506,+96.787,+98.147,+100.353,+98.886,+103.165
0,336,+64.099,+131.406,+99.272,+135.603,+107.913,+109.991,+94.307,+77.034,+91.936,+77.817,+89.463,+123.624,+84.334,+107.353,+104.635,+99.017,+121.106,+103.630,+130.513,+94.657,+98.852,+104.281,+104.202,+98.286,+98.561,+103.500,+101.238,+103.218,+103.596,+99.282,+100.019,+103.860,+97.834,+103.401,+102.451,+95.806,+96.248,+102.528,+95.909,+101.870
0,337,+103.121,+113.487,+116.871,+97.782,+107.135,+117.241,+102.688,+87.554,+93.374,+122.243,+64.807,+115.953,+120.149,+112.783,+138.781,+109.724,+121.919,+95.725,+118.711,+96.912,+101.760,+97.736,+101.561,+100.601,+96.851,+99.421,+102.059,+104.954,+100.559,+97.486,+98.156,+99.725,+99.239,+104.196,+97.385,+101.872,+100.670,+98.346,+101.728,+98.941
0,338,+105.429,+104.006,+75.223,+108.817,+114.275,+168.224,+137.458,+114.577,+144.194,+44.388,+136.295,+100.427,+112.791,+136.848,+132.213,+86.411,+107.708,+85.485,+82.004,+87.458,+95.071,+101.553,+99.745,+95.993,+96.027,+96.480,+102.153,+100.419,+95.685,+99.789,+97.542,+95.264,+100.125,+98.413,+98.442,+98.599,+104.428,+97.496,+97.297,+102.606
0,339,+135.066,+155.370,+76.431,+76.221,+77.035,+119.242,+115.321,+119.998,+100.652,+125.232,+117.452,+108.724,+136.462,+93.911,+107.954,+116.267,+97.541,+120.903,+105.531,+60.441,+97.107,+100.934,+96.650,+104.188,+98.240,+98.785,+100.880,+102.244,+100.375,+100.716,+104.964,+100.147,+102.195,+104.646,+95.286,+102.606,+97.377,+104.780,+97.796,+103.264
0,340,+120.940,+75.752,+94.963,+110.260,+134.239,+95.497,+116.317,+103.520,+122.927,+106.485,+124.547,+104.866,+117.589,+125.530,+109.563,+112.550,+109.614,+119.744,+88.218,+101.838,+96.187,+101.528,+96.305,+101.620,+99.348,+99.816,+97.907,+95.166,+95.921,+97.007,+101.442,+97.169,+104.787,+104.210,+96.223,+97.420,+98.972,+104.566,+103.210,+97.862
0,341,+140.348,+94.558,+124.604,+126.365,+163.300,+92.730,+133.875,+104.029,+132.337,+118.209,+112.599,+143.169,+90.228,+128.133,+124.887,+127.750,+78.660,+73.256,+132.181,+112.033,+98.468,+101.756,+104.954,+99.842,+101.761,+101.972,+104.154,+104.016,+99.734,+97.099,+101.668,+96.288,+99.390,+99.636,+96.840,+98.192,+103.964,+96.533,+100.869,+103.977
0,342,+124.842,+113.784,+109.258,+95.267,+145.641,+94.420,+104.485,+76.801,+97.672,+117.023,+94.558,+124.157,+138.850,+125.665,+123.542,+112.765,+92.672,+87.148,+120.768,+85.380,+98.374,+104.302,+98.376,+97.697,+96.985,+99.075,+98.477,+101.399,+104.620,+97.010,+101.329,+95.967,+95.448,+100.017,+99.904,+100.160,+104.752,+98.593,+99.201,+97.955
0,343,+95.725,+119.189,+96.842,+106.694,+127.495,+124.688,+124.719,+133.578,+56.467,+115.710,+106.758,+96.039,+123.047,+92.219,+91.108,+98.026,+99.565,+110.519,+128.445,+116.983,+103.166,+95.232,+102.702,+96.475,+99.283,+97.601,+95.897,+103.458,+97.842,+101.496,+100.902,+95.747,+95.036,+98.059,+104.013,+103.666,+102.983,+100.302,+102.563,+104.995
0,344,+99.761,+105.742,+121.461,+98.765,+89.058,+129.051,+117.416,+105.720,+106.584,+71.864,+126.821,+63.940,+92.401,+146.663,+85.571,+92.950,+132.174,+107.133,+111.978,+106.369,+97.174,+101.071,+96.136,+97.186,+104.715,+100.647,+100.396,+103.913,+97.788,+97.219,+104.692,+99.584,+96.507,+96.827,+99.491,+97.217,+102.372,+97.315,+98.354,+101.112
0,345,+85.461,+99.048,+110.194,+127.414,+112.981,+118.955,+83.470,+89.191,+76.497,+106.127,+110.111,+133.658,+114.196,+123.366,+109.350,+98.742,+121.715,+76.721,+74.292,+82.211,+96.131,+104.404,+102.886,+97.735,+101.600,+100.655,+100.449,+98.101,+103.461,+104.972,+97.132,+100.458,+102.452,+95.125,+98.331,+97.475,+102.951,+102.809,+102.410,+100.624
0,346,+116.121,+110.561,+113.069,+102.442,+93.452,+101.903,+82.836,+119.512,+72.372,+103.499,+121.703,+85.454,+132.555,+118.158,+83.409,+87.841,+111.193,+94.685,+100.880,+95.360,+102.911,+100.606,+102.608,+97.405,+95.632,+97.605,+95.528,+100.029,+100.211,+99.852,+99.922,+100.848,+100.854,+101.698,+99.951,+102.374,+104.371,+100.631,+100.197,+96.258
0,347,+104.311,+91.952,+88.936,+80.390,+105.628,+109.647,+136.766,+90.962,+93.768,+121.154,+120.696,+145.138,+120.763,+99.867,+120.552,+148.561,+113.694,+107.905,+86.964,+100.829,+97.937,+96.444,+98.890,+99.598,+99.575,+102.423,+103.510,+99.444,+97.952,+101.216,+95.925,+101.144,+104.345,+100.812,+98.779,+104.033,+97.569,+103.299,+96.092,+100.649
0,348,+135.660,+113.114,+110.126,+111.974,+102.446,+69.700,+87.218,+89.870,+135.627,+109.179,+131.760,+96.122,+132.601,+142.282,+111.817,+83.101,+117.481,+133.523,+89.680,+109.190,+95.642,+95.877,+97.550,+103.518,+95.421,+96.035,+102.711,+102.645,+98.546,+102.459,+104.050,+102.538,+101.289,+102.781,+98.743,+97.722,+95.984,+99.741,+98.257,+98.812
0,349,+100.381,+72.011,+127.949,+93.812,+92.562,+119.488,+91.561,+94.092,+151.423,+107.957,+94.735,+73.670,+105.059,+114.464,+99.051,+88.289,+117.409,+114.912,+132.859,+110.579,+98.484,+99.277,+99.029,+100.464,+100.338,+102.142,+104.885,+99.404,+103.945,+98.270,+96.788,+95.699,+104.673,+101.228,+101.446,+102.658,+96.651,+100.501,+96.877,+100.271
0,350,+104.003,+90.766,+125.453,+107.468,+130.270,+143.244,+108.803,+125.389,+78.478,+91.534,+124.104,+88.978,+107.603,+64.205,+114.631,+114.798,+113.449,+146.456,+135.625,+120.227,+104.517,+98.888,+98.986,+104.635,+95.166,+99.628,+96.892,+101.950,+104.105,+97.938,+97.196,+99.414,+103.055,+102.547,+104.635,+103.449,+100.142,+98.546,+104.854,+100.167
0,351,+86.797,+135.648,+89.751,+114.259,+100.022,+126.902,+92.685,+91.722,+143.074,+86.677,+79.893,+73.644,+152.622,+82.157,+128.172,+138.326,+87.901,+106.516,+123.633,+81.056,+101.806,+101.182,+98.920,+103.106,+102.813,+96.122,+98.571,+103.056,+101.580,+101.863,+97.207,+96.704,+103.204,+102.645,+98.866,+104.435,+101.435,+101.793,+96.568,+102.410
0,352,+99.186,+131.465,+106.215,+88.013,+106.939,+89.973,+117.364,+117.659,+64.199,+74.170,+105.563,+121.720,+108.618,+121.073,+109.482,+85.194,+92.291,+109.551,+133.215,+116.786,+103.587,+98.955,+98.113,+99.590,+100.415,+96.459,+104.845,+96.269,+101.518,+96.615,+95.476,+100.150,+102.442,+99.397,+95.606,+97.733,+100.089,+95.152,+97.122,+95.533
0,353,+102.048,+135.634,+130.090,+112.765,+133.277,+123.755,+138.248,+97.932,+105.978,+104.276,+143.409,+122.397,+113.897,+145.755,+104.983,+81.236,+90.908,+126.134,+103.448,+102.455,+99.100,+103.103,+102.428,+99.833,+98.736,+97.258,+103.073,+98.361,+100.668,+104.041,+103.857,+96.692,+95.311,+102.886,+101.403,+102.465,+101.501,+98.122,+99.931,+95.206
0,354,+55.245,+110.021,+98.170,+154.617,+70.695,+48.380,+127.717,+114.739,+120.869,+66.788,+57.824,+83.287,+129.937,+126.346,+68.533,+110.781,+103.488,+117.021,+130.897,+122.977,+103.805,+102.713,+99.742,+98.095,+104.472,+97.307,+103.924,+104.295,+100.961,+97.941,+97.323,+95.565,+102.184,+100.489,+100.464,+98.668,+97.368,+99.490,+96.954,+102.874
0,355,+61.722,+134.061,+136.184,+91.956,+131.771,+98.025,+96.731,+97.095,+99.314,+92.184,+119.931,+122.643,+72.126,+139.098,+111.485,+99.610,+88.519,+117.227,+121.054,+101.144,+101.580,+97.497,+101.615,+95.639,+102.088,+102.668,+99.763,+95.054,+97.689,+95.275,+99.493,+101.277,+96.854,+103.794,+102.026,+95.887,+103.852,+102.022,+103.716,+102.749
0,356,+99.823,+107.755,+63.770,+97.941,+85.380,+79.440,+115.475,+116.500,+143.063,+94.296,+112.614,+123.257,+121.938,+142.882,+56.281,+86.145,+117.237,+101.279,+102.839,+121.634,+99.714,+95.977,+100.177,+99.435,+102.521,+102.625,+95.206,+99.315,+96.443,+97.292,+99.719,+101.204,+103.514,+97.514,+101.157,+100.857,+101.047,+97.328,+100.214,+95.800
0,357,+107.348,+127.979,+104.868,+91.133,+107.681,+106.279,+99.307,+129.460,+127.697,+96.305,+115.341,+149.446,+101.292,+124.612,+133.135,+128.721,+100.117,+96.153,+109.305,+63.604,+102.277,+96.850,+96.038,+103.047,+103.344,+101.471,+95.604,+97.718,+96.708,+95.135,+101.582,+96.703,+103.500,+96.415,+98.212,+103.216,+100.420,+101.747,+98.788,+99.069
0,358,+132.459,+117.827,+95.480,+131.836,+106.977,+134.543,+116.195,+110.621,+88.615,+77.863,+81.095,+116.027,+76.283,+113.790,+91.015,+110.405,+55.157,+162.280,+91.087,+160.063,+97.889,+103.389,+98.545,+98.148,+95.597,+99.570,+100.059,+95.179,+98.491,+99.588,+100.405,+96.753,+103.169,+100.882,+100.206,+96.469,+104.751,+96.258,+96.625,+104.866
0,359,+120.843,+107.205,+136.160,+79.769,+101.171,+108.893,+118.942,+114.205,+70.063,+131.267,+93.649,+92.470,+116.051,+147.947,+105.238,+70.837,+62.691,+117.234,+167.304,+119.158,+97.919,+97.970,+102.746,+95.571,+96.427,+99.839,+96.914,+96.963,+97.557,+98.255,+99.239,+100.511,+102.373,+97.860,+100.972,+99.634,+99.766,+104.697,+101.524,+97.195
0,360,+94.855,+128.951,+112.111,+118.697,+123.006,+146.471,+102.610,+106.833,+95.909,+122.760,+123.333,+120.379,+78.732,+112.049,+94.139,+119.920,+118.970,+98.907,+61.834,+86.658,+103.263,+98.613,+103.163,+95.680,+96.564,+103.208,+103.070,+98.099,+104.647,+99.072,+101.611,+97.150,+102.846,+96.993,+97.145,+98.328,+103.994,+101.546,+101.311,+98.778
0,361,+101.634,+112.958,+113.468,+96.831,+79.822,+108.138,+134.281,+99.018,+108.952,+138.912,+100.198,+97.765,+90.209,+76.334,+112.019,+144.510,+99.405,+109.873,+88.981,+109.085,+99.284,+96.649,+102.704,+101.807,+101.900,+102.485,+102.012,+99.538,+97.377,+98.529,+104.094,+104.106,+104.633,+101.145,+95.687,+97.675,+96.663,+104.482,+98.284,+96.888
0,362,+133.484,+116.918,+135.618,+109.406,+77.326,+125.926,+118.961,+107.957,+75.811,+95.634,+84.340,+86.188,+96.485,+107.527,+112.475,+101.328,+100.756,+90.421,+90.338,+107.081,+95.587,+98.717,+98.601,+98.861,+95.972,+103.206,+103.422,+103.843,+100.199,+97.365,+97.836,+98.545,+96.434,+102.975,+97.378,+104.172,+98.968,+103.513,+103.238,+102.694
0,363,+142.106,+131.517,+78.840,+113.350,+82.218,+91.325,+139.000,+116.882,+118.664,+99.578,+104.584,+109.498,+91.013,+104.891,+131.033,+61.486,+144.461,+92.250,+106.708,+121.024,+100.542,+96.625,+101.379,+97.116,+104.492,+103.861,+104.769,+100.857,+104.357,+104.062,+98.395,+100.092,+104.316,+99.549,+97.743,+95.623,+96.367,+100.319,+102.946,+100.274
0,364,+108.714,+118.086,+107.843,+93.345,+96.367,+81.288,+118.003,+113.526,+60.391,+112.248,+138.234,+120.431,+109.089,+100.364,+96.089,+95.149,+129.727,+66.211,+119.246,+134.333,+101.869,+101.890,+97.705,+104.419,+97.048,+97.156,+102.318,+103.560,+97.447,+95.443,+95.029,+97.231,+102.964,+96.383,+101.802,+101.433,+98.672,+97.852,+104.950,+104.979
0,365,+94.103,+123.231,+109.314,+107.206,+44.608,+115.316,+110.068,+128.853,+119.534,+87.535,+96.643,+125.651,+111.296,+110.319,+91.322,+76.513,+109.596,+101.642,+102.272,+77.349,+96.054,+96.575,+100.176,+102.168,+101.003,+100.391,+96.381,+101.405,+97.250,+104.882,+100.651,+104.509,+99.015,+104.317,+101.130,+100.223,+97.585,+104.062,+99.770,+100.913
0,366,+106.939,+109.458,+135.203,+110.052,+119.719,+92.987,+112.376,+131.725,+111.999,+101.156,+111.158,+126.326,+118.532,+128.908,+91.277,+105.432,+79.242,+95.844,+126.269,+84.665,+99.941,+103.090,+102.817,+96.790,+95.158,+100.691,+99.388,+97.006,+103.913,+98.912,+103.827,+100.614,+98.279,+101.284,+100.549,+101.210,+102.474,+103.626,+96.349,+99.203
0,367,+114.453,+137.889,+93.325,+87.387,+87.377,+94.349,+123.851,+86.234,+110.076,+138.818,+97.158,+113.317,+129.096,+86.530,+110.088,+79.350,+101.462,+111.304,+105.405,+143.068,+96.811,+95.166,+95.942,+97.522,+102.764,+101.100,+96.760,+100.414,+104.942,+103.614,+102.219,+102.798,+102.177,+101.312,+100.271,+98.522,+98.834,+97.913,+95.985,+101.358
0,368,+97.728,+91.241,+106.034,+74.103,+104.369,+125.604,+120.313,+93.714,+108.666,+115.347,+132.886,+110.281,+94.460,+85.177,+82.401,+70.833,+109.459,+88.989,+87.086,+103.764,+104.000,+95.629,+95.394,+104.407,+97.508,+103.363,+104.341,+97.793,+102.469,+100.059,+100.490,+95.339,+95.906,+104.883,+97.616,+96.377,+101.760,+99.085,+103.340,+100.356
0,369,+86.536,+111.746,+96.369,+147.595,+108.826,+63.526,+105.011,+84.777,+91.805,+106.006,+95.786,+81.768,+90.476,+140.864,+138.038,+90.693,+76.494,+107.225,+113.807,+92.842,+100.106,+96.398,+100.874,+98.503,+98.318,+102.205,+99.774,+103.137,+103.617,+97.792,+103.510,+101.872,+95.523,+102.859,+101.872,+102.248,+99.200,+101.736,+100.725,+99.100
0,370,+110.222,+122.438,+117.302,+162.646,+90.200,+59.860,+101.423,+134.860,+128.178,+115.108,+104.160,+93.127,+87.537,+67.767,+94.871,+108.502,+114.225,+106.694,+137.438,+95.080,+96.920,+104.190,+104.907,+98.205,+95.362,+102.030,+96.207,+104.244,+99.104,+104.872,+99.111,+104.727,+95.470,+97.082,+101.891,+103.583,+96.392,+95.747,+95.930,+98.958
0,371,+100.039,+93.279,+77.598,+142.601,+128.700,+81.690,+80.520,+82.270,+122.923,+113.387,+81.777,+99.523,+119.255,+90.322,+123.273,+111.932,+138.453,+75.944,+98.259,+101.791,+103.226,+104.159,+103.183,+101.572,+102.146,+97.199,+102.196,+100.360,+99.086,+97.056,+104.942,+97.646,+96.992,+98.658,+99.731,+101.888,+99.748,+103.449,+102.771,+95.685
0,372,+98.147,+134.494,+139.913,+78.133,+111.639,+123.239,+85.652,+80.864,+111.347,+103.887,+69.127,+110.159,+111.922,+97.787,+108.377,+115.337,+125.456,+116.160,+89.560,+106.929,+100.259,+101.947,+103.132,+95.251,+102.254,+96.753,+95.350,+102.929,+98.193,+95.078,+98.519,+96.269,+100.348,+100.155,+104.767,+99.860,+97.073,+102.131,+104.053,+102.336
0,373,+86.369,+124.662,+60.210,+109.426,+109.502,+109.437,+88.904,+99.369,+99.371,+103.052,+96.726,+104.163,+88.395,+79.709,+121.427,+93.977,+63.725,+110.175,+118.582,+84.658,+101.972,+102.287,+96.180,+101.956,+103.385,+104.862,+95.215,+95.655,+102.620,+97.482,+100.303,+96.211,+102.183,+102.629,+98.218,+101.313,+98.810,+101.939,+104.341,+104.896
0,374,+89.238,+100.199,+130.518,+138.747,+122.464,+82.098,+106.597,+124.462,+110.981,+79.139,+65.755,+96.604,+121.368,+85.178,+94.733,+66.448,+78.430,+97.327,+104.365,+78.147,+100.353,+98.046,+99.207,+104.796,+95.875,+98.025,+99.737,+98.371,+102.639,+102.725,+96.310,+97.441,+102.949,+100.417,+100.753,+99.381,+99.212,+95.520,+103.466,+101.963
0,375,+104.586,+103.007,+106.570,+91.750,+94.258,+123.055,+78.790,+113.240,+108.869,+125.949,+95.396,+101.037,+103.984,+103.557,+91.303,+119.521,+63.659,+61.668,+155.502,+95.028,+102.541,+95.458,+102.925,+98.561,+101.424,+104.769,+99.231,+102.104,+99.081,+101.928,+101.195,+99.840,+103.652,+99.794,+97.637,+95.282,+99.143,+104.564,+97.938,+97.104
0,376,+114.539,+105.780,+129.340,+111.042,+107.683,+115.088,+93.964,+135.553,+94.983,+155.631,+112.650,+128.369,+126.712,+77.514,+113.000,+126.718,+76.022,+109.245,+132.985,+70.264,+99.003,+102.939,+104.339,+100.652,+98.331,+95.164,+104.674,+104.192,+95.901,+103.022,+99.052,+100.639,+98.579,+100.889,+96.181,+102.642,+103.250,+104.275,+97.945,+96.046
0,377,+91.769,+130.788,+88.852,+115.950,+73.459,+84.054,+129.493,+115.851,+69.053,+66.487,+72.481,+110.019,+105.554,+101.396,+122.946,+80.888,+90.914,+78.684,+153.613,+118.831,+104.880,+104.180,+95.992,+99.705,+98.436,+104.496,+96.047,+96.935,+95.460,+95.114,+97.384,+100.711,+103.271,+101.783,+104.207,+100.789,+99.058,+102.570,+96.796,+103.406
0,378,+121.580,+110.952,+91.087,+92.687,+103.791,+112.518,+140.572,+97.095,+111.160,+75.559,+120.629,+80.899,+143.839,+124.745,+121.839,+107.389,+161.296,+138.903,+107.347,+85.905,+100.630,+103.441,+101.389,+103.043,+102.374,+97.421,+99.859,+101.930,+103.605,+99.294,+97.895,+101.352,+102.593,+99.871,+99.712,+95.784,+98.773,+99.402,+100.711,+97.229
0,379,+129.365,+121.884,+114.788,+84.732,+87.291,+109.803,+79.271,+95.174,+120.792,+107.130,+101.052,+104.532,+71.963,+128.623,+151.763,+102.181,+99.496,+103.583,+84.859,+128.544,+95.993,+97.734,+101.475,+100.999,+101.258,+99.959,+100.724,+96.955,+96.462,+99.318,+99.318,+104.341,+96.580,+96.505,+95.132,+101.219,+103.495,+104.070,+95.828,+103.565
0,380,+101.919,+109.971,+130.472,+57.933,+142.518,+115.968,+130.353,+119.005,+133.264,+120.800,+110.842,+110.755,+120.025,+137.846,+50.731,+105.345,+99.890,+65.647,+122.934,+121.110,+95.175,+104.990,+97.624,+102.224,+96.765,+101.010,+101.204,+100.294,+95.313,+97.920,+95.138,+96.697,+97.511,+104.304,+100.553,+99.885,+99.271,+103.870,+96.631,+103.094
0,381,+67.099,+77.052,+105.438,+88.411,+108.325,+98.402,+109.155,+118.629,+98.526,+60.704,+141.422,+125.474,+142.957,+135.683,+153.530,+141.779,+71.596,+125.115,+132.936,+139.324,+100.552,+98.951,+102.518,+95.432,+99.220,+96.175,+95.650,+97.289,+99.415,+96.777,+101.317,+104.360,+99.984,+95.198,+101.078,+103.956,+103.429,+97.020,+96.467,+99.724
0,382,+87.144,+111.772,+96.909,+99.197,+86.295,+107.059,+102.477,+55.753,+85.251,+115.695,+134.107,+96.572,+119.924,+117.218,+106.721,+127.353,+117.641,+86.712,+75.670,+74.049,+100.774,+101.502,+98.531,+99.963,+98.807,+104.859,+100.669,+95.284,+99.338,+102.408,+103.140,+101.750,+101.385,+97.761,+100.622,+102.004,+96.649,+95.659,+100.746,+103.303
0,383,+124.664,+96.961,+108.491,+66.871,+122.983,+105.597,+96.874,+116.681,+89.130,+123.685,+138.891,+102.389,+116.045,+88.517,+91.051,+108.843,+103.732,+113.347,+76.783,+95.602,+102.504,+104.394,+96.610,+103.048,+96.346,+100.350,+95.235,+97.193,+103.291,+103.046,+98.113,+102.082,+103.832,+100.084,+96.306,+102.881,+101.453,+95.122,+103.866,+101.368
0,384,+115.505,+104.260,+88.728,+103.816,+105.240,+73.223,+91.634,+91.891,+123.178,+116.206,+94.631,+104.133,+144.407,+100.515,+122.971,+103.939,+93.604,+106.837,+96.155,+95.536,+101.261,+99.639,+98.104,+99.398,+99.401,+99.606,+101.512,+98.771,+101.496,+96.031,+97.995,+99.836,+99.347,+103.680,+97.201,+99.306,+95.227,+98.432,+99.462,+96.459
0,385,+82.439,+91.623,+100.829,+81.313,+142.623,+98.362,+136.819,+141.265,+113.793,+102.562,+111.605,+73.436,+109.725,+89.082,+101.708,+102.111,+78.756,+65.670,+110.317,+102.280,+104.957,+103.042,+96.206,+99.205,+95.885,+100.608,+96.512,+104.309,+101.786,+98.813,+97.211,+95.827,+104.823,+97.319,+103.702,+101.338,+96.609,+100.840,+97.738,+100.791
0,386,+103.664,+104.886,+101.791,+158.938,+82.583,+78.865,+101.055,+89.028,+96.070,+97.186,+87.744,+97.793,+100.183,+89.132,+85.740,+123.763,+118.852,+59.346,+104.183,+118.198,+98.631,+96.437,+97.898,+101.002,+101.438,+98.955,+97.494,+103.614,+96.794,+102.375,+102.828,+104.757,+100.064,+100.384,+96.272,+95.347,+96.954,+97.628,+104.616,+98.080
0,387,+97.191,+91.928,+111.591,+86.334,+133.793,+68.123,+122.144,+93.063,+95.670,+107.754,+104.024,+109.989,+123.827,+107.602,+98.913,+96.050,+124.462,+86.876,+78.231,+82.513,+102.890,+102.158,+97.133,+102.896,+100.593,+103.183,+100.466,+100.848,+95.420,+95.291,+101.380,+96.946,+95.042,+96.421,+102.172,+98.931,+101.384,+98.988,+99.344,+103.637
0,388,+119.004,+116.905,+79.645,+114.773,+92.991,+120.448,+127.369,+89.738,+94.281,+82.857,+101.257,+121.657,+102.374,+126.191,+120.656,+110.116,+83.916,+110.081,+114.790,+100.273,+101.729,+98.635,+98.291,+97.374,+97.417,+103.715,+98.210,+103.434,+96.038,+102.529,+97.143,+103.900,+98.676,+95.800,+95.406,+102.674,+100.389,+103.429,+102.253,+97.739
0,389,+121.337,+109.842,+80.011,+134.315,+109.127,+104.666,+140.888,+86.971,+91.463,+150.545,+115.257,+109.504,+117.608,+139.954,+112.554,+91.274,+97.271,+94.669,+63.034,+123.592,+97.202,+95.983,+96.828,+102.388,+104.961,+99.481,+104.359,+98.968,+101.074,+97.841,+100.856,+103.813,+95.916,+102.296,+96.642,+103.089,+101.573,+102.084,+98.685,+102.452
0,390,+94.301,+88.373,+111.934,+88.064,+87.464,+67.807,+118.807,+76.549,+94.657,+126.861,+127.548,+83.253,+134.792,+88.965,+133.760,+130.664,+127.189,+134.077,+96.921,+116.672,+104.905,+95.525,+98.300,+102.998,+95.941,+95.723,+100.018,+100.629,+103.440,+96.994,+99.492,+99.142,+103.152,+97.610,+103.251,+97.795,+102.790,+100.038,+104.590,+99.893
0,391,+128.004,+109.073,+95.883,+120.148,+109.210,+106.028,+108.003,+136.144,+109.244,+96.025,+140.334,+116.779,+127.224,+78.210,+107.693,+91.065,+75.113,+121.113,+119.844,+54.759,+104.514,+95.203,+103.481,+101.126,+103.368,+102.431,+97.981,+98.832,+101.371,+97.670,+95.363,+103.003,+104.645,+96.496,+96.888,+103.716,+103.598,+103.269,+104.876,+104.062
0,392,+95.209,+99.806,+121.634,+94.863,+127.195,+55.896,+92.055,+118.378,+79.950,+87.029,+90.296,+131.372,+83.954,+135.574,+81.590,+125.057,+117.189,+62.866,+103.965,+99.264,+99.060,+102.218,+97.479,+102.590,+98.247,+104.155,+96.434,+103.147,+98.689,+99.689,+104.105,+104.889,+101.000,+98.764,+100.072,+103.946,+104.261,+102.076,+95.115,+100.114
0,393,+81.803,+117.927,+98.992,+117.923,+92.536,+136.985,+70.277,+94.807,+125.458,+106.712,+124.635,+119.944,+103.719,+101.072,+76.706,+114.243,+79.163,+93.709,+165.180,+104.604,+100.274,+99.440,+97.666,+98.054,+101.734,+98.600,+96.873,+100.621,+97.037,+101.026,+104.520,+101.127,+103.600,+104.797,+99.081,+103.888,+98.693,+95.257,+101.939,+99.110
0,394,+132.770,+115.505,+117.414,+87.385,+105.007,+103.800,+83.783,+122.172,+64.131,+131.749,+93.245,+88.427,+95.618,+104.944,+107.224,+92.268,+124.223,+135.669,+139.425,+67.730,+102.623,+99.824,+97.886,+101.825,+104.519,+98.357,+96.099,+100.249,+102.083,+104.932,+99.211,+104.194,+103.525,+101.245,+104.835,+99.597,+103.436,+100.964,+97.649,+97.707
0,395,+92.534,+104.531,+106.069,+97.266,+95.398,+91.683,+106.259,+90.524,+115.785,+109.724,+106.586,+118.584,+68.257,+114.993,+104.347,+83.953,+104.622,+106.245,+91.079,+123.196,+102.964,+103.339,+101.801,+100.099,+102.310,+103.848,+100.866,+102.112,+104.324,+102.408,+101.840,+100.219,+97.221,+100.903,+100.010,+103.914,+103.874,+100.068,+102.385,+103.349
0,396,+117.101,+99.123,+131.338,+126.174,+108.621,+129.140,+136.379,+78.851,+106.466,+112.523,+88.259,+94.903,+76.916,+86.110,+90.416,+149.421,+118.241,+105.261,+113.100,+129.953,+100.750,+103.931,+96.282,+100.356,+97.300,+96.205,+97.561,+99.270,+98.430,+99.029,+101.922,+102.024,+99.998,+103.573,+96.326,+101.155,+104.748,+102.147,+99.715,+99.042
0,397,+99.771,+139.813,+117.318,+77.371,+130.566,+108.344,+144.741,+138.489,+103.581,+89.079,+116.845,+110.128,+129.113,+117.719,+47.943,+79.466,+115.674,+123.271,+132.126,+105.560,+104.335,+104.403,+98.265,+97.631,+98.603,+104.917,+100.154,+96.166,+99.565,+100.349,+104.893,+101.676,+99.626,+101.297,+96.703,+103.002,+98.832,+95.637,+101.214,+100.416
0,398,+117.951,+130.087,+130.671,+105.267,+104.472,+106.299,+74.630,+86.149,+105.500,+69.196,+100.493,+102.750,+114.879,+122.159,+90.469,+104.626,+100.221,+79.684,+124.126,+94.680,+95.702,+97.416,+98.577,+100.235,+103.501,+103.253,+101.898,+104.771,+104.703,+101.444,+104.749,+98.888,+103.377,+104.018,+102.888,+96.205,+102.108,+95.631,+98.576,+100.497
0,399,+118.222,+118.855,+131.258,+77.360,+87.902,+78.702,+128.739,+75.089,+102.206,+111.564,+118.627,+92.777,+97.645,+110.479,+61.954,+120.607,+114.119,+92.044,+80.616,+130.372,+99.372,+98.511,+100.856,+104.469,+100.815,+102.051,+102.479,+102.763,+104.464,+98.402,+103.810,+104.604,+100.483,+103.957,+103.191,+102.609,+96.015,+100.780,+104.988,+95.658
0,400,+81.446,+82.318,+136.028,+97.147,+83.365,+109.653,+98.627,+127.092,+128.690,+100.513,+120.481,+97.405,+55.009,+79.342,+143.592,+113.229,+60.065,+96.688,+123.643,+69.960,+98.805,+103.731,+95.793,+96.725,+103.705,+101.806,+104.203,+104.748,+98.281,+96.969,+101.411,+96.471,+98.629,+104.502,+96.726,+102.284,+100.892,+96.292,+99.063,+104.859
0,401,+122.444,+91.015,+79.920,+129.157,+107.045,+82.520,+125.552,+85.834,+146.638,+65.208,+138.539,+96.774,+115.672,+133.299,+112.691,+123.974,+131.885,+140.183,+119.560,+96.514,+104.443,+103.941,+99.485,+104.894,+101.021,+102.119,+96.446,+96.458,+96.439,+102.293,+96.511,+104.195,+97.160,+97.807,+97.575,+99.396,+101.692,+95.683,+102.946,+99.629
0,402,+102.850,+113.045,+132.686,+106.907,+106.591,+141.530,+90.380,+135.959,+165.382,+112.734,+114.055,+95.538,+106.314,+107.447,+119.999,+107.008,+120.796,+114.166,+119.791,+147.206,+96.237,+104.060,+97.411,+103.966,+95.259,+101.483,+95.561,+99.036,+101.286,+98.849,+102.220,+98.543,+95.850,+101.343,+100.229,+96.524,+104.958,+97.976,+103.077,+101.676
0,403,+117.348,+103.703,+115.683,+113.730,+94.899,+134.124,+107.037,+105.906,+135.542,+68.019,+66.515,+127.296,+137.684,+138.553,+109.458,+132.152,+115.901,+98.769,+93.091,+115.649,+103.627,+102.139,+102.517,+102.124,+97.400,+99.562,+103.774,+100.175,+103.642,+100.400,+98.705,+104.068,+95.576,+98.320,+96.899,+97.657,+100.823,+97.677,+98.925,+102.478
0,404,+106.214,+134.352,+100.782,+97.612,+117.821,+101.681,+97.978,+89.149,+108.371,+94.876,+96.107,+105.543,+129.339,+110.921,+83.136,+118.498,+134.386,+93.437,+93.861,+83.615,+96.692,+101.687,+99.739,+99.036,+101.324,+98.035,+98.088,+95.144,+97.414,+99.342,+103.307,+104.794,+97.865,+104.881,+102.778,+95.759,+95.072,+100.327,+98.420,+102.697
0,405,+106.503,+115.072,+105.150,+92.049,+132.006,+75.047,+88.809,+106.082,+104.419,+135.290,+130.829,+104.748,+122.323,+131.976,+133.603,+100.676,+145.428,+83.000,+117.684,+101.898,+103.891,+101.647,+97.190,+102.145,+99.449,+96.818,+101.371,+101.702,+101.748,+99.317,+98.075,+96.928,+95.354,+96.857,+100.332,+95.555,+101.480,+102.435,+104.225,+104.298
0,406,+93.387,+114.347,+104.804,+65.346,+75.678,+134.218,+141.211,+84.014,+81.037,+107.493,+113.787,+101.140,+99.752,+88.828,+94.564,+101.615,+85.669,+119.555,+92.824,+104.031,+104.635,+101.743,+101.495,+97.944,+98.479,+103.425,+104.297,+100.694,+101.065,+97.163,+102.291,+99.045,+101.592,+98.788,+103.260,+102.234,+103.947,+96.933,+101.123,+101.424
0,407,+93.975,+93.698,+81.668,+81.066,+87.058,+106.127,+57.330,+142.679,+118.702,+96.998,+110.577,+117.350,+87.622,+96.083,+102.381,+142.984,+72.213,+105.327,+114.406,+105.179,+98.188,+97.437,+103.048,+104.299,+97.068,+100.952,+98.475,+96.405,+99.779,+97.773,+102.986,+98.519,+99.691,+95.977,+97.465,+101.432,+96.914,+98.082,+96.808,+99.916
0,408,+95.081,+117.598,+96.676,+114.657,+110.777,+127.970,+77.664,+106.923,+120.379,+99.160,+124.337,+121.504,+101.860,+78.987,+127.770,+98.173,+106.632,+67.541,+105.989,+92.164,+104.460,+95.010,+95.043,+104.223,+97.467,+100.064,+98.112,+102.882,+103.733,+100.525,+95.695,+96.256,+97.095,+103.873,+102.217,+97.606,+99.549,+104.950,+96.035,+95.086
0,409,+100.588,+96.463,+101.628,+121.785,+82.785,+119.736,+118.597,+110.940,+109.786,+129.977,+84.802,+142.508,+89.108,+92.967,+103.455,+89.148,+84.617,+107.038,+60.270,+86.555,+102.446,+96.634,+96.080,+101.958,+103.847,+104.868,+97.601,+104.643,+95.508,+97.587,+98.241,+96.590,+97.099,+99.457,+100.532,+104.695,+95.849,+99.987,+104.898,+100.110
0,410,+108.649,+91.652,+114.457,+122.983,+76.805,+127.091,+105.259,+103.060,+101.453,+125.635,+119.147,+132.671,+149.006,+85.435,+67.837,+107.651,+106.913,+102.660,+102.455,+107.218,+104.836,+99.248,+104.671,+98.019,+104.652,+104.317,+104.717,+98.975,+99.288,+97.473,+99.001,+95.323,+102.344,+95.504,+98.825,+101.368,+97.690,+95.529,+102.071,+97.928
0,411,+70.650,+54.653,+118.559,+98.850,+113.515,+71.105,+116.164,+74.727,+85.375,+106.785,+106.619,+104.814,+97.302,+99.753,+87.907,+120.699,+109.756,+103.093,+109.876,+102.285,+102.712,+95.712,+97.446,+100.035,+95.978,+96.909,+99.137,+98.556,+100.165,+104.480,+100.037,+98.198,+97.028,+104.128,+100.118,+103.312,+102.757,+102.062,+101.988,+98.136
0,412,+81.236,+90.875,+119.443,+106.360,+73.122,+92.594,+127.703,+116.103,+100.256,+118.782,+116.848,+103.935,+93.016,+98.140,+100.641,+130.600,+108.218,+111.236,+84.303,+119.301,+95.187,+104.981,+97.391,+99.662,+99.492,+101.312,+100.047,+104.713,+97.136,+103.129,+95.018,+99.891,+95.892,+96.970,+103.017,+100.232,+100.246,+100.528,+98.642,+96.242
0,413,+114.340,+91.766,+103.556,+102.345,+101.082,+111.039,+89.082,+108.853,+73.031,+107.921,+94.889,+110.682,+114.144,+92.197,+111.407,+149.596,+99.602,+166.411,+75.162,+136.684,+97.561,+104.395,+97.291,+95.807,+104.761,+97.359,+104.704,+96.205,+102.651,+95.220,+103.844,+102.466,+100.951,+101.172,+103.203,+97.436,+99.814,+97.339,+101.211,+100.589
0,414,+85.783,+83.121,+88.464,+122.200,+148.449,+75.616,+78.850,+100.141,+110.012,+78.058,+103.262,+94.745,+158.199,+131.712,+134.566,+109.616,+107.741,+111.526,+154.028,+116.964,+103.262,+104.661,+102.592,+101.280,+98.104,+99.822,+96.108,+98.591,+96.292,+95.513,+102.308,+101.842,+103.911,+99.931,+102.280,+100.877,+102.449,+100.705,+103.184,+98.109
0,415,+127.923,+125.763,+89.712,+102.880,+87.491,+104.284,+72.923,+108.656,+94.195,+97.238,+131.890,+99.162,+109.013,+99.142,+97.825,+128.230,+118.795,+104.326,+147.767,+127.272,+96.446,+98.421,+98.091,+98.478,+97.857,+102.714,+102.697,+103.750,+95.828,+98.928,+95.782,+97.957,+103.785,+104.876,+99.049,+95.528,+102.633,+96.758,+102.794,+96.711
0,416,+97.034,+74.044,+115.028,+134.395,+128.946,+104.470,+130.421,+117.623,+85.077,+120.472,+132.474,+114.406,+86.710,+92.643,+116.862,+72.907,+104.235,+84.713,+108.766,+103.522,+98.190,+95.210,+103.429,+99.437,+96.471,+97.714,+104.784,+99.599,+95.908,+99.887,+103.853,+96.196,+104.718,+98.947,+100.637,+102.342,+101.888,+97.224,+96.666,+96.663
0,417,+81.011,+137.310,+78.565,+105.480,+112.903,+79.569,+119.027,+104.541,+105.714,+85.088,+139.717,+107.826,+84.699,+117.806,+126.103,+123.632,+117.038,+106.198,+83.597,+118.462,+99.630,+102.281,+99.519,+101.772,+100.583,+102.977,+98.359,+102.275,+102.988,+100.494,+102.946,+103.719,+102.858,+99.518,+95.059,+95.405,+96.708,+104.111,+97.049,+98.675
0,418,+156.828,+144.423,+82.146,+73.779,+123.284,+98.131,+143.675,+99.338,+112.647,+96.459,+114.661,+105.318,+140.204,+99.182,+138.092,+160.203,+90.240,+131.490,+82.711,+96.929,+96.141,+104.413,+95.357,+100.103,+102.152,+99.732,+97.542,+102.056,+98.647,+103.250,+103.602,+97.598,+98.300,+104.931,+99.493,+95.203,+99.990,+103.960,+99.806,+98.493
0,419,+134.693,+112.825,+122.859,+87.020,+85.817,+133.991,+136.545,+120.723,+99.958,+108.728,+123.123,+151.304,+99.170,+112.538,+119.200,+150.077,+115.042,+81.613,+98.627,+91.071,+96.829,+104.401,+100.184,+100.547,+100.547,+102.564,+97.810,+103.092,+103.251,+95.220,+95.320,+101.699,+104.077,+104.413,+101.748,+99.969,+97.099,+97.368,+97.718,+99.818
0,420,+105.362,+56.676,+114.247,+131.416,+136.924,+63.510,+95.411,+114.588,+112.039,+53.948,+94.419,+111.756,+116.424,+71.964,+85.175,+118.342,+77.454,+108.157,+102.106,+120.667,+102.084,+97.520,+96.022,+100.591,+103.161,+100.803,+104.668,+98.040,+96.776,+96.666,+102.569,+99.483,+97.507,+102.365,+104.306,+97.815,+100.702,+100.656,+102.666,+100.896
0,421,+109.292,+104.497,+114.396,+101.341,+103.274,+104.149,+73.138,+112.399,+99.224,+98.911,+131.817,+111.050,+98.676,+116.889,+91.716,+160.813,+98.066,+94.331,+76.010,+82.288,+98.395,+104.005,+102.432,+101.685,+96.841,+100.054,+104.115,+99.394,+104.770,+99.168,+100.973,+103.950,+95.973,+99.796,+102.618,+103.438,+96.095,+96.030,+104.879,+103.089
0,422,+93.043,+93.360,+140.628,+86.148,+130.424,+101.651,+111.089,+151.702,+98.167,+116.603,+127.181,+102.205,+112.700,+136.326,+73.126,+64.115,+112.034,+102.604,+106.819,+72.991,+101.099,+101.459,+98.482,+96.587,+98.694,+102.038,+99.171,+97.222,+99.262,+98.080,+101.629,+96.247,+99.919,+101.666,+99.986,+99.662,+95.425,+104.970,+98.081,+98.540
0,423,+137.879,+112.728,+131.701,+96.199,+116.413,+147.352,+106.244,+111.866,+114.382,+123.112,+133.993,+101.297,+129.208,+77.221,+84.828,+123.531,+116.755,+157.916,+67.657,+123.284,+104.349,+98.086,+97.014,+97.345,+95.471,+100.803,+98.753,+98.896,+96.414,+100.201,+96.565,+104.013,+104.472,+102.002,+102.929,+104.487,+95.918,+99.541,+104.857,+95.081
0,424,+81.308,+86.233,+104.931,+101.316,+153.486,+114.264,+99.225,+95.975,+100.590,+124.303,+106.387,+130.408,+107.157,+120.925,+95.052,+120.828,+102.694,+84.280,+88.163,+121.176,+99.149,+97.080,+99.329,+95.544,+96.723,+98.664,+99.819,+97.651,+98.800,+104.859,+95.836,+97.042,+97.287,+95.768,+103.100,+100.996,+97.852,+96.067,+102.761,+104.397
0,425,+103.867,+103.009,+98.795,+135.038,+91.192,+142.447,+96.457,+66.630,+91.378,+79.349,+139.033,+75.429,+104.229,+105.050,+94.211,+119.346,+121.789,+95.843,+100.307,+75.444,+97.395,+100.460,+98.049,+102.012,+97.738,+102.708,+96.509,+99.643,+98.393,+104.492,+101.443,+98.731,+95.431,+97.481,+99.435,+103.865,+103.217,+104.995,+101.625,+103.941
0,426,+86.267,+70.475,+71.297,+96.226,+97.301,+124.598,+127.933,+60.036,+86.278,+119.634,+111.882,+131.303,+95.868,+144.111,+127.187,+90.353,+152.726,+123.746,+125.827,+97.995,+95.628,+95.609,+103.486,+100.797,+98.198,+103.302,+96.793,+97.816,+97.447,+102.222,+103.945,+96.516,+96.138,+95.180,+103.350,+101.271,+96.174,+104.024,+98.175,+96.352
0,427,+122.038,+110.255,+102.898,+107.726,+89.758,+141.320,+111.767,+111.901,+99.410,+122.932,+70.827,+138.949,+87.903,+64.362,+111.946,+100.762,+105.936,+133.412,+101.172,+137.898,+97.526,+97.044,+95.721,+103.748,+98.097,+102.129,+102.382,+98.369,+96.916,+97.099,+104.263,+102.671,+95.009,+102.328,+101.086,+99.529,+97.773,+95.318,+95.776,+98.933
0,428,+110.007,+107.028,+130.560,+100.579,+124.780,+76.146,+91.616,+67.962,+115.686,+99.420,+81.949,+122.738,+97.854,+113.013,+91.361,+118.468,+113.740,+123.524,+86.194,+83.422,+98.925,+96.075,+103.517,+100.175,+98.242,+99.637,+96.311,+101.016,+104.202,+96.454,+101.933,+100.315,+103.484,+103.716,+101.777,+100.229,+101.951,+99.101,+104.094,+95.927
0,429,+116.987,+109.613,+116.376,+118.004,+97.356,+97.486,+69.272,+113.105,+120.868,+129.811,+105.636,+119.857,+126.714,+101.740,+116.313,+77.090,+80.596,+111.967,+110.945,+110.269,+102.808,+97.679,+101.139,+100.544,+96.612,+96.564,+103.766,+103.101,+98.857,+99.880,+100.897,+98.796,+95.464,+103.462,+104.116,+99.923,+98.074,+101.272,+98.467,+104.300
0,430,+123.487,+74.514,+121.027,+96.391,+108.182,+101.256,+85.536,+87.992,+98.265,+111.067,+70.558,+107.974,+114.389,+92.804,+86.110,+102.060,+99.427,+79.933,+103.489,+112.856,+103.297,+98.750,+103.830,+97.459,+99.753,+103.870,+98.336,+102.794,+100.121,+98.292,+100.476,+96.736,+103.471,+97.114,+104.613,+101.561,+95.410,+95.146,+97.366,+100.160
0,431,+82.220,+98.249,+83.446,+69.548,+101.896,+123.228,+100.435,+79.702,+76.141,+104.935,+91.075,+100.003,+114.488,+88.128,+143.550,+105.948,+70.069,+86.273,+95.204,+126.815,+99.091,+101.918,+103.542,+104.680,+104.524,+103.806,+102.742,+100.355,+102.098,+102.721,+101.600,+95.175,+100.391,+96.034,+104.338,+98.412,+96.122,+99.260,+100.044,+96.767
0,432,+106.979,+115.364,+100.990,+88.461,+55.863,+90.968,+87.970,+90.664,+43.530,+109.226,+108.610,+107.216,+93.934,+148.469,+100.859,+112.795,+166.527,+113.514,+110.919,+79.875,+103.005,+101.464,+99.076,+98.629,+102.414,+96.498,+103.969,+96.338,+99.218,+101.334,+102.046,+102.058,+97.742,+104.765,+100.089,+104.374,+100.090,+100.065,+103.741,+100.657
0,433,+71.031,+150.083,+83.207,+113.342,+107.504,+92.757,+109.346,+125.627,+140.369,+102.780,+116.779,+52.922,+111.908,+122.143,+38.812,+72.273,+108.445,+93.927,+103.734,+141.991,+101.805,+102.717,+96.822,+104.976,+96.204,+98.256,+102.912,+98.106,+104.593,+95.490,+97.675,+96.967,+102.284,+99.172,+103.342,+101.663,+95.705,+98.374,+103.239,+97.644
0,434,+93.381,+114.206,+118.782,+77.060,+89.462,+128.189,+110.672,+127.061,+121.321,+128.117,+110.623,+119.614,+70.601,+96.243,+97.312,+143.764,+87.223,+87.363,+96.608,+80.443,+95.563,+103.495,+99.160,+96.725,+96.900,+101.584,+104.330,+102.288,+96.768,+98.177,+103.310,+96.948,+102.863,+97.881,+96.370,+100.062,+97.733,+99.764,+98.534,+103.927
0,435,+99.594,+113.280,+115.536,+72.047,+90.099,+128.887,+117.645,+143.910,+118.698,+84.593,+109.689,+154.905,+131.437,+106.916,+133.276,+96.019,+92.509,+122.208,+85.209,+89.980,+95.498,+103.495,+98.852,+102.639,+100.244,+104.443,+101.447,+97.096,+96.731,+102.677,+99.543,+99.161,+98.132,+98.019,+95.325,+102.305,+100.331,+104.517,+101.790,+101.409
0,436,+82.239,+92.127,+129.205,+84.919,+97.938,+93.942,+92.614,+95.489,+50.358,+93.262,+128.290,+94.385,+102.874,+138.303,+90.492,+108.293,+119.003,+100.375,+74.612,+89.585,+97.612,+96.220,+97.419,+104.035,+103.907,+98.985,+95.277,+97.554,+104.311,+98.198,+95.688,+100.643,+97.175,+104.159,+98.255,+104.956,+102.323,+96.779,+96.438,+103.434
0,437,+110.295,+94.652,+102.759,+100.731,+112.105,+107.173,+88.642,+106.010,+86.918,+115.115,+83.858,+89.083,+93.534,+78.295,+100.019,+183.751,+148.580,+113.086,+94.691,+102.807,+103.952,+97.478,+102.616,+103.661,+101.969,+96.669,+103.339,+97.948,+102.987,+103.271,+101.942,+104.083,+102.150,+102.810,+101.127,+104.588,+103.492,+99.489,+104.504,+102.567
0,438,+82.002,+87.378,+94.018,+115.533,+107.001,+85.930,+123.936,+122.073,+107.644,+125.529,+103.503,+161.889,+72.715,+93.411,+114.368,+91.204,+101.010,+96.115,+98.701,+86.347,+99.256,+98.689,+103.199,+99.585,+103.206,+95.611,+102.967,+102.693,+99.765,+99.633,+98.474,+102.338,+104.257,+95.395,+104.946,+97.125,+98.428,+99.928,+99.813,+100.967
0,439,+133.001,+76.285,+116.223,+143.609,+96.176,+143.245,+86.118,+127.304,+112.747,+115.454,+146.595,+102.202,+123.624,+103.140,+64.836,+96.255,+109.288,+95.766,+72.659,+93.148,+99.379,+104.648,+96.754,+100.872,+100.472,+95.314,+98.639,+103.705,+95.070,+98.901,+104.637,+101.926,+95.258,+103.589,+99.525,+101.086,+104.600,+99.192,+104.431,+102.587
0,440,+117.106,+102.294,+141.436,+49.393,+120.188,+111.937,+117.661,+116.474,+85.636,+116.334,+118.841,+113.833,+85.944,+102.137,+91.750,+134.876,+83.379,+111.752,+115.680,+98.226,+96.232,+99.220,+100.982,+95.367,+101.016,+101.992,+99.582,+100.834,+100.266,+96.425,+104.971,+95.452,+98.681,+99.298,+101.593,+97.254,+95.802,+99.104,+97.535,+101.555
0,441,+80.117,+119.220,+101.065,+92.150,+124.012,+136.576,+82.418,+101.823,+79.646,+98.411,+139.537,+91.523,+133.581,+114.041,+129.393,+114.626,+128.101,+67.768,+128.879,+102.182,+102.911,+102.446,+95.741,+104.596,+104.511,+102.671,+100.113,+102.282,+101.879,+103.327,+103.314,+95.005,+104.015,+95.385,+95.879,+102.388,+101.115,+103.289,+103.478,+95.393
0,442,+88.071,+71.810,+132.317,+103.899,+102.601,+133.806,+134.383,+103.945,+77.074,+108.374,+126.827,+118.122,+94.979,+68.581,+83.198,+96.635,+120.451,+95.393,+101.473,+78.473,+104.157,+99.241,+97.310,+99.532,+95.388,+104.899,+101.154,+98.345,+98.215,+104.463,+96.497,+96.122,+98.726,+101.545,+100.399,+99.035,+104.171,+101.689,+96.041,+98.029
0,443,+101.274,+84.851,+104.814,+115.087,+112.366,+110.788,+121.362,+92.089,+75.378,+90.364,+93.489,+86.973,+123.296,+48.996,+129.626,+94.171,+129.994,+102.639,+136.524,+108.223,+95.573,+101.474,+101.092,+99.473,+99.420,+104.716,+99.038,+104.082,+104.008,+97.938,+103.419,+102.418,+103.638,+100.875,+100.685,+97.586,+96.936,+104.437,+96.177,+104.523
0,444,+86.542,+92.181,+114.326,+110.431,+98.664,+114.242,+110.938,+83.316,+125.096,+98.077,+94.530,+90.464,+139.320,+105.257,+81.418,+115.519,+111.202,+60.250,+83.196,+115.216,+99.912,+103.448,+98.799,+96.254,+98.521,+100.050,+97.841,+96.453,+103.569,+98.045,+97.193,+103.362,+95.523,+97.526,+97.784,+103.136,+100.938,+98.673,+98.558,+96.623
0,445,+147.662,+114.188,+106.507,+108.065,+105.812,+75.823,+76.539,+97.754,+74.814,+117.280,+109.791,+107.078,+96.645,+112.361,+90.188,+88.059,+142.529,+109.333,+81.740,+118.061,+98.832,+102.104,+99.503,+98.431,+98.664,+104.408,+98.295,+98.366,+95.618,+98.046,+104.668,+101.949,+96.037,+101.884,+97.551,+104.790,+101.321,+98.602,+95.105,+97.808
0,446,+115.956,+117.483,+103.629,+146.581,+89.578,+79.292,+89.351,+112.186,+120.499,+126.303,+134.422,+122.537,+110.419,+83.809,+92.563,+70.855,+109.147,+110.392,+89.155,+67.331,+101.159,+95.022,+95.111,+96.552,+95.816,+95.850,+99.235,+96.534,+95.599,+103.605,+96.615,+101.463,+99.693,+97.105,+101.951,+97.644,+104.327,+104.608,+101.462,+96.968
0,447,+152.371,+66.824,+139.270,+91.338,+132.992,+111.419,+119.782,+129.892,+82.088,+108.957,+102.282,+131.658,+109.852,+101.196,+102.683,+112.563,+74.583,+117.690,+109.370,+118.971,+103.403,+98.020,+102.869,+97.665,+98.857,+99.043,+97.810,+98.629,+101.374,+96.301,+99.067,+97.003,+97.109,+100.840,+100.968,+101.943,+99.797,+104.010,+97.482,+104.768
0,448,+97.145,+105.241,+115.446,+126.410,+131.960,+44.723,+75.085,+81.301,+47.474,+121.564,+110.192,+87.009,+110.415,+93.601,+107.907,+141.655,+92.249,+109.266,+80.624,+107.876,+98.644,+99.758,+99.886,+101.371,+102.511,+96.156,+104.919,+97.863,+96.450,+97.884,+103.206,+102.251,+101.263,+98.038,+102.227,+100.841,+100.376,+98.819,+102.631,+100.575
0,449,+100.388,+99.899,+120.740,+54.365,+46.167,+102.272,+116.994,+67.930,+123.981,+98.726,+130.625,+88.541,+95.440,+83.368,+82.761,+101.806,+109.710,+133.688,+111.164,+89.720,+97.939,+102.506,+95.316,+96.102,+100.973,+101.261,+102.452,+95.278,+103.439,+96.188,+99.974,+101.302,+103.492,+96.630,+102.688,+102.408,+103.081,+96.698,+97.388,+101.766
0,450,+95.613,+80.132,+75.417,+117.157,+117.394,+116.525,+84.283,+86.846,+84.434,+104.784,+112.709,+99.741,+117.955,+139.302,+130.488,+108.262,+100.611,+102.768,+92.763,+110.636,+101.925,+95.260,+101.391,+103.410,+101.807,+99.499,+103.913,+96.047,+101.970,+97.493,+98.378,+98.342,+98.929,+98.699,+95.184,+95.933,+99.536,+103.645,+104.526,+101.374
0,451,+86.440,+126.100,+91.754,+101.494,+67.537,+97.861,+131.023,+92.833,+70.658,+140.504,+85.279,+52.873,+75.314,+104.343,+106.473,+99.127,+102.617,+102.367,+143.164,+115.813,+100.096,+99.630,+97.711,+104.637,+97.496,+98.115,+101.303,+102.367,+98.551,+104.286,+102.888,+103.635,+103.551,+103.445,+102.943,+104.215,+104.141,+103.266,+104.631,+104.502
0,452,+56.189,+90.600,+104.518,+118.914,+70.657,+126.115,+103.113,+108.174,+128.659,+91.680,+61.424,+80.780,+106.188,+146.244,+124.083,+131.062,+98.118,+74.263,+95.585,+127.020,+95.255,+104.761,+99.135,+98.603,+101.776,+101.625,+99.866,+101.434,+97.795,+98.989,+95.491,+99.820,+103.292,+101.448,+100.506,+98.521,+95.446,+103.890,+95.311,+95.693
0,453,+117.099,+99.762,+97.969,+107.289,+97.517,+97.985,+131.569,+153.451,+116.613,+165.009,+109.153,+102.969,+126.652,+108.425,+119.382,+116.776,+71.263,+123.863,+80.209,+126.180,+98.113,+95.724,+100.498,+96.535,+101.760,+103.265,+95.758,+103.821,+97.645,+101.072,+96.930,+103.670,+104.597,+103.448,+104.926,+96.086,+100.217,+104.180,+104.166,+104.027
0,454,+85.691,+141.222,+120.512,+114.641,+102.517,+112.096,+108.116,+88.222,+83.243,+129.650,+109.435,+108.800,+120.198,+95.411,+99.542,+95.836,+138.399,+127.535,+103.529,+87.733,+96.682,+95.745,+100.884,+100.057,+95.204,+98.407,+100.145,+95.855,+96.172,+97.489,+97.632,+99.337,+98.067,+104.561,+102.188,+96.349,+101.479,+104.297,+103.368,+104.065
0,455,+103.131,+117.921,+116.732,+76.561,+109.521,+137.000,+87.002,+138.253,+80.922,+109.336,+101.043,+86.657,+117.269,+89.255,+63.774,+138.481,+100.570,+136.411,+133.550,+75.609,+102.293,+100.957,+99.690,+99.521,+98.691,+103.284,+97.471,+97.911,+97.437,+95.453,+100.012,+101.160,+102.631,+99.565,+99.684,+99.744,+96.733,+100.129,+103.214,+103.330
0,456,+99.591,+116.430,+84.656,+105.162,+129.550,+123.597,+108.818,+113.952,+109.499,+122.562,+143.514,+100.710,+101.717,+135.187,+115.061,+102.648,+65.255,+84.441,+89.437,+87.053,+103.250,+96.102,+103.778,+100.559,+95.427,+98.765,+101.473,+96.818,+100.553,+101.046,+100.968,+98.824,+104.422,+98.518,+103.514,+96.017,+104.435,+100.770,+95.659,+102.589
0,457,+118.667,+125.153,+108.975,+137.574,+83.924,+109.163,+118.993,+117.219,+71.925,+116.876,+87.084,+140.590,+89.601,+145.170,+109.228,+94.570,+130.842,+65.437,+107.047,+77.345,+98.558,+97.039,+102.832,+97.405,+96.331,+97.646,+99.009,+103.342,+96.481,+101.769,+101.948,+103.059,+95.227,+104.575,+98.106,+101.760,+97.662,+99.430,+103.513,+96.561
0,458,+123.222,+74.668,+114.054,+88.783,+123.084,+74.999,+79.357,+114.251,+100.574,+109.285,+123.545,+124.970,+79.812,+104.171,+116.399,+117.124,+141.488,+52.662,+115.628,+125.634,+96.420,+96.682,+95.598,+99.228,+104.885,+97.863,+102.893,+104.931,+97.472,+102.715,+95.007,+95.294,+103.779,+98.655,+104.210,+101.274,+100.359,+100.598,+101.037,+99.343
0,459,+127.062,+95.773,+108.791,+90.584,+104.014,+126.589,+91.341,+121.316,+98.682,+67.653,+97.640,+87.926,+100.308,+102.932,+100.868,+91.644,+82.914,+94.449,+117.674,+122.148,+99.997,+98.732,+97.477,+101.742,+98.363,+95.595,+101.443,+100.531,+98.109,+98.163,+99.110,+103.106,+96.518,+103.259,+99.672,+103.511,+97.471,+104.624,+98.631,+95.164
0,460,+132.137,+75.292,+125.472,+66.594,+122.269,+88.217,+100.007,+74.878,+135.380,+133.560,+124.198,+70.741,+90.742,+114.428,+100.843,+101.335,+109.376,+97.855,+119.366,+113.011,+104.126,+95.132,+95.014,+100.907,+98.953,+96.153,+103.489,+101.840,+96.403,+101.711,+97.009,+96.299,+96.962,+99.474,+95.876,+98.976,+97.362,+103.369,+102.259,+102.426
0,461,+109.743,+135.646,+96.349,+138.815,+97.668,+118.293,+92.040,+116.945,+127.687,+94.553,+111.574,+104.002,+124.428,+101.132,+89.535,+87.109,+123.348,+113.441,+114.260,+97.970,+96.923,+97.665,+104.779,+95.615,+98.600,+104.568,+99.252,+103.989,+101.557,+100.992,+100.407,+101.052,+101.932,+95.655,+101.677,+97.767,+98.282,+104.283,+104.759,+96.038
0,462,+120.199,+74.562,+107.065,+126.286,+111.206,+84.251,+118.177,+82.529,+136.046,+101.732,+98.367,+114.827,+123.681,+108.027,+96.577,+112.406,+104.013,+103.581,+154.435,+92.878,+97.752,+101.830,+101.560,+95.315,+100.350,+97.824,+95.648,+98.374,+95.898,+99.651,+104.056,+96.599,+98.754,+101.722,+102.737,+102.262,+104.959,+103.990,+101.101,+95.411
0,463,+87.151,+133.972,+68.766,+136.016,+128.916,+164.329,+104.316,+110.560,+68.218,+113.642,+101.629,+112.162,+109.773,+77.446,+121.537,+101.347,+101.254,+89.730,+61.561,+137.333,+101.195,+102.974,+103.292,+103.059,+96.589,+104.688,+103.949,+95.254,+99.807,+98.697,+98.987,+98.844,+103.472,+96.176,+99.898,+95.762,+100.436,+102.033,+101.876,+102.595
0,464,+140.748,+106.202,+94.133,+100.366,+104.249,+117.450,+114.889,+153.298,+128.073,+111.192,+98.141,+93.435,+113.059,+96.048,+107.151,+124.473,+82.261,+89.302,+92.162,+126.099,+97.167,+101.323,+99.316,+96.222,+98.090,+100.567,+98.580,+100.191,+96.445,+97.772,+95.293,+97.885,+100.235,+100.171,+98.196,+97.524,+96.040,+102.035,+96.307,+98.247
0,465,+87.412,+94.956,+150.873,+117.651,+123.601,+71.034,+111.503,+135.065,+105.453,+110.117,+71.630,+99.168,+146.416,+79.862,+73.255,+103.443,+109.265,+87.964,+145.877,+81.537,+102.821,+101.503,+95.278,+98.593,+102.838,+100.490,+100.616,+97.660,+104.742,+101.957,+104.620,+98.183,+100.635,+103.157,+103.698,+101.346,+96.987,+99.524,+104.543,+96.194
0,466,+105.467,+119.465,+143.913,+97.904,+101.181,+106.716,+89.092,+148.628,+87.947,+123.407,+131.415,+93.342,+105.399,+119.457,+94.984,+117.233,+104.396,+131.589,+84.346,+104.986,+96.803,+98.048,+98.346,+101.171,+100.630,+102.905,+97.989,+103.265,+97.678,+98.668,+99.248,+98.594,+98.251,+95.472,+101.626,+98.137,+104.181,+102.073,+104.527,+98.319
0,467,+145.252,+110.080,+81.813,+158.344,+111.577,+127.938,+106.594,+104.073,+90.109,+88.252,+93.306,+75.084,+123.685,+130.073,+77.447,+119.799,+109.004,+128.477,+117.064,+116.412,+97.145,+96.329,+96.433,+101.093,+103.495,+96.315,+97.203,+95.481,+103.485,+97.057,+101.571,+100.562,+96.519,+101.405,+99.336,+98.517,+101.835,+96.331,+97.897,+97.847
0,468,+84.174,+120.579,+113.131,+94.296,+92.517,+113.334,+42.245,+118.976,+102.398,+92.156,+117.539,+85.483,+92.762,+69.987,+111.649,+142.383,+55.714,+95.838,+96.762,+93.583,+99.197,+101.257,+101.947,+104.428,+104.804,+102.386,+99.951,+101.926,+100.359,+103.554,+101.347,+100.246,+104.461,+97.542,+99.375,+103.040,+103.102,+100.954,+101.074,+100.042
0,469,+83.690,+69.994,+137.168,+94.295,+83.860,+115.285,+81.179,+78.450,+72.258,+54.080,+154.184,+111.769,+84.618,+117.105,+117.688,+112.676,+106.824,+117.422,+105.167,+88.060,+103.527,+99.733,+97.436,+100.369,+97.645,+104.799,+95.951,+95.628,+101.363,+98.397,+99.394,+104.455,+97.583,+100.554,+96.403,+100.584,+99.685,+98.929,+99.655,+95.855
0,470,+121.800,+93.485,+120.418,+115.517,+111.966,+133.110,+112.938,+116.444,+113.099,+76.415,+110.607,+47.580,+101.623,+103.468,+91.888,+116.866,+94.341,+93.181,+104.624,+120.004,+102.748,+103.679,+101.824,+96.971,+104.260,+95.102,+99.938,+96.838,+104.145,+102.875,+99.947,+104.998,+103.896,+101.201,+102.815,+95.369,+98.173,+97.891,+98.857,+95.868
0,471,+110.929,+80.598,+138.434,+117.385,+93.094,+93.470,+85.880,+128.154,+94.180,+89.083,+97.549,+62.328,+93.129,+100.648,+82.794,+82.647,+80.317,+155.126,+146.371,+115.164,+99.491,+98.900,+103.647,+101.796,+95.107,+97.334,+100.873,+101.544,+97.409,+100.281,+103.797,+101.610,+102.966,+103.575,+97.892,+102.821,+96.919,+99.081,+97.081,+103.350
0,472,+120.980,+134.491,+77.255,+72.096,+77.576,+104.164,+147.725,+71.112,+135.914,+101.439,+82.486,+76.902,+120.141,+97.511,+127.306,+96.857,+120.766,+144.421,+116.838,+124.613,+99.766,+98.818,+99.313,+104.370,+96.501,+99.927,+97.022,+100.283,+103.220,+104.004,+97.243,+97.252,+96.684,+96.842,+100.019,+98.694,+103.308,+103.945,+95.030,+104.776
0,473,+107.387,+60.879,+132.337,+105.500,+103.216,+102.636,+100.709,+113.060,+147.092,+105.404,+68.827,+57.513,+97.277,+138.945,+119.083,+123.257,+124.614,+123.574,+109.327,+100.345,+98.851,+98.811,+97.171,+98.507,+98.456,+99.709,+100.732,+101.698,+99.425,+97.004,+101.315,+101.609,+104.095,+95.106,+97.587,+96.055,+103.815,+95.428,+102.283,+98.336
0,474,+119.154,+106.152,+129.618,+102.449,+96.351,+126.273,+107.060,+119.216,+110.888,+103.331,+113.574,+109.815,+105.155,+75.877,+93.087,+118.905,+110.095,+100.088,+113.677,+84.303,+102.504,+98.850,+99.107,+95.428,+95.798,+104.857,+102.516,+102.585,+104.814,+97.116,+103.498,+99.218,+99.062,+104.382,+96.195,+99.966,+97.797,+103.216,+95.089,+97.177
0,475,+84.274,+73.585,+90.789,+88.544,+89.429,+130.843,+124.018,+91.283,+115.227,+98.998,+120.270,+65.715,+122.025,+110.842,+94.734,+118.078,+105.805,+100.882,+107.862,+105.823,+101.960,+95.797,+101.773,+96.657,+97.613,+100.117,+96.375,+103.496,+95.310,+98.619,+99.701,+103.816,+95.441,+96.147,+99.725,+98.249,+98.730,+98.802,+103.839,+102.138
0,476,+74.524,+86.903,+106.410,+90.134,+92.434,+121.868,+128.259,+115.713,+90.900,+108.372,+138.878,+100.398,+85.340,+89.959,+135.549,+112.467,+95.762,+159.128,+128.365,+96.822,+102.999,+98.000,+103.454,+96.913,+101.725,+102.385,+99.687,+97.739,+96.702,+96.019,+100.625,+104.835,+101.649,+100.253,+101.881,+102.117,+101.405,+103.897,+100.444,+103.875
0,477,+112.528,+126.546,+110.447,+102.162,+78.989,+146.542,+110.333,+76.326,+98.328,+96.231,+140.818,+69.827,+107.312,+89.676,+74.657,+117.052,+94.551,+118.657,+84.232,+88.620,+103.476,+102.155,+95.004,+96.197,+97.988,+96.432,+102.861,+97.765,+96.388,+104.009,+95.349,+95.731,+95.410,+102.713,+103.240,+98.531,+100.708,+99.380,+95.050,+103.513
0,478,+115.093,+120.842,+99.725,+73.862,+89.702,+89.605,+94.289,+88.781,+137.244,+92.048,+109.977,+87.557,+96.516,+104.172,+135.022,+97.087,+85.059,+128.315,+105.547,+145.955,+101.197,+100.995,+100.573,+95.360,+103.370,+100.096,+97.152,+98.447,+102.538,+99.376,+99.139,+95.912,+102.917,+104.800,+99.118,+95.633,+101.926,+104.280,+97.231,+97.528
0,479,+105.625,+100.454,+108.315,+78.675,+81.038,+77.282,+115.110,+137.545,+76.323,+101.024,+103.940,+106.971,+131.704,+111.461,+116.272,+108.051,+130.286,+84.033,+125.922,+104.780,+103.029,+98.793,+98.449,+102.812,+102.598,+100.768,+98.050,+101.311,+99.915,+95.855,+96.308,+97.318,+102.382,+104.481,+98.407,+101.049,+96.135,+102.244,+95.400,+97.117
0,480,+122.011,+80.547,+120.847,+104.820,+125.963,+99.230,+112.764,+124.086,+36.097,+52.839,+78.877,+40.622,+162.453,+94.416,+105.127,+108.363,+156.717,+108.643,+83.493,+110.732,+99.992,+96.071,+102.095,+96.412,+103.383,+101.927,+98.205,+102.024,+101.777,+98.710,+98.400,+96.989,+102.455,+103.188,+101.040,+95.024,+95.410,+102.893,+101.244,+103.260
0,481,+123.752,+104.343,+113.379,+99.270,+100.553,+110.294,+93.713,+91.377,+92.923,+131.038,+121.558,+132.270,+93.233,+86.762,+117.011,+132.765,+112.713,+78.536,+128.143,+99.222,+103.276,+95.759,+98.989,+96.807,+100.377,+97.419,+98.283,+98.395,+99.225,+103.972,+98.804,+101.511,+103.550,+104.070,+96.875,+104.461,+103.728,+100.126,+95.422,+102.152
0,482,+115.625,+100.130,+79.928,+101.547,+96.731,+109.324,+133.490,+75.802,+103.956,+96.483,+103.845,+104.993,+150.257,+99.181,+118.658,+100.124,+126.578,+114.377,+140.247,+60.686,+102.495,+96.749,+100.924,+95.635,+103.190,+97.468,+102.963,+102.627,+98.055,+97.441,+103.140,+100.675,+98.878,+101.549,+100.725,+104.972,+99.600,+99.007,+103.681,+103.525
0,483,+135.121,+141.175,+126.426,+94.091,+90.143,+88.437,+70.167,+90.052,+88.912,+110.650,+80.744,+116.355,+113.616,+115.954,+103.554,+79.118,+90.688,+125.388,+126.158,+140.891,+95.525,+104.774,+101.177,+103.583,+99.115,+97.143,+101.449,+101.970,+96.504,+104.338,+98.564,+99.716,+101.956,+103.732,+99.472,+95.916,+97.447,+96.494,+98.214,+103.012
0,484,+99.218,+74.944,+125.700,+115.344,+110.810,+59.102,+95.490,+129.832,+102.149,+94.147,+56.847,+109.103,+117.986,+138.998,+117.289,+135.170,+129.073,+50.138,+120.130,+86.886,+99.396,+95.126,+103.018,+102.543,+96.920,+95.649,+104.993,+101.710,+97.586,+101.731,+97.016,+103.642,+100.240,+103.872,+101.275,+98.493,+100.998,+96.421,+97.972,+102.248
0,485,+130.116,+103.687,+87.688,+83.624,+123.572,+89.192,+101.666,+127.729,+96.930,+95.942,+81.611,+125.766,+123.602,+66.158,+105.886,+93.473,+143.290,+124.721,+118.099,+118.203,+101.501,+97.007,+103.018,+104.189,+103.389,+96.939,+96.307,+100.326,+104.781,+98.315,+95.472,+101.334,+104.597,+96.629,+102.860,+95.827,+102.839,+101.480,+103.935,+102.382
0,486,+79.338,+102.934,+118.199,+106.762,+151.007,+106.420,+102.285,+102.199,+114.649,+90.877,+96.303,+122.857,+123.698,+94.497,+120.876,+127.661,+97.690,+131.646,+107.288,+58.148,+96.983,+102.753,+99.830,+99.994,+97.754,+100.006,+104.896,+98.041,+102.949,+102.163,+99.488,+102.397,+102.207,+104.657,+102.731,+102.529,+103.936,+99.966,+102.462,+95.961
0,487,+110.273,+109.430,+108.008,+104.272,+65.584,+100.726,+95.242,+115.449,+135.356,+62.644,+101.908,+81.956,+94.193,+74.785,+82.864,+115.627,+115.849,+64.077,+104.511,+125.700,+100.999,+95.400,+98.664,+96.783,+98.237,+104.983,+95.046,+101.694,+104.820,+103.248,+95.544,+95.950,+99.027,+103.985,+99.547,+104.420,+102.802,+98.871,+104.870,+97.760
0,488,+106.614,+116.330,+105.079,+93.716,+112.337,+100.253,+106.978,+105.199,+137.479,+91.083,+47.634,+105.351,+89.362,+118.970,+107.144,+88.467,+84.349,+83.167,+90.499,+98.742,+103.784,+100.840,+103.615,+95.997,+103.921,+101.294,+103.082,+101.746,+101.627,+99.322,+102.957,+95.663,+95.451,+98.026,+96.957,+103.888,+100.308,+100.129,+100.598,+96.050
0,489,+94.585,+95.956,+94.892,+114.249,+112.782,+117.974,+77.274,+100.000,+113.776,+106.595,+93.400,+75.939,+107.106,+89.349,+100.005,+151.391,+126.378,+136.456,+106.192,+93.189,+95.750,+98.077,+99.704,+103.296,+101.343,+102.906,+104.074,+97.506,+104.643,+95.057,+97.382,+101.546,+98.930,+104.950,+102.045,+104.939,+101.078,+104.426,+100.698,+95.358
0,490,+90.085,+128.904,+109.552,+79.227,+116.415,+84.550,+106.121,+124.105,+126.929,+109.573,+124.767,+128.495,+152.672,+132.705,+107.722,+118.139,+116.808,+107.991,+74.101,+152.006,+104.526,+98.113,+101.186,+101.619,+98.684,+95.936,+98.566,+102.755,+100.069,+95.430,+104.084,+100.014,+103.576,+103.171,+97.092,+99.994,+98.184,+104.071,+99.991,+103.592
0,491,+92.575,+72.943,+102.139,+132.843,+97.476,+124.071,+85.074,+144.294,+118.939,+77.263,+92.995,+95.408,+109.329,+133.730,+67.819,+114.139,+108.553,+98.798,+134.932,+111.161,+104.116,+104.849,+104.549,+99.654,+98.086,+101.605,+101.178,+99.574,+98.977,+100.323,+97.711,+101.240,+104.814,+103.505,+103.480,+103.917,+97.353,+103.188,+102.674,+97.312
0,492,+75.323,+112.768,+113.361,+115.722,+106.141,+147.629,+89.390,+111.301,+61.063,+93.182,+124.775,+110.886,+131.240,+126.478,+105.200,+201.705,+81.141,+86.790,+99.436,+119.241,+104.703,+101.956,+100.241,+102.680,+95.028,+102.451,+104.424,+99.740,+101.278,+95.919,+95.933,+103.181,+97.475,+100.683,+103.897,+103.791,+104.804,+101.988,+101.506,+101.943
0,493,+80.818,+130.892,+92.855,+93.076,+129.464,+85.003,+105.803,+107.292,+136.001,+95.439,+90.652,+87.893,+89.496,+132.484,+96.136,+109.128,+75.022,+102.983,+130.466,+87.679,+99.680,+101.582,+104.223,+101.101,+99.807,+97.770,+99.038,+97.127,+95.097,+102.043,+99.237,+103.929,+100.667,+98.453,+102.123,+104.518,+102.979,+98.977,+101.204,+100.055
0,494,+93.630,+80.497,+117.383,+99.916,+99.774,+109.865,+103.728,+134.813,+93.288,+120.874,+116.739,+131.836,+118.811,+96.248,+92.290,+102.305,+118.592,+82.328,+103.270,+127.058,+97.315,+95.794,+98.610,+102.508,+100.904,+102.402,+95.383,+100.974,+102.450,+103.560,+104.034,+100.433,+103.119,+102.783,+104.559,+97.090,+103.094,+104.231,+97.144,+98.232
0,495,+90.094,+60.831,+92.820,+85.325,+94.619,+150.243,+114.367,+105.605,+100.352,+117.004,+111.071,+120.435,+82.761,+137.549,+110.837,+78.535,+50.967,+106.692,+115.191,+126.924,+99.762,+103.547,+102.757,+104.157,+100.304,+103.020,+100.007,+99.761,+98.328,+102.260,+99.084,+97.406,+98.057,+100.853,+101.442,+104.883,+100.358,+100.677,+101.562,+104.136
0,496,+98.559,+103.254,+95.613,+123.877,+106.625,+134.686,+87.208,+103.409,+79.142,+97.882,+123.588,+121.663,+115.025,+132.940,+76.750,+95.848,+102.786,+105.056,+139.691,+80.338,+95.705,+97.231,+99.781,+97.976,+97.547,+99.316,+101.798,+100.597,+102.518,+101.917,+99.585,+95.582,+99.972,+99.766,+97.521,+101.597,+104.834,+99.714,+103.557,+96.842
0,497,+72.504,+120.301,+145.187,+103.846,+114.547,+108.530,+102.292,+123.252,+132.883,+82.201,+125.958,+116.564,+80.538,+74.729,+90.691,+107.737,+116.049,+99.908,+101.243,+89.466,+104.023,+102.659,+95.207,+100.402,+98.703,+102.462,+102.187,+103.626,+96.397,+100.659,+104.476,+104.792,+102.684,+95.735,+96.849,+98.278,+101.599,+96.653,+99.818,+100.307
0,498,+106.481,+118.701,+97.883,+87.984,+101.862,+155.507,+75.524,+85.303,+98.735,+98.120,+92.831,+95.758,+88.087,+117.290,+100.717,+88.167,+109.962,+91.976,+86.196,+112.232,+100.695,+96.595,+100.743,+103.084,+101.272,+102.897,+102.894,+97.958,+95.454,+97.195,+96.090,+96.020,+99.247,+97.232,+98.723,+98.829,+95.872,+104.967,+103.667,+99.010
0,499,+69.424,+124.776,+118.376,+50.754,+74.928,+95.639,+96.988,+134.497,+89.428,+114.132,+97.641,+95.284,+76.362,+113.010,+126.540,+111.872,+98.599,+74.905,+97.674,+116.987,+98.100,+102.538,+102.491,+103.046,+103.021,+100.482,+97.365,+96.729,+100.909,+95.491,+98.016,+103.670,+98.346,+100.183,+101.058,+96.649,+102.844,+96.976,+97.506,+99.555
