game,day,buyerGD_0.value,buyerGD_1.value,buyerGD_2.value,buyerGD_3.value,buyerGD_4.value,buyerRE_0.value,buyerRE_1.value,buyerRE_2.value,buyerRE_3.value,buyerRE_4.value,buyerZIC_0.value,buyerZIC_1.value,buyerZIC_2.value,buyerZIC_3.value,buyerZIC_4.value,buyerZIP_0.value,buyerZIP_1.value,buyerZIP_2.value,buyerZIP_3.value,buyerZIP_4.value,sellerGD_0.value,sellerGD_1.value,sellerGD_2.value,sellerGD_3.value,sellerGD_4.value,sellerRE_0.value,sellerRE_1.value,sellerRE_2.value,sellerRE_3.value,sellerRE_4.value,sellerZIC_0.value,sellerZIC_1.value,sellerZIC_2.value,sellerZIC_3.value,sellerZIC_4.value,sellerZIP_0.value,sellerZIP_1.value,sellerZIP_2.value,sellerZIP_3.value,sellerZIP_4.value
0,0,+107.469,+98.566,+89.998,+65.022,+134.457,+95.893,+124.702,+96.486,+113.626,+68.404,+71.686,+78.805,+55.517,+76.784,+115.547,+114.550,+103.823,+125.891,+149.543,+137.092,+100.297,+98.039,+104.741,+95.026,+97.986,+102.372,+101.318,+97.742,+104.891,+103.734,+96.897,+96.739,+96.122,+100.887,+98.955,+101.952,+96.883,+96.637,+103.343,+98.823
0,1,+133.043,+140.872,+173.457,+156.219,+69.505,+106.099,+34.508,+154.397,+57.862,+135.792,+74.642,+212.366,+17.408,+3.578,+158.350,+61.931,+226.412,+63.446,+23.748,+139.345,+97.935,+97.398,+95.755,+97.441,+104.326,+96.962,+103.268,+101.978,+104.982,+104.103,+101.703,+99.081,+96.443,+104.515,+99.486,+102.022,+102.047,+100.227,+97.443,+96.539
0,2,+159.096,+170.212,+44.142,+135.591,+137.412,+99.053,+129.353,+73.669,+44.341,+114.793,+62.266,+94.600,+127.270,+137.213,+49.267,+83.890,+109.239,+62.908,+120.364,+9.473,+96.269,+98.818,+100.357,+98.141,+103.414,+100.983,+103.723,+104.932,+97.737,+102.029,+95.259,+103.106,+96.537,+100.444,+103.389,+97.738,+103.702,+96.506,+103.406,+100.795
0,3,+65.178,+123.032,+145.891,+68.405,+141.223,+134.608,+135.835,+35.435,+64.756,+107.092,+117.415,+118.857,+38.113,+177.561,+88.626,+157.690,+53.826,+34.070,+153.214,+56.882,+103.926,+101.657,+98.743,+98.281,+95.689,+99.019,+103.686,+100.404,+100.779,+98.774,+100.777,+99.688,+95.389,+101.251,+97.329,+103.300,+101.990,+100.367,+99.365,+102.391
0,4,+57.986,+143.788,+146.482,+9.452,+172.403,+50.373,+117.038,+75.208,+134.490,+32.324,+129.854,+36.148,+180.015,+116.947,+140.227,+33.758,+114.219,+122.130,+121.181,+139.446,+97.079,+95.204,+97.964,+96.151,+99.204,+96.135,+95.343,+99.449,+101.381,+99.206,+97.957,+98.311,+98.634,+99.285,+104.068,+103.934,+95.988,+96.200,+97.516,+104.072
0,5,+79.041,+157.678,+183.913,+95.660,+95.005,+79.791,+105.958,+112.470,+69.162,+72.104,+82.692,+174.418,+158.372,+119.214,+130.848,+68.768,+64.812,+100.143,+21.950,+66.665,+96.573,+98.790,+98.184,+101.489,+98.854,+103.884,+100.748,+100.535,+102.877,+103.763,+96.844,+101.395,+97.840,+100.983,+103.730,+99.067,+104.056,+98.680,+98.072,+97.624
0,6,+61.484,+168.460,+63.213,+83.185,+186.158,+154.239,+82.704,+158.760,+59.561,+49.112,+25.314,+172.310,+169.990,+27.380,+51.079,+157.246,+119.576,+206.891,+50.665,+8.201,+95.170,+102.228,+104.828,+99.170,+101.047,+98.898,+98.327,+96.895,+98.116,+97.105,+101.228,+103.692,+95.089,+100.277,+101.940,+102.043,+99.723,+96.800,+95.835,+95.318
0,7,+123.547,+224.934,+91.023,+76.147,+89.016,+172.915,+138.918,+89.651,+77.593,+218.123,+70.765,+92.974,+165.166,+207.876,+104.578,+193.132,+133.582,+26.183,+159.186,+89.020,+97.561,+97.979,+102.501,+101.678,+100.637,+99.736,+104.249,+99.381,+95.354,+96.393,+96.924,+103.935,+100.117,+96.523,+100.969,+98.039,+96.173,+99.020,+95.559,+96.681
0,8,+122.160,+243.243,+45.179,+87.387,+131.671,+55.954,+74.653,+99.012,+5.572,+71.393,+150.580,+115.150,+19.059,+143.946,+138.660,+25.193,+69.045,+55.504,+56.966,+84.026,+102.487,+101.680,+95.260,+96.373,+100.422,+97.855,+104.941,+96.221,+102.873,+100.905,+100.550,+100.866,+100.006,+95.409,+99.867,+101.446,+99.624,+98.969,+102.216,+102.347
0,9,+178.252,+62.017,+61.871,+61.199,+195.707,+152.846,+57.672,+106.754,+138.995,+172.608,+142.245,+20.483,+165.411,+44.771,+46.075,+75.006,+33.092,+46.348,+58.429,+128.367,+100.592,+101.548,+97.398,+95.817,+100.604,+98.900,+101.433,+102.244,+103.223,+95.221,+98.086,+98.891,+100.992,+102.875,+96.275,+99.341,+100.941,+95.336,+100.653,+99.503
0,10,+191.764,+111.338,+111.748,+128.439,+83.429,+137.576,+85.218,+64.599,+12.768,+39.967,+84.530,+147.367,+55.402,+54.420,+75.254,+84.494,+100.252,+162.691,+143.076,+99.585,+102.313,+97.211,+95.472,+95.124,+95.296,+95.183,+102.529,+100.041,+98.731,+103.151,+99.273,+98.995,+104.320,+104.253,+103.548,+95.892,+98.488,+104.866,+96.697,+99.676
0,11,+206.637,+39.835,+117.573,+66.597,+35.513,+119.209,+75.222,+98.450,+87.961,+144.419,+60.183,+109.370,+1.575,+174.464,+26.331,+108.686,+82.216,+86.107,+64.853,+144.941,+99.496,+99.786,+101.316,+100.503,+98.476,+102.411,+100.902,+99.304,+95.547,+97.191,+103.762,+104.501,+102.973,+98.105,+100.514,+101.611,+97.474,+102.288,+102.948,+103.582
0,12,+212.848,+109.102,+141.494,+156.477,+160.340,+92.548,+165.067,+93.986,+79.167,+114.500,+27.376,+224.698,+8.873,+142.168,+27.145,+157.786,+156.677,+133.939,+17.829,+27.643,+104.527,+96.451,+95.524,+95.124,+95.856,+104.120,+99.868,+104.316,+101.538,+103.266,+96.280,+101.525,+101.954,+96.876,+101.474,+103.142,+104.033,+98.221,+96.535,+99.869
0,13,+191.792,+102.649,+46.016,+67.743,+51.559,+143.096,+39.484,+203.856,+156.968,+23.975,+67.091,+25.353,+165.475,+20.706,+105.931,+153.609,+85.851,+118.216,+111.447,+106.843,+95.492,+102.877,+98.235,+100.606,+100.045,+97.189,+102.724,+103.813,+99.950,+100.725,+104.119,+95.579,+100.527,+99.215,+97.668,+101.681,+104.363,+95.019,+97.265,+99.276
0,14,+95.399,+103.980,+51.132,+70.297,+174.285,+43.291,+63.174,+45.283,+91.978,+94.367,+95.688,+13.482,+138.241,+73.937,+74.815,+114.875,+58.339,+96.145,+43.310,+71.612,+95.937,+96.077,+101.446,+102.673,+102.985,+104.801,+104.104,+104.959,+95.205,+103.664,+104.479,+102.331,+100.694,+100.095,+95.697,+104.558,+102.164,+99.259,+96.229,+98.315
0,15,+49.419,+100.296,+60.667,+117.800,+69.349,+134.566,+107.250,+104.433,+101.331,+70.860,+63.669,+95.371,+43.614,+111.528,+220.988,+75.551,+55.689,+151.952,+29.174,+117.026,+98.018,+101.182,+104.789,+99.257,+98.798,+102.318,+96.968,+95.065,+97.192,+95.965,+98.138,+97.382,+101.790,+100.680,+99.490,+102.898,+96.581,+100.654,+98.285,+102.414
0,16,+138.967,+59.644,+135.465,+66.078,+71.613,+148.932,+150.840,+59.291,+18.299,+80.634,+105.184,+30.503,+153.102,+146.916,+120.515,+74.020,+90.273,+79.339,+133.130,+65.748,+96.283,+102.661,+102.837,+103.384,+100.458,+102.834,+95.055,+98.110,+97.766,+103.002,+96.262,+97.963,+103.342,+96.644,+98.336,+103.577,+97.808,+100.331,+98.824,+96.009
0,17,+124.458,+204.824,+4.268,+91.828,+108.646,+144.181,+143.941,+124.372,+16.726,+11.703,+215.835,+153.310,+39.524,+193.468,+102.855,+164.934,+58.047,+36.349,+165.177,+191.925,+96.847,+101.880,+101.342,+100.514,+104.578,+100.492,+95.282,+104.275,+97.139,+95.862,+103.122,+103.378,+103.828,+100.573,+96.793,+97.346,+98.943,+104.202,+98.872,+102.282
0,18,+102.460,+153.775,+197.858,+109.258,+57.307,+72.474,+51.448,+158.857,+139.019,+207.464,+112.036,+154.527,+150.606,+137.237,+122.883,+136.845,+78.135,+173.391,+207.973,+134.873,+101.581,+100.173,+98.405,+102.479,+104.142,+100.766,+101.379,+101.280,+101.375,+103.148,+95.390,+104.293,+96.909,+98.938,+104.954,+97.486,+103.291,+102.132,+100.124,+99.098
0,19,+64.128,+68.899,+78.527,+134.292,+77.376,+92.463,+124.131,+125.011,+132.352,+161.917,+124.704,+119.064,+80.206,+140.657,+131.306,+164.425,+50.121,+111.413,+114.941,+110.811,+99.625,+99.095,+96.337,+104.895,+101.945,+104.030,+100.578,+104.903,+99.589,+96.966,+103.086,+103.450,+100.633,+97.458,+95.326,+99.109,+96.502,+95.406,+100.523,+100.927
0,20,+71.999,+83.821,+138.606,+64.692,+89.084,+129.703,+77.225,+52.354,+67.813,+96.738,+77.054,+46.380,+105.519,+89.934,+135.246,+179.932,+36.157,+43.815,+34.800,+106.695,+95.103,+95.726,+99.656,+98.608,+104.725,+100.602,+100.563,+100.693,+101.183,+96.425,+103.422,+102.372,+100.349,+102.254,+100.278,+95.239,+95.123,+97.591,+102.076,+99.352
0,21,+109.652,+54.676,+34.952,+122.882,+68.042,+110.974,+42.098,+53.400,+119.164,+79.330,+211.800,+43.774,+143.271,+54.067,+92.191,+105.129,+44.720,+82.267,+150.264,+102.814,+102.677,+98.099,+102.888,+100.582,+103.022,+98.328,+102.413,+100.029,+99.666,+100.433,+102.925,+96.117,+103.842,+97.206,+103.394,+104.383,+96.082,+102.675,+98.839,+98.172
0,22,+256.397,+97.232,+139.338,+108.823,+60.717,+100.964,+45.963,+177.875,+88.981,+1.243,+125.304,+175.964,+55.424,+89.943,+75.858,+141.041,+124.286,+20.972,+87.841,+61.534,+99.391,+97.708,+102.099,+99.032,+104.014,+98.745,+104.116,+98.811,+96.713,+98.837,+103.765,+97.558,+100.278,+104.069,+103.433,+98.038,+102.965,+96.277,+98.965,+104.681
0,23,+173.671,+68.824,+74.279,+117.814,+140.985,+125.985,+71.117,+25.541,+29.798,+136.954,+108.061,+131.374,+18.494,+125.042,+138.968,+92.629,+72.981,+157.458,+166.495,+95.418,+100.722,+101.471,+97.479,+101.111,+100.093,+95.471,+95.381,+96.261,+98.155,+96.418,+98.965,+95.732,+98.711,+99.952,+95.641,+100.129,+103.571,+99.165,+104.590,+102.345
0,24,+35.115,+177.171,+6.360,+57.385,+87.578,+35.484,+124.354,+133.507,+180.734,+120.133,+39.107,+166.228,+16.313,+25.172,+152.462,+109.852,+165.421,+165.676,+178.274,+52.672,+101.085,+102.729,+104.231,+101.446,+102.868,+97.892,+95.395,+96.658,+100.733,+98.640,+96.258,+101.113,+104.258,+101.931,+101.209,+97.174,+100.898,+101.156,+97.310,+104.940
0,25,+132.182,+159.440,+87.104,+18.258,+154.738,+68.302,+163.271,+131.808,+188.599,+146.759,+74.902,+156.832,+104.774,+212.922,+0.790,+79.956,+90.000,+155.718,+78.440,+100.603,+96.260,+99.923,+103.331,+98.948,+103.964,+102.669,+98.649,+98.931,+103.822,+101.451,+101.362,+104.165,+95.134,+99.432,+97.892,+103.972,+98.517,+99.282,+102.285,+100.354
0,26,+142.871,+206.527,+90.777,+76.582,+90.679,+138.342,+97.688,+118.917,+38.364,+129.726,+57.398,+97.548,+52.064,+66.284,+102.174,+138.471,+39.781,+85.089,+196.092,+161.268,+103.926,+101.375,+104.930,+100.920,+99.783,+101.064,+102.235,+97.573,+97.227,+104.028,+99.280,+99.293,+100.728,+104.384,+100.881,+98.729,+96.998,+101.633,+103.477,+102.240
0,27,+72.518,+44.902,+6.960,+129.330,+181.502,+18.181,+131.055,+83.375,+127.499,+153.450,+63.089,+93.915,+21.838,+109.281,+77.243,+177.216,+60.270,+153.029,+116.521,+35.067,+100.637,+96.992,+99.569,+103.358,+97.432,+98.785,+97.688,+96.531,+100.055,+96.977,+96.538,+103.303,+98.655,+104.082,+101.060,+102.172,+101.807,+103.546,+98.180,+97.026
0,28,+48.000,+54.035,+26.349,+121.475,+11.503,+92.439,+112.164,+214.122,+204.820,+112.475,+60.836,+171.546,+95.114,+52.338,+115.285,+188.950,+113.067,+173.884,+257.375,+82.291,+104.088,+101.130,+98.375,+100.058,+97.185,+99.578,+95.268,+99.812,+97.989,+102.752,+96.627,+95.117,+98.673,+99.138,+100.200,+102.708,+98.445,+97.599,+96.239,+102.146
0,29,+116.787,+120.538,+108.742,+141.445,+60.819,+75.141,+101.196,+169.440,+92.119,+42.225,+218.038,+102.292,+132.965,+42.209,+106.998,+75.990,+94.387,+88.044,+138.223,+161.607,+96.590,+100.403,+101.129,+99.313,+101.093,+96.663,+96.288,+103.079,+100.923,+102.729,+98.420,+103.174,+96.194,+98.599,+97.708,+99.487,+102.481,+103.960,+98.118,+100.018
0,30,+102.931,+256.089,+81.412,+96.166,+4.217,+147.108,+43.491,+86.435,+65.549,+33.884,+163.477,+61.318,+111.259,+135.594,+127.774,+57.871,+102.035,+15.792,+248.913,+130.040,+104.915,+102.377,+97.987,+95.413,+101.357,+98.973,+98.334,+95.463,+96.045,+98.488,+103.036,+103.310,+99.090,+100.906,+104.543,+103.071,+99.981,+102.857,+100.711,+98.977
0,31,+178.662,+61.374,+40.512,+105.898,+138.573,+86.422,+82.451,+169.095,+45.973,+70.622,+135.750,+46.091,+134.860,+75.067,+61.512,+79.060,+205.146,+35.357,+116.438,+135.182,+95.033,+103.798,+95.102,+100.408,+101.673,+104.917,+102.299,+104.417,+98.461,+97.299,+99.386,+102.382,+100.682,+97.472,+104.874,+104.275,+96.237,+100.298,+97.471,+103.234
0,32,+99.749,+85.058,+89.562,+145.342,+81.697,+93.684,+220.098,+132.167,+158.938,+132.003,+90.887,+207.639,+56.119,+186.701,+98.894,+202.621,+114.857,+26.569,+80.812,+22.018,+102.636,+97.040,+97.380,+103.546,+100.251,+100.720,+97.675,+100.381,+104.891,+104.805,+103.927,+96.994,+103.499,+99.446,+97.073,+96.405,+95.414,+103.016,+97.150,+98.059
0,33,+53.130,+207.134,+115.050,+140.184,+119.483,+53.298,+67.951,+112.534,+117.286,+200.006,+123.549,+68.180,+68.228,+149.002,+146.893,+36.045,+176.971,+95.938,+78.012,+112.107,+103.536,+104.155,+103.075,+96.571,+99.882,+98.176,+96.906,+102.403,+100.004,+99.908,+102.097,+102.553,+99.825,+99.066,+100.726,+99.378,+101.266,+99.715,+99.666,+100.907
0,34,+38.233,+66.963,+106.038,+88.636,+181.859,+39.100,+57.642,+101.751,+131.471,+138.235,+191.051,+67.421,+97.260,+164.514,+161.909,+115.844,+157.085,+50.033,+181.526,+98.907,+102.507,+104.596,+101.980,+104.863,+101.381,+100.922,+104.146,+95.545,+99.131,+98.552,+100.686,+96.788,+102.739,+98.677,+99.883,+98.279,+104.813,+100.186,+104.589,+100.467
0,35,+140.986,+141.163,+97.742,+226.053,+64.324,+150.168,+124.978,+145.256,+135.142,+96.136,+134.578,+72.824,+94.328,+55.353,+19.424,+63.801,+9.790,+90.027,+126.949,+3.242,+104.287,+102.396,+98.656,+102.104,+101.885,+104.893,+104.120,+98.038,+98.011,+101.530,+99.898,+98.154,+98.740,+97.004,+99.442,+103.426,+96.482,+100.334,+101.204,+99.025
0,36,+211.134,+166.007,+104.773,+116.608,+124.304,+82.689,+81.503,+145.181,+105.621,+98.305,+162.045,+119.705,+143.685,+110.014,+148.164,+67.886,+58.588,+146.489,+31.674,+82.940,+104.880,+104.128,+99.825,+97.685,+102.864,+99.970,+102.815,+103.110,+98.480,+104.575,+96.790,+97.278,+98.614,+99.521,+103.539,+104.112,+101.105,+99.745,+99.183,+104.036
0,37,+94.235,+182.330,+34.757,+118.172,+156.449,+204.138,+179.052,+60.022,+159.644,+211.107,+176.414,+47.040,+139.700,+13.042,+114.172,+107.457,+113.421,+173.204,+93.564,+115.945,+101.422,+101.878,+95.469,+95.013,+101.626,+99.503,+102.892,+102.148,+96.745,+104.753,+102.852,+95.409,+97.947,+100.937,+99.853,+95.287,+102.528,+98.525,+98.556,+98.082
0,38,+334.995,+114.731,+86.853,+140.017,+131.844,+133.173,+35.060,+91.377,+176.099,+55.945,+67.149,+252.372,+69.233,+131.748,+46.153,+78.187,+26.019,+88.550,+148.320,+163.911,+96.611,+97.085,+97.486,+99.216,+97.729,+103.289,+98.753,+97.044,+100.830,+101.329,+102.413,+97.198,+96.515,+97.052,+97.140,+98.035,+103.043,+101.643,+98.804,+104.178
0,39,+158.346,+135.496,+0.983,+128.913,+125.895,+132.734,+189.696,+150.651,+106.541,+26.801,+130.292,+77.264,+179.585,+34.076,+185.917,+190.813,+110.139,+121.389,+81.328,+111.681,+104.616,+99.250,+101.032,+95.932,+99.735,+98.195,+97.160,+102.389,+100.210,+101.756,+104.352,+96.315,+104.126,+99.172,+104.328,+97.981,+102.115,+99.168,+98.499,+101.699
0,40,+159.052,+170.483,+149.279,+93.587,+57.156,+42.934,+128.427,+78.859,+28.268,+50.831,+157.155,+92.364,+57.588,+149.271,+165.935,+49.165,+90.587,+31.949,+189.145,+28.207,+103.927,+104.659,+97.075,+103.645,+95.051,+95.373,+95.481,+103.603,+100.620,+104.451,+98.867,+101.502,+101.992,+100.258,+99.291,+101.945,+95.992,+97.450,+99.537,+95.924
0,41,+168.127,+69.733,+128.003,+200.894,+107.765,+51.578,+96.612,+92.449,+176.928,+230.211,+240.105,+176.504,+153.887,+145.726,+102.304,+86.743,+183.637,+53.505,+120.878,+159.290,+100.791,+98.310,+102.864,+99.660,+95.647,+100.503,+100.349,+101.614,+102.588,+95.418,+98.454,+103.104,+100.679,+97.989,+99.689,+102.917,+97.318,+99.630,+98.830,+97.378
0,42,+103.089,+50.537,+85.312,+54.358,+162.725,+162.816,+158.413,+9.910,+84.757,+56.317,+102.419,+77.148,+117.836,+5.617,+5.890,+45.930,+60.257,+174.336,+66.494,+102.018,+103.862,+103.116,+100.193,+98.683,+101.217,+101.037,+95.913,+103.531,+95.747,+103.713,+104.726,+103.598,+96.729,+102.628,+102.592,+103.916,+104.033,+104.310,+96.100,+100.975
0,43,+91.085,+197.424,+152.969,+36.541,+109.984,+250.957,+43.227,+76.835,+26.544,+74.461,+19.348,+151.668,+118.682,+181.489,+43.162,+86.720,+125.842,+32.745,+18.504,+57.555,+99.289,+100.021,+95.274,+98.958,+98.990,+95.915,+104.417,+101.645,+103.545,+98.276,+98.404,+101.687,+96.144,+98.683,+101.177,+102.826,+96.989,+97.257,+103.684,+100.499
0,44,+204.176,+256.242,+74.960,+64.150,+119.149,+133.974,+6.160,+43.509,+142.147,+139.770,+187.137,+8.036,+68.448,+52.467,+69.219,+133.140,+113.818,+54.476,+74.729,+121.211,+104.478,+99.734,+97.621,+103.359,+99.046,+100.234,+103.755,+96.843,+101.005,+102.633,+102.605,+99.059,+99.374,+101.680,+100.755,+103.073,+99.036,+95.147,+99.010,+95.167
0,45,+51.580,+69.866,+91.100,+58.550,+146.477,+121.619,+199.272,+73.252,+67.199,+178.625,+142.353,+96.923,+177.578,+203.407,+67.536,+77.594,+45.263,+178.874,+130.808,+70.567,+98.071,+101.526,+97.416,+101.276,+98.008,+97.264,+100.015,+104.914,+97.442,+95.591,+97.600,+97.064,+100.018,+99.349,+100.690,+101.466,+103.285,+102.342,+103.305,+104.706
0,46,+69.965,+72.178,+126.686,+22.217,+90.807,+101.376,+90.013,+82.819,+91.539,+203.030,+11.292,+52.280,+35.161,+172.241,+73.571,+92.307,+10.975,+5.797,+49.966,+90.211,+104.572,+97.219,+98.935,+99.954,+100.241,+104.313,+103.126,+97.391,+102.052,+100.770,+104.339,+95.091,+95.166,+97.182,+96.902,+99.846,+103.043,+98.718,+99.069,+95.675
0,47,+124.017,+27.844,+93.023,+206.452,+124.334,+154.592,+184.442,+39.986,+46.986,+114.861,+61.017,+96.923,+140.396,+126.771,+209.561,+107.176,+114.018,+161.884,+57.129,+170.173,+101.254,+96.896,+98.954,+98.894,+100.504,+103.611,+102.241,+103.880,+103.801,+104.495,+104.477,+100.323,+103.373,+98.062,+96.386,+98.774,+101.951,+99.872,+98.698,+96.874
0,48,+53.534,+98.525,+173.215,+125.059,+208.988,+97.873,+213.326,+34.027,+85.520,+110.422,+112.889,+72.411,+114.860,+24.800,+53.902,+131.145,+120.894,+94.352,+154.755,+200.957,+97.337,+98.695,+97.967,+104.590,+103.504,+98.008,+97.185,+96.503,+101.082,+101.117,+99.320,+104.412,+100.637,+103.082,+100.517,+99.545,+104.697,+100.118,+98.295,+99.942
0,49,+94.083,+123.874,+242.712,+71.321,+119.206,+112.402,+1.759,+104.226,+114.417,+4.397,+76.582,+174.153,+166.274,+86.947,+89.277,+120.542,+88.210,+82.602,+66.718,+116.192,+100.290,+96.927,+99.618,+101.372,+101.082,+103.126,+104.914,+95.440,+99.015,+103.246,+99.776,+100.639,+101.208,+104.383,+103.369,+103.009,+95.852,+97.699,+103.923,+98.659
0,50,+87.440,+49.265,+36.528,+155.681,+94.116,+25.379,+112.743,+158.507,+74.387,+76.623,+43.917,+66.432,+146.050,+36.385,+106.484,+113.983,+84.104,+112.704,+250.420,+114.566,+98.418,+102.952,+104.545,+97.844,+96.006,+101.585,+102.589,+98.307,+95.592,+98.449,+97.497,+98.262,+100.228,+97.253,+95.023,+97.922,+104.216,+103.822,+97.835,+96.329
0,51,+106.696,+72.838,+181.199,+151.269,+169.366,+109.471,+135.560,+130.856,+143.384,+60.311,+206.927,+70.843,+126.120,+151.546,+66.036,+150.215,+55.602,+82.291,+133.130,+80.479,+99.715,+100.205,+99.476,+102.675,+104.121,+98.824,+96.395,+99.184,+100.519,+96.477,+99.729,+99.788,+101.380,+95.821,+103.251,+95.792,+96.061,+99.864,+96.869,+98.396
0,52,+78.894,+142.705,+182.136,+203.709,+76.027,+101.578,+122.052,+52.677,+3.031,+59.280,+115.326,+3.558,+109.645,+108.540,+39.563,+66.654,+171.755,+177.718,+2.197,+90.462,+102.643,+96.159,+99.600,+95.445,+97.228,+101.935,+98.126,+95.238,+96.273,+98.420,+100.247,+98.251,+95.328,+99.537,+103.759,+96.996,+97.962,+101.963,+102.455,+97.627
0,53,+125.022,+162.035,+27.611,+158.371,+195.792,+49.385,+139.903,+127.352,+88.180,+152.329,+147.419,+62.322,+148.113,+139.699,+141.214,+142.443,+167.681,+79.565,+127.286,+173.914,+96.723,+98.347,+102.283,+97.247,+101.303,+103.793,+100.433,+103.587,+98.027,+103.759,+100.215,+104.391,+95.282,+99.388,+104.181,+103.865,+97.215,+95.188,+98.013,+100.702
0,54,+67.415,+99.537,+125.467,+227.048,+71.454,+160.382,+74.687,+137.435,+103.864,+65.829,+109.175,+87.056,+75.234,+148.129,+66.269,+41.039,+59.206,+98.055,+101.969,+169.417,+95.960,+97.551,+96.487,+97.653,+98.045,+97.110,+95.449,+104.730,+98.395,+102.416,+96.198,+103.950,+100.349,+97.858,+95.546,+95.568,+96.479,+103.102,+102.032,+101.891
0,55,+148.135,+47.452,+42.102,+95.085,+127.526,+36.434,+178.969,+186.813,+182.925,+46.364,+202.117,+100.513,+46.570,+105.482,+0.197,+10.122,+36.410,+43.060,+20.615,+151.880,+101.155,+96.723,+100.257,+104.312,+98.104,+104.329,+96.513,+102.820,+97.297,+97.053,+96.389,+95.486,+97.378,+97.748,+99.490,+99.397,+103.113,+96.797,+101.101,+104.650
0,56,+141.502,+148.324,+130.052,+72.031,+158.084,+72.977,+84.196,+103.254,+125.538,+136.528,+29.213,+139.260,+74.853,+39.601,+92.197,+12.190,+190.656,+172.984,+95.028,+32.330,+102.026,+98.145,+99.756,+100.252,+98.353,+103.539,+104.581,+103.466,+99.806,+100.358,+98.048,+95.704,+100.979,+103.100,+103.051,+102.784,+101.114,+98.283,+103.030,+99.616
0,57,+78.138,+138.619,+139.232,+149.146,+106.838,+75.156,+99.895,+59.915,+29.130,+125.581,+146.725,+63.820,+85.948,+64.274,+120.684,+22.250,+17.653,+174.658,+149.801,+84.393,+103.611,+95.070,+100.571,+98.443,+97.940,+104.787,+99.270,+102.569,+96.720,+97.111,+101.990,+101.321,+99.453,+96.403,+103.322,+103.704,+99.286,+99.076,+104.471,+99.945
0,58,+118.601,+192.469,+91.985,+178.347,+91.465,+20.235,+145.197,+137.612,+154.067,+160.901,+161.039,+37.053,+119.407,+194.289,+110.245,+165.118,+121.332,+127.027,+138.759,+130.539,+103.662,+97.925,+101.806,+96.967,+95.823,+97.680,+99.939,+99.825,+102.311,+103.922,+102.641,+95.721,+95.199,+95.023,+100.235,+104.207,+95.304,+97.096,+96.867,+104.885
0,59,+132.110,+110.373,+58.925,+174.377,+129.170,+100.069,+141.861,+198.766,+112.508,+168.478,+53.677,+12.900,+37.950,+135.843,+33.296,+77.492,+81.835,+35.431,+44.642,+126.926,+98.613,+95.949,+96.075,+97.716,+102.518,+98.094,+101.028,+99.645,+97.488,+100.561,+102.452,+95.869,+102.208,+103.299,+104.603,+102.088,+101.660,+96.573,+102.663,+100.510
0,60,+138.152,+3.883,+95.292,+153.338,+156.670,+100.074,+71.822,+63.029,+64.375,+65.561,+174.038,+143.332,+92.571,+95.173,+119.191,+156.309,+120.226,+102.022,+229.387,+23.973,+100.973,+96.440,+103.586,+103.545,+96.338,+101.002,+99.997,+100.632,+95.212,+99.639,+104.269,+95.248,+95.154,+99.965,+95.036,+95.150,+100.992,+101.207,+98.455,+99.156
0,61,+135.869,+136.891,+135.249,+103.137,+82.617,+100.294,+59.284,+178.347,+136.769,+84.503,+143.902,+73.253,+22.391,+79.961,+109.694,+82.666,+96.893,+136.450,+82.949,+151.657,+103.898,+97.331,+101.387,+100.707,+104.838,+98.280,+102.012,+100.905,+102.191,+101.064,+97.329,+97.415,+98.807,+100.291,+100.120,+101.351,+103.179,+97.565,+97.109,+104.367
0,62,+44.474,+118.856,+120.247,+200.921,+100.584,+78.545,+112.805,+27.746,+92.956,+0.042,+61.198,+23.127,+103.917,+216.150,+159.244,+111.978,+142.862,+26.735,+105.418,+92.693,+96.792,+104.551,+102.784,+97.756,+97.986,+103.104,+96.387,+103.406,+97.339,+96.357,+98.139,+101.274,+101.651,+98.894,+102.545,+99.628,+104.807,+99.440,+99.493,+101.175
0,63,+79.799,+178.679,+148.836,+42.607,+28.280,+170.672,+249.452,+197.932,+211.831,+55.183,+47.319,+110.735,+57.806,+117.663,+83.745,+70.612,+180.354,+37.505,+70.045,+92.348,+104.549,+101.352,+96.566,+99.758,+101.699,+101.330,+100.858,+104.712,+101.800,+103.513,+102.483,+104.824,+103.337,+101.739,+101.857,+95.415,+104.059,+98.832,+104.046,+100.209
0,64,+105.307,+115.063,+51.799,+61.901,+46.461,+33.366,+46.109,+146.969,+179.555,+117.934,+96.209,+232.281,+68.999,+107.214,+177.173,+82.426,+142.064,+131.798,+229.020,+150.803,+102.807,+98.878,+99.290,+103.975,+101.020,+99.357,+104.073,+102.668,+102.379,+101.089,+96.491,+95.276,+95.951,+96.301,+104.841,+96.591,+99.336,+98.634,+103.318,+103.639
0,65,+112.096,+92.130,+136.256,+123.201,+68.902,+206.978,+17.520,+107.826,+72.175,+157.215,+161.463,+15.900,+115.606,+90.259,+165.686,+95.067,+77.336,+80.801,+105.638,+205.363,+103.910,+95.488,+99.008,+104.061,+101.334,+103.791,+98.707,+104.737,+101.031,+97.065,+100.255,+99.512,+97.730,+100.147,+98.100,+99.914,+95.572,+100.381,+98.911,+96.535
0,66,+159.101,+115.732,+71.794,+56.387,+89.398,+45.175,+110.350,+144.346,+224.401,+83.831,+182.366,+135.282,+150.207,+66.713,+160.547,+207.648,+20.415,+6.873,+111.186,+99.971,+97.974,+96.762,+96.709,+99.342,+99.229,+98.757,+96.197,+102.179,+97.615,+97.184,+100.268,+104.099,+97.256,+100.043,+98.205,+95.824,+100.201,+104.278,+101.997,+95.636
0,67,+55.520,+115.598,+60.611,+122.096,+2.304,+124.304,+185.643,+146.102,+86.434,+100.262,+90.745,+105.695,+117.789,+150.036,+74.932,+75.615,+96.054,+90.343,+12.258,+97.723,+96.300,+98.350,+104.647,+101.149,+99.598,+102.929,+100.760,+101.534,+99.690,+102.455,+99.576,+97.892,+98.827,+95.421,+104.910,+95.254,+95.162,+104.138,+101.142,+104.189
0,68,+36.199,+84.940,+240.009,+131.063,+112.472,+156.533,+45.976,+207.771,+193.985,+32.029,+89.954,+203.731,+106.964,+153.413,+35.723,+134.943,+135.502,+157.367,+116.034,+79.408,+98.984,+97.718,+101.629,+99.324,+99.839,+100.464,+101.607,+99.669,+104.424,+99.503,+100.687,+103.989,+103.191,+103.465,+96.044,+102.695,+102.522,+101.204,+103.276,+95.609
0,69,+105.958,+84.858,+124.581,+93.581,+102.878,+115.522,+95.700,+75.902,+118.327,+56.805,+77.200,+100.921,+93.906,+129.311,+132.187,+91.512,+122.432,+107.984,+182.109,+27.286,+100.042,+101.379,+100.865,+99.175,+100.346,+98.811,+95.767,+96.571,+104.730,+104.644,+103.181,+98.807,+100.800,+101.524,+101.443,+104.395,+96.188,+99.872,+97.987,+100.116
0,70,+93.063,+70.148,+97.171,+62.146,+51.032,+121.350,+190.085,+224.933,+140.824,+103.539,+103.544,+16.368,+199.431,+58.701,+129.025,+40.472,+211.295,+63.349,+195.220,+55.563,+104.733,+99.376,+101.757,+100.477,+99.213,+103.781,+97.468,+99.211,+98.469,+101.759,+103.836,+100.175,+101.499,+95.841,+99.268,+100.460,+97.322,+100.913,+101.753,+96.339
0,71,+103.037,+134.383,+29.583,+60.370,+59.866,+124.816,+183.720,+121.445,+115.623,+148.974,+177.422,+80.292,+64.033,+175.382,+141.220,+193.092,+82.373,+116.721,+1.821,+96.440,+103.785,+102.827,+104.634,+100.329,+103.585,+95.282,+102.598,+100.736,+99.533,+104.366,+103.334,+95.217,+100.860,+102.804,+101.770,+98.300,+100.690,+101.158,+100.965,+104.778
0,72,+122.543,+80.839,+138.747,+84.039,+53.874,+97.479,+125.941,+129.279,+83.317,+60.527,+60.619,+126.376,+83.514,+170.594,+62.925,+104.151,+262.654,+29.798,+115.378,+149.796,+98.674,+97.485,+95.428,+98.075,+101.292,+104.586,+101.375,+99.815,+102.654,+104.945,+98.100,+101.454,+97.621,+96.677,+103.036,+97.937,+97.774,+104.759,+98.350,+98.300
0,73,+86.834,+46.960,+88.816,+160.559,+70.118,+12.242,+54.637,+153.415,+210.285,+48.174,+170.131,+11.273,+101.324,+37.403,+41.528,+125.401,+177.141,+163.465,+5.542,+109.254,+98.854,+97.192,+103.632,+97.416,+98.326,+102.389,+99.697,+96.026,+96.126,+96.350,+101.259,+101.408,+101.809,+95.135,+104.422,+99.453,+103.295,+96.023,+103.349,+95.464
0,74,+85.747,+170.358,+154.814,+86.191,+86.859,+107.899,+102.314,+156.320,+140.769,+102.119,+122.685,+95.199,+100.080,+127.359,+27.525,+118.606,+121.222,+55.014,+166.642,+137.941,+99.603,+96.043,+95.049,+104.952,+97.318,+104.108,+104.483,+101.832,+104.173,+96.434,+99.653,+102.006,+102.681,+95.278,+102.531,+104.392,+99.862,+97.477,+103.438,+97.616
0,75,+270.657,+145.822,+100.748,+145.450,+115.153,+69.047,+2.941,+103.222,+71.207,+79.033,+169.743,+100.988,+121.275,+84.288,+64.816,+42.779,+139.691,+168.153,+155.218,+171.484,+103.416,+95.070,+103.251,+103.574,+100.836,+104.517,+99.462,+103.284,+103.077,+99.339,+100.919,+96.261,+101.654,+98.529,+103.992,+95.617,+102.428,+98.378,+103.447,+101.953
0,76,+75.693,+110.095,+109.572,+127.587,+111.684,+98.742,+101.245,+102.036,+55.709,+77.059,+54.421,+73.178,+65.743,+130.368,+70.028,+136.286,+90.489,+51.101,+205.513,+122.891,+97.148,+103.029,+99.238,+102.489,+99.236,+96.819,+96.551,+98.013,+100.249,+96.137,+100.760,+100.139,+104.657,+102.283,+100.813,+99.698,+103.460,+102.182,+100.247,+98.235
0,77,+140.626,+148.281,+107.515,+56.957,+125.255,+114.612,+113.209,+68.617,+40.818,+41.547,+137.999,+88.745,+74.209,+182.185,+70.618,+131.764,+95.938,+208.637,+131.891,+94.901,+95.093,+98.426,+98.863,+103.078,+97.327,+95.386,+98.520,+101.129,+102.767,+104.118,+104.524,+97.395,+102.506,+103.318,+102.870,+104.916,+104.524,+102.966,+99.105,+102.411
0,78,+152.666,+24.946,+157.208,+35.740,+57.158,+69.987,+61.538,+193.402,+139.577,+7.594,+99.156,+152.152,+177.564,+76.446,+91.174,+65.813,+36.551,+90.449,+48.621,+171.133,+95.823,+96.623,+103.989,+96.490,+95.210,+103.779,+95.093,+97.623,+104.670,+95.438,+98.330,+96.530,+104.324,+95.336,+104.013,+102.726,+101.100,+99.572,+100.818,+99.591
0,79,+116.521,+65.846,+79.669,+114.303,+110.577,+155.657,+208.868,+61.515,+62.511,+130.570,+262.520,+18.996,+50.868,+60.227,+43.146,+11.331,+34.743,+112.716,+91.269,+120.543,+98.752,+102.459,+102.855,+102.726,+99.383,+102.938,+102.468,+99.526,+102.445,+102.728,+103.053,+102.007,+95.782,+103.303,+101.265,+97.182,+95.988,+101.672,+98.636,+97.505
0,80,+86.619,+100.436,+200.580,+131.687,+192.495,+178.655,+120.815,+207.686,+98.855,+112.458,+3.767,+143.211,+126.908,+144.538,+76.548,+84.829,+69.989,+109.249,+50.846,+138.669,+104.295,+97.151,+99.864,+102.028,+102.394,+103.348,+103.435,+100.487,+99.444,+101.126,+98.688,+102.182,+103.745,+95.403,+101.776,+102.480,+100.550,+100.350,+102.332,+97.009
0,81,+171.280,+124.054,+178.975,+156.758,+123.392,+175.412,+167.957,+144.014,+174.818,+146.217,+227.217,+71.880,+116.037,+237.422,+190.873,+205.871,+94.627,+125.061,+34.130,+92.209,+95.641,+99.862,+95.943,+103.068,+96.663,+97.938,+99.101,+101.990,+98.400,+100.915,+98.532,+96.791,+95.587,+101.538,+96.306,+103.321,+102.990,+100.854,+100.093,+99.770
0,82,+138.517,+19.343,+57.226,+196.736,+122.049,+109.610,+76.660,+54.779,+135.928,+100.738,+102.312,+109.619,+36.322,+123.384,+96.032,+79.924,+9.350,+69.238,+27.430,+36.886,+101.746,+101.032,+96.732,+98.672,+102.931,+98.292,+96.695,+95.251,+98.208,+101.383,+100.729,+101.997,+104.823,+97.407,+95.115,+97.596,+97.181,+101.776,+96.290,+98.277
0,83,+240.431,+7.677,+193.910,+49.011,+184.083,+114.106,+96.953,+284.920,+87.984,+112.842,+83.584,+77.245,+101.628,+166.433,+110.264,+176.403,+62.334,+92.163,+119.735,+34.319,+98.583,+103.694,+98.745,+100.442,+100.369,+103.769,+100.841,+96.569,+103.591,+102.934,+95.993,+103.865,+101.376,+100.183,+102.397,+104.768,+101.621,+102.879,+98.983,+95.965
0,84,+117.050,+38.946,+58.280,+45.226,+61.502,+159.074,+79.350,+150.873,+149.359,+90.784,+64.682,+90.759,+156.257,+68.379,+120.878,+21.099,+170.748,+61.185,+10.920,+17.369,+97.540,+99.784,+101.346,+97.743,+95.222,+104.936,+103.706,+97.648,+103.258,+103.602,+96.432,+95.869,+98.752,+103.275,+101.587,+98.239,+100.836,+95.099,+104.491,+104.826
0,85,+10.042,+211.313,+112.237,+112.352,+66.566,+129.666,+95.792,+156.392,+69.815,+60.114,+131.065,+124.293,+113.272,+91.413,+95.538,+33.087,+107.008,+142.980,+102.478,+71.713,+101.385,+95.637,+104.271,+97.104,+100.755,+104.992,+102.887,+100.508,+95.726,+101.856,+101.871,+97.450,+97.804,+102.115,+100.534,+98.208,+99.205,+103.048,+96.130,+104.814
0,86,+166.578,+11.413,+57.187,+106.455,+102.490,+184.454,+137.672,+125.384,+138.392,+160.281,+125.899,+159.422,+49.938,+120.145,+28.816,+14.208,+149.924,+50.194,+82.419,+114.279,+103.099,+96.164,+96.366,+98.302,+95.968,+97.617,+100.991,+101.007,+96.332,+100.382,+101.382,+100.593,+98.483,+97.454,+103.196,+103.533,+100.011,+100.415,+97.400,+96.316
0,87,+100.105,+110.276,+138.896,+116.791,+140.463,+35.118,+55.224,+101.892,+55.956,+47.268,+64.036,+95.196,+37.313,+56.462,+5.483,+62.911,+102.859,+132.137,+31.312,+88.333,+96.624,+104.310,+99.221,+101.599,+97.240,+100.065,+104.283,+104.675,+102.040,+104.136,+103.331,+100.223,+96.836,+95.796,+97.067,+101.120,+104.987,+97.745,+104.396,+101.825
0,88,+73.656,+178.106,+56.031,+49.370,+67.206,+114.086,+13.376,+62.742,+66.969,+50.358,+82.082,+73.786,+87.178,+42.065,+144.731,+133.607,+45.367,+181.325,+53.377,+117.043,+102.036,+99.536,+99.310,+101.242,+104.894,+97.853,+104.013,+98.699,+104.631,+97.020,+100.823,+95.642,+98.721,+104.580,+103.680,+95.589,+104.728,+97.013,+101.082,+97.530
0,89,+66.797,+77.388,+52.865,+156.357,+80.025,+223.249,+62.818,+26.838,+120.132,+78.717,+103.335,+117.660,+33.226,+165.675,+66.747,+67.384,+67.368,+68.160,+116.008,+47.631,+98.826,+98.797,+99.310,+97.216,+103.263,+98.625,+104.230,+101.990,+95.352,+100.130,+96.728,+95.315,+104.763,+101.278,+97.430,+96.106,+101.487,+101.465,+96.451,+102.726
0,90,+182.901,+97.862,+136.544,+168.258,+175.426,+78.423,+139.953,+147.997,+83.637,+116.119,+160.609,+59.491,+112.319,+108.202,+164.023,+183.474,+182.141,+172.829,+80.180,+74.850,+99.700,+102.930,+104.109,+104.937,+99.901,+103.531,+99.684,+103.227,+99.301,+104.959,+96.907,+96.368,+99.523,+96.765,+97.725,+95.653,+98.918,+97.688,+98.705,+98.698
0,91,+130.202,+34.215,+109.377,+77.477,+110.544,+60.643,+65.991,+168.818,+54.751,+146.732,+64.322,+108.500,+96.592,+190.191,+136.892,+63.347,+159.843,+100.894,+46.391,+131.729,+102.032,+98.553,+102.437,+104.974,+95.022,+95.358,+95.533,+101.878,+97.754,+98.127,+100.430,+95.766,+103.706,+100.467,+98.865,+95.388,+98.419,+99.151,+95.373,+100.478
0,92,+114.003,+65.318,+124.371,+78.587,+83.005,+203.423,+209.436,+182.733,+149.807,+213.582,+74.229,+126.696,+101.557,+132.398,+62.394,+124.220,+99.722,+119.176,+34.149,+129.465,+99.943,+95.147,+103.393,+96.714,+101.529,+104.843,+97.920,+100.232,+97.878,+104.884,+102.965,+104.258,+95.605,+103.925,+102.250,+97.569,+99.372,+103.356,+103.066,+103.126
0,93,+248.040,+69.618,+95.046,+81.120,+103.773,+130.146,+53.440,+24.059,+138.015,+134.458,+96.665,+122.231,+31.520,+41.802,+120.844,+56.715,+52.085,+226.031,+142.212,+137.546,+96.057,+95.689,+98.131,+101.478,+100.004,+98.514,+103.965,+104.096,+98.973,+100.028,+98.056,+101.397,+104.166,+102.456,+98.202,+100.283,+104.983,+104.931,+95.068,+102.956
0,94,+83.856,+64.438,+38.021,+150.293,+153.609,+111.489,+60.389,+54.265,+65.638,+45.573,+108.673,+25.720,+256.158,+20.554,+123.354,+69.218,+144.364,+64.473,+193.993,+149.944,+103.628,+99.039,+99.222,+104.581,+96.412,+102.310,+100.980,+98.009,+103.364,+104.113,+104.422,+97.023,+102.613,+96.887,+102.633,+102.470,+99.728,+97.897,+97.296,+100.839
0,95,+199.121,+83.949,+58.473,+120.221,+50.730,+5.031,+172.140,+106.848,+83.637,+176.183,+154.497,+50.063,+45.970,+16.026,+64.718,+105.398,+155.844,+87.724,+186.054,+105.902,+100.623,+102.673,+96.350,+101.893,+97.881,+104.753,+103.908,+95.769,+104.899,+98.934,+102.269,+103.107,+101.877,+101.407,+95.936,+103.653,+103.840,+95.264,+99.570,+100.871
0,96,+205.129,+118.843,+117.421,+131.301,+171.308,+113.311,+128.585,+146.653,+79.144,+242.284,+134.667,+98.848,+62.010,+168.589,+157.304,+190.249,+193.400,+119.799,+172.705,+99.254,+104.340,+96.369,+100.381,+97.687,+102.830,+97.896,+98.439,+104.936,+104.972,+104.214,+100.280,+99.952,+102.132,+101.915,+96.415,+102.279,+95.990,+104.923,+95.801,+98.792
0,97,+6.128,+115.602,+133.472,+242.375,+113.464,+52.807,+195.028,+231.974,+101.542,+71.275,+8.269,+195.387,+158.057,+95.087,+162.477,+184.448,+74.446,+50.343,+175.015,+34.861,+100.041,+101.386,+101.663,+102.508,+102.883,+99.775,+97.176,+104.755,+103.967,+102.974,+96.249,+96.863,+96.984,+98.100,+98.941,+101.353,+95.848,+100.465,+102.173,+98.897
0,98,+198.017,+73.608,+77.127,+122.426,+81.801,+83.993,+219.971,+18.676,+19.889,+29.963,+38.616,+70.247,+48.325,+44.725,+42.974,+178.476,+108.546,+93.988,+70.521,+107.070,+100.922,+96.019,+99.539,+102.044,+96.919,+103.234,+99.028,+102.845,+96.875,+95.934,+104.715,+97.593,+99.890,+96.236,+96.587,+99.829,+96.656,+100.048,+101.909,+97.035
0,99,+160.335,+45.657,+188.187,+124.710,+49.495,+34.564,+163.297,+96.662,+156.109,+10.727,+131.114,+155.048,+82.457,+138.907,+63.864,+123.598,+46.380,+95.370,+110.554,+31.071,+97.883,+104.863,+103.227,+101.330,+97.741,+102.548,+98.458,+96.058,+100.986,+95.556,+96.697,+103.288,+102.781,+99.245,+104.534,+104.156,+96.125,+95.913,+102.420,+95.182
0,100,+135.478,+48.782,+32.808,+121.784,+140.341,+74.544,+45.483,+28.660,+184.599,+150.649,+90.930,+113.628,+37.873,+69.645,+114.763,+97.993,+146.733,+73.941,+165.378,+66.565,+99.459,+98.079,+103.947,+99.500,+101.047,+98.299,+101.561,+100.023,+95.829,+96.847,+98.384,+99.832,+104.492,+104.213,+103.600,+100.794,+102.110,+97.363,+99.445,+100.614
0,101,+173.810,+218.555,+138.313,+101.766,+199.614,+128.687,+53.818,+116.298,+104.394,+74.323,+102.841,+85.479,+80.857,+218.793,+25.441,+82.624,+5.639,+125.315,+99.747,+160.703,+102.109,+99.436,+96.675,+100.109,+104.001,+100.679,+104.273,+99.826,+101.392,+101.802,+99.190,+100.662,+99.136,+99.940,+96.657,+98.874,+102.582,+95.449,+96.985,+104.440
0,102,+88.196,+11.528,+91.724,+73.169,+165.843,+132.861,+198.498,+70.463,+84.628,+79.954,+200.954,+163.221,+109.063,+130.682,+89.630,+140.909,+60.334,+148.307,+111.961,+42.164,+102.148,+101.409,+98.441,+95.374,+104.589,+100.602,+101.867,+104.362,+101.611,+102.295,+95.955,+95.485,+97.251,+102.077,+97.519,+98.507,+100.168,+101.689,+97.819,+101.974
0,103,+26.803,+148.460,+238.490,+168.993,+58.671,+171.441,+61.973,+96.121,+107.664,+78.885,+195.148,+51.436,+30.939,+73.819,+55.248,+117.509,+152.472,+37.582,+134.315,+45.847,+96.448,+103.206,+103.951,+96.833,+96.499,+97.960,+103.133,+99.675,+101.623,+96.336,+101.052,+101.341,+103.056,+104.083,+99.679,+103.396,+97.434,+102.902,+96.539,+95.321
0,104,+152.793,+143.181,+123.289,+164.214,+157.750,+53.811,+141.567,+50.319,+58.713,+11.455,+104.261,+121.662,+131.414,+114.236,+129.988,+163.896,+123.710,+74.605,+116.810,+126.708,+100.336,+103.944,+96.963,+101.893,+96.002,+100.174,+95.260,+101.528,+103.589,+96.187,+97.589,+97.489,+102.301,+103.638,+98.379,+102.956,+100.240,+101.874,+95.217,+97.119
0,105,+208.030,+157.161,+94.901,+145.250,+188.635,+119.182,+121.320,+140.222,+153.999,+157.019,+80.931,+118.128,+208.709,+26.374,+163.054,+22.391,+252.888,+85.684,+245.747,+89.754,+103.804,+98.939,+98.095,+102.650,+98.434,+104.499,+96.523,+99.318,+98.917,+96.428,+102.166,+103.759,+96.294,+96.471,+100.890,+95.503,+102.374,+100.947,+96.203,+99.941
0,106,+103.745,+150.940,+116.139,+7.628,+99.955,+42.025,+90.929,+102.772,+270.959,+123.652,+150.428,+149.269,+69.999,+190.052,+209.296,+84.949,+128.878,+79.652,+161.669,+93.825,+96.035,+103.545,+100.625,+104.265,+99.928,+96.145,+97.942,+104.565,+97.400,+95.389,+100.401,+96.891,+101.668,+99.314,+101.116,+98.480,+98.878,+95.501,+95.331,+99.632
0,107,+69.634,+124.322,+45.810,+79.179,+112.332,+166.105,+86.856,+168.924,+93.812,+119.928,+90.809,+194.151,+7.875,+47.116,+119.114,+62.132,+96.056,+160.605,+132.454,+128.223,+101.296,+101.138,+102.725,+99.978,+98.241,+96.027,+97.808,+95.522,+103.183,+101.029,+98.980,+96.241,+102.724,+99.753,+100.434,+98.438,+98.784,+95.361,+100.056,+98.259
0,108,+113.365,+206.191,+81.677,+43.864,+156.502,+0.038,+114.052,+103.110,+75.382,+87.923,+78.961,+79.047,+56.100,+102.061,+64.726,+115.503,+96.560,+139.207,+161.002,+139.561,+96.427,+101.999,+99.512,+102.609,+99.301,+103.079,+102.166,+104.842,+99.686,+98.550,+102.419,+98.528,+95.129,+99.336,+99.434,+104.498,+96.466,+104.864,+103.866,+95.645
0,109,+44.891,+53.578,+67.093,+159.697,+47.903,+21.744,+90.032,+59.506,+131.982,+88.738,+14.450,+83.927,+163.411,+75.237,+45.582,+68.033,+9.672,+174.160,+119.960,+87.499,+101.264,+103.199,+104.995,+100.860,+100.185,+96.897,+95.314,+96.173,+104.548,+102.508,+103.297,+95.818,+104.127,+100.646,+103.514,+97.847,+97.438,+104.406,+101.445,+100.085
0,110,+177.481,+101.723,+114.647,+64.066,+182.966,+143.764,+160.670,+10.142,+121.312,+90.513,+125.404,+111.445,+63.418,+162.743,+150.943,+157.190,+124.662,+179.187,+126.518,+74.080,+104.128,+102.922,+104.907,+103.960,+101.118,+99.868,+101.378,+99.024,+104.326,+97.717,+102.785,+95.931,+95.235,+99.137,+104.961,+99.314,+102.988,+98.591,+97.102,+97.771
0,111,+59.323,+21.827,+220.237,+46.171,+71.758,+59.529,+99.036,+153.142,+136.230,+176.244,+171.268,+39.577,+119.930,+101.434,+41.793,+70.266,+113.027,+107.734,+74.635,+128.851,+104.141,+98.395,+98.082,+95.478,+96.170,+100.234,+102.853,+95.539,+101.812,+98.377,+96.437,+97.805,+102.201,+95.162,+102.086,+104.841,+102.534,+102.606,+98.540,+103.373
0,112,+127.274,+1.508,+50.065,+45.964,+203.556,+68.371,+68.829,+5.441,+136.920,+80.568,+163.754,+159.914,+114.334,+139.510,+168.591,+138.869,+184.646,+138.544,+55.862,+142.957,+103.725,+100.114,+99.639,+98.633,+99.710,+104.162,+96.339,+100.161,+95.087,+104.519,+96.174,+97.850,+100.724,+96.355,+98.517,+104.462,+95.170,+99.572,+97.417,+101.038
0,113,+175.379,+94.690,+105.190,+110.487,+58.348,+62.310,+174.736,+123.541,+54.790,+124.833,+94.859,+82.270,+6.696,+184.476,+194.476,+125.858,+120.772,+216.761,+137.010,+110.442,+98.616,+103.109,+98.954,+102.235,+97.935,+101.560,+96.184,+96.765,+103.531,+96.819,+102.456,+99.737,+98.170,+99.131,+99.818,+100.400,+104.368,+98.064,+97.990,+102.266
0,114,+162.815,+147.522,+48.876,+113.277,+70.525,+164.048,+94.301,+91.632,+43.496,+131.442,+202.878,+124.490,+89.903,+6.286,+132.767,+179.599,+181.488,+141.650,+113.502,+27.812,+100.328,+101.461,+103.825,+103.712,+98.914,+102.589,+101.024,+103.522,+102.814,+103.695,+103.811,+104.090,+100.504,+102.618,+98.672,+99.306,+102.283,+96.418,+101.351,+96.565
0,115,+34.672,+56.382,+153.038,+9.912,+135.792,+70.855,+187.474,+97.923,+46.220,+168.065,+91.671,+173.086,+23.860,+57.363,+183.671,+125.466,+77.288,+71.921,+91.367,+125.426,+104.865,+96.069,+103.358,+97.633,+99.091,+97.789,+96.934,+96.161,+103.793,+100.322,+102.824,+97.069,+95.532,+98.113,+96.260,+98.526,+98.240,+97.357,+100.173,+97.842
0,116,+32.354,+106.166,+116.973,+65.286,+158.495,+187.147,+202.507,+200.053,+78.664,+73.622,+218.915,+160.264,+32.208,+160.304,+37.145,+22.635,+66.773,+132.171,+222.587,+129.285,+104.793,+96.465,+97.405,+103.498,+104.904,+99.788,+96.147,+95.530,+104.361,+95.873,+104.279,+101.131,+104.281,+97.421,+104.441,+98.392,+100.235,+97.009,+103.702,+104.543
0,117,+63.175,+77.049,+7.246,+141.754,+112.128,+102.231,+226.016,+149.521,+147.150,+117.138,+69.959,+88.092,+130.216,+194.112,+87.529,+126.862,+106.161,+200.271,+77.901,+129.160,+101.747,+102.417,+102.555,+101.680,+99.963,+99.934,+96.929,+100.132,+95.434,+99.586,+98.387,+97.759,+95.647,+100.536,+98.934,+96.771,+101.711,+98.018,+96.506,+101.309
0,118,+61.093,+54.474,+56.334,+163.515,+209.755,+173.157,+98.967,+53.974,+84.833,+146.436,+85.398,+45.015,+191.998,+171.100,+194.895,+12.327,+160.789,+82.770,+83.631,+155.653,+99.934,+100.282,+96.123,+96.458,+104.914,+99.922,+103.126,+104.512,+97.837,+101.161,+103.343,+104.442,+104.596,+100.540,+103.528,+103.533,+97.798,+101.293,+95.457,+95.595
0,119,+50.409,+66.149,+93.684,+173.766,+34.325,+108.195,+26.972,+156.663,+112.831,+117.376,+129.479,+138.499,+39.465,+115.470,+199.032,+85.551,+157.768,+147.902,+130.991,+62.729,+96.162,+95.415,+99.665,+100.755,+99.174,+95.137,+98.974,+103.797,+103.100,+100.000,+99.483,+104.274,+102.782,+99.542,+96.033,+95.377,+95.060,+102.315,+99.620,+98.685
0,120,+192.631,+81.733,+70.766,+87.853,+76.310,+92.001,+71.880,+80.897,+22.353,+132.287,+101.392,+94.627,+102.500,+69.316,+188.650,+143.625,+184.181,+194.751,+173.586,+86.668,+104.652,+96.974,+103.549,+103.036,+97.193,+100.235,+95.427,+98.789,+101.989,+101.999,+98.328,+98.969,+102.176,+101.151,+98.287,+103.878,+97.861,+95.704,+100.804,+100.631
0,121,+133.588,+38.261,+117.495,+90.662,+35.982,+102.517,+152.000,+140.637,+90.492,+207.830,+137.112,+48.959,+26.906,+144.304,+83.599,+165.057,+142.364,+92.647,+115.691,+238.756,+101.036,+99.608,+100.576,+98.322,+99.197,+97.397,+104.258,+96.094,+103.846,+97.812,+99.077,+101.349,+97.840,+100.547,+99.452,+99.805,+101.530,+102.666,+97.290,+97.444
0,122,+80.763,+38.417,+75.453,+72.575,+229.114,+142.019,+148.861,+65.212,+9.588,+21.965,+29.819,+50.342,+50.522,+126.642,+74.307,+145.646,+74.308,+83.433,+147.480,+151.907,+95.303,+103.679,+98.039,+97.796,+96.567,+99.679,+102.079,+96.934,+95.822,+102.125,+95.769,+101.941,+97.858,+101.694,+103.144,+95.425,+102.303,+104.825,+95.718,+98.806
0,123,+74.510,+89.035,+86.408,+143.317,+164.822,+74.613,+47.674,+162.878,+111.721,+70.677,+132.473,+91.288,+42.947,+180.042,+53.525,+263.772,+104.075,+168.018,+108.713,+80.920,+97.008,+98.795,+102.337,+97.225,+97.184,+102.827,+96.176,+96.793,+97.332,+96.177,+101.862,+98.913,+100.863,+97.882,+99.744,+103.392,+96.716,+98.264,+103.468,+100.404
0,124,+132.515,+127.491,+112.686,+108.536,+58.551,+196.337,+59.508,+198.455,+99.900,+122.663,+29.450,+163.472,+112.565,+48.299,+74.488,+167.322,+127.188,+68.851,+95.547,+151.893,+97.392,+103.639,+96.311,+101.627,+102.615,+101.551,+102.880,+101.732,+97.172,+104.049,+96.188,+96.016,+98.548,+100.949,+100.652,+98.366,+102.311,+101.242,+96.590,+95.118
0,125,+99.645,+69.880,+55.635,+121.544,+71.731,+18.057,+155.258,+77.533,+173.106,+134.320,+125.073,+115.450,+111.210,+101.244,+121.593,+61.162,+143.481,+149.023,+81.616,+57.529,+98.886,+102.182,+96.809,+97.867,+99.716,+104.187,+96.771,+96.768,+102.138,+97.076,+101.178,+102.795,+98.408,+101.157,+98.873,+96.303,+101.981,+104.815,+96.277,+102.537
0,126,+90.435,+83.841,+55.443,+75.436,+49.140,+157.437,+148.555,+169.066,+75.439,+71.915,+54.380,+115.046,+61.160,+110.025,+163.414,+49.729,+88.226,+86.919,+99.689,+47.630,+97.356,+99.494,+98.644,+97.669,+95.786,+104.735,+95.276,+99.007,+102.114,+96.016,+96.439,+95.993,+102.330,+97.307,+99.382,+96.499,+101.776,+100.733,+103.703,+100.294
0,127,+76.236,+95.177,+151.337,+190.100,+51.667,+129.998,+81.906,+62.819,+48.586,+93.698,+119.433,+82.550,+97.842,+115.574,+66.391,+36.382,+87.617,+128.696,+48.591,+198.076,+97.264,+98.225,+100.905,+101.838,+96.139,+101.944,+97.607,+101.286,+98.665,+103.923,+99.071,+97.854,+95.302,+99.275,+100.782,+103.747,+103.513,+99.846,+104.434,+100.231
0,128,+51.528,+46.383,+139.094,+102.891,+147.927,+249.491,+44.645,+58.045,+120.799,+58.647,+184.749,+79.758,+68.322,+99.355,+32.763,+52.339,+68.929,+30.319,+74.139,+83.624,+98.072,+96.662,+95.602,+101.716,+95.119,+100.526,+98.627,+96.948,+101.695,+97.384,+101.487,+97.234,+102.516,+97.693,+95.513,+98.852,+97.473,+102.361,+95.450,+99.696
0,129,+64.504,+32.282,+167.843,+124.843,+45.657,+72.203,+49.173,+184.993,+119.212,+205.830,+75.174,+132.056,+97.280,+92.487,+57.222,+107.429,+123.199,+129.666,+119.225,+104.676,+101.336,+103.397,+100.208,+96.185,+96.198,+102.608,+96.757,+95.733,+99.956,+95.566,+97.417,+102.974,+97.645,+100.520,+101.514,+95.708,+98.584,+95.712,+95.739,+102.514
0,130,+87.999,+234.491,+54.530,+94.723,+103.552,+147.779,+120.716,+45.235,+103.052,+136.962,+202.407,+84.481,+161.837,+45.404,+133.126,+214.527,+12.380,+74.223,+118.633,+84.291,+103.633,+102.764,+101.531,+102.344,+99.922,+96.464,+101.432,+103.666,+98.982,+103.587,+100.255,+95.044,+98.724,+101.204,+95.160,+95.308,+100.125,+102.334,+98.069,+101.644
0,131,+84.216,+111.242,+6.754,+152.879,+62.944,+67.166,+50.356,+15.769,+152.558,+120.655,+130.868,+189.230,+112.429,+138.848,+185.308,+92.686,+43.090,+136.095,+153.758,+29.792,+103.709,+104.227,+101.509,+102.679,+104.963,+99.683,+103.387,+104.018,+96.336,+101.648,+98.678,+97.529,+97.063,+103.398,+103.747,+100.635,+96.211,+101.086,+101.193,+101.773
0,132,+90.357,+132.232,+87.901,+108.549,+119.673,+93.981,+61.457,+106.120,+23.843,+132.421,+102.514,+37.789,+107.535,+76.460,+133.558,+84.857,+109.964,+28.442,+102.898,+132.864,+100.513,+103.757,+96.513,+97.278,+100.983,+104.810,+97.782,+102.739,+98.019,+95.580,+102.747,+95.088,+101.723,+98.295,+102.521,+96.467,+96.625,+100.703,+101.720,+104.931
0,133,+145.232,+112.970,+48.562,+109.853,+53.312,+82.698,+0.098,+87.481,+87.175,+40.961,+51.522,+136.641,+135.492,+8.598,+111.867,+27.166,+32.519,+166.931,+222.946,+100.589,+97.845,+100.095,+95.653,+103.153,+102.413,+98.217,+100.915,+97.773,+104.268,+95.767,+99.079,+97.314,+103.145,+99.807,+97.219,+100.923,+95.836,+97.903,+97.794,+103.824
0,134,+178.195,+152.495,+115.367,+38.442,+160.831,+147.156,+243.416,+156.544,+149.898,+85.224,+114.571,+84.532,+108.163,+92.020,+113.007,+118.530,+88.699,+75.665,+98.233,+110.051,+96.857,+100.647,+101.225,+96.560,+101.635,+103.109,+99.067,+95.336,+101.644,+100.060,+99.606,+98.467,+98.486,+100.369,+101.621,+101.417,+101.259,+96.915,+103.155,+95.569
0,135,+108.692,+112.884,+71.731,+141.313,+51.899,+22.974,+62.596,+84.738,+159.432,+129.461,+35.527,+12.924,+50.017,+213.583,+116.600,+120.940,+69.423,+101.920,+100.967,+87.146,+98.204,+97.019,+100.678,+102.286,+101.783,+101.812,+97.141,+103.823,+100.020,+95.500,+104.935,+95.605,+97.123,+103.864,+100.083,+95.511,+102.501,+100.469,+103.762,+103.239
0,136,+159.364,+94.623,+86.731,+17.357,+108.127,+86.589,+143.290,+77.664,+174.758,+90.824,+127.660,+76.088,+97.945,+173.859,+159.029,+149.111,+15.407,+134.248,+106.616,+179.613,+104.245,+98.143,+103.463,+99.778,+103.626,+103.942,+103.287,+102.224,+95.119,+99.074,+96.181,+98.510,+104.111,+97.242,+100.730,+103.504,+97.928,+103.880,+100.482,+103.943
0,137,+74.833,+90.802,+14.278,+63.747,+133.784,+160.177,+85.676,+115.298,+63.172,+67.044,+198.342,+26.225,+87.720,+214.237,+140.033,+163.949,+9.010,+121.469,+210.648,+148.388,+99.029,+97.978,+96.590,+103.612,+96.937,+97.420,+100.062,+97.175,+100.254,+101.902,+98.394,+99.846,+98.534,+103.780,+100.840,+98.211,+95.698,+104.502,+98.871,+99.567
0,138,+23.449,+77.121,+19.830,+125.601,+73.495,+136.472,+114.319,+40.122,+71.872,+60.401,+105.450,+55.655,+132.795,+108.647,+78.105,+118.964,+74.033,+80.511,+118.819,+93.867,+100.143,+98.668,+98.959,+99.802,+104.677,+98.295,+103.893,+102.105,+95.671,+104.415,+101.969,+96.800,+100.962,+99.706,+100.558,+101.077,+103.908,+97.470,+100.170,+100.188
0,139,+56.201,+108.334,+203.749,+203.201,+116.882,+150.046,+171.255,+99.611,+22.330,+79.732,+115.156,+106.450,+170.891,+76.310,+96.340,+43.516,+190.357,+100.084,+114.687,+211.918,+100.578,+102.555,+101.685,+104.485,+97.996,+103.206,+97.430,+98.308,+103.318,+98.284,+100.987,+101.350,+100.088,+96.862,+102.839,+104.166,+96.777,+95.825,+97.833,+95.318
0,140,+104.791,+108.808,+105.182,+142.701,+130.974,+144.683,+95.543,+106.593,+23.537,+39.676,+26.536,+116.741,+13.814,+141.905,+160.762,+91.970,+86.732,+146.795,+145.210,+55.189,+102.700,+100.801,+95.733,+100.478,+100.786,+98.835,+98.191,+96.634,+98.177,+101.805,+101.780,+97.516,+102.385,+96.077,+100.659,+97.404,+102.186,+97.192,+102.460,+100.652
0,141,+103.716,+164.762,+62.783,+59.138,+17.607,+114.294,+113.553,+88.692,+231.342,+89.192,+6.003,+122.840,+98.333,+139.332,+85.268,+161.156,+89.348,+14.722,+29.866,+37.382,+99.369,+101.149,+102.906,+97.601,+96.748,+101.711,+99.806,+100.328,+97.113,+102.441,+103.284,+98.447,+98.921,+104.599,+99.798,+98.450,+101.129,+99.182,+96.534,+98.638
0,142,+83.076,+176.767,+8.202,+52.061,+47.458,+77.193,+131.351,+46.861,+96.402,+108.056,+129.800,+104.253,+111.606,+125.888,+106.676,+249.623,+159.032,+104.666,+100.224,+92.024,+104.928,+99.236,+101.553,+98.293,+96.101,+101.161,+100.220,+97.536,+102.978,+102.337,+101.343,+99.845,+97.780,+101.266,+104.963,+97.501,+97.561,+101.628,+99.766,+103.529
0,143,+119.484,+96.501,+79.440,+144.375,+85.660,+185.374,+109.619,+137.300,+106.892,+231.400,+7.370,+77.144,+92.021,+188.587,+92.765,+129.738,+96.495,+77.656,+92.351,+38.713,+104.370,+101.077,+96.425,+100.859,+95.542,+103.736,+103.691,+102.444,+95.072,+96.899,+103.078,+101.131,+104.529,+99.747,+96.689,+101.590,+102.199,+95.541,+97.839,+95.696
0,144,+149.026,+74.506,+39.273,+114.510,+96.659,+48.513,+111.482,+97.755,+90.518,+74.064,+144.405,+6.853,+143.352,+124.068,+130.796,+24.316,+81.575,+4.666,+193.444,+209.851,+100.468,+95.192,+100.435,+100.560,+100.196,+95.059,+100.758,+100.658,+96.367,+96.883,+95.815,+99.963,+101.684,+102.127,+97.918,+96.695,+102.418,+103.895,+101.596,+99.325
0,145,+177.014,+102.900,+52.853,+203.662,+214.446,+103.899,+121.475,+55.900,+58.490,+78.919,+138.048,+10.437,+44.384,+53.747,+140.500,+19.471,+65.746,+170.826,+98.359,+57.273,+96.125,+97.262,+98.819,+100.090,+99.056,+103.621,+98.089,+101.693,+103.370,+96.058,+100.251,+100.948,+101.248,+99.963,+97.363,+96.281,+100.932,+100.854,+97.222,+101.613
0,146,+99.019,+125.210,+76.681,+140.844,+124.333,+31.636,+40.261,+157.555,+101.859,+121.642,+123.042,+65.975,+35.968,+210.253,+116.778,+64.999,+122.757,+91.811,+114.907,+83.130,+96.361,+104.063,+101.125,+95.000,+100.141,+100.318,+104.590,+95.639,+101.522,+97.522,+96.853,+101.605,+104.400,+95.921,+95.361,+99.575,+98.666,+98.617,+97.390,+96.992
0,147,+209.080,+86.378,+19.192,+113.191,+139.539,+159.310,+41.004,+83.906,+41.981,+70.664,+102.427,+180.116,+88.001,+155.177,+108.858,+172.695,+56.294,+29.852,+77.837,+147.009,+101.046,+95.675,+97.028,+102.235,+103.287,+95.140,+96.977,+103.452,+95.783,+102.770,+103.513,+103.143,+98.489,+102.469,+98.472,+101.563,+99.071,+104.875,+97.716,+102.743
0,148,+225.571,+110.221,+111.249,+151.188,+51.350,+97.636,+96.371,+102.133,+77.807,+35.963,+115.232,+55.022,+28.899,+76.033,+139.871,+122.232,+100.908,+150.193,+197.951,+106.962,+96.833,+95.490,+98.073,+102.460,+96.769,+96.091,+102.262,+103.950,+97.953,+96.814,+100.148,+102.438,+101.759,+97.334,+102.471,+95.427,+102.431,+98.729,+100.324,+99.732
0,149,+114.310,+135.514,+46.511,+88.364,+116.919,+71.892,+5.206,+50.133,+52.207,+100.812,+144.591,+245.912,+71.903,+49.264,+148.043,+194.273,+93.561,+90.638,+133.022,+112.742,+104.308,+104.633,+104.751,+101.582,+95.309,+95.635,+99.376,+98.541,+99.211,+96.991,+95.072,+102.447,+104.291,+104.581,+95.682,+104.754,+102.518,+96.785,+104.474,+104.900
0,150,+124.113,+68.432,+96.888,+118.466,+174.863,+94.971,+0.487,+173.192,+89.517,+74.844,+82.597,+37.074,+103.791,+157.583,+148.032,+28.259,+107.318,+143.780,+221.045,+100.136,+100.254,+97.976,+103.960,+99.786,+95.278,+104.774,+100.694,+104.560,+99.692,+96.254,+99.887,+96.550,+101.435,+95.698,+103.824,+97.029,+104.379,+102.455,+100.638,+104.002
0,151,+137.620,+0.971,+173.362,+75.278,+44.109,+26.901,+100.315,+95.139,+53.209,+87.202,+18.786,+98.964,+59.088,+134.894,+172.083,+35.538,+91.276,+136.615,+160.746,+44.826,+99.549,+97.594,+98.219,+96.533,+102.184,+101.385,+97.934,+102.849,+104.840,+101.255,+102.969,+100.922,+95.395,+96.286,+99.028,+97.934,+100.280,+101.973,+104.115,+99.962
0,152,+64.914,+42.663,+44.465,+61.114,+186.636,+99.167,+246.253,+64.408,+173.835,+143.605,+42.596,+159.871,+54.731,+72.065,+41.413,+166.024,+99.817,+98.817,+140.781,+70.767,+103.390,+100.140,+96.189,+102.351,+102.406,+95.246,+101.065,+104.706,+95.446,+104.632,+103.619,+96.434,+100.629,+104.120,+98.488,+95.357,+96.362,+98.277,+102.034,+95.211
0,153,+170.957,+190.373,+120.707,+52.466,+185.987,+75.233,+73.319,+116.244,+87.071,+153.202,+20.093,+137.826,+139.480,+24.419,+114.104,+164.329,+156.863,+90.417,+145.400,+27.323,+95.201,+104.556,+104.495,+99.471,+95.339,+97.600,+96.425,+96.379,+100.757,+97.407,+99.722,+97.274,+100.269,+99.960,+98.061,+95.534,+104.875,+101.901,+99.720,+103.054
0,154,+110.965,+136.977,+100.648,+131.846,+56.421,+41.159,+60.151,+90.835,+84.596,+129.029,+15.525,+179.752,+120.211,+125.114,+120.265,+122.879,+160.898,+150.125,+12.803,+0.332,+100.599,+102.844,+97.090,+101.330,+97.023,+97.866,+98.589,+95.269,+96.570,+102.491,+96.280,+100.899,+99.634,+104.793,+103.346,+101.322,+95.088,+101.267,+98.805,+103.772
0,155,+138.861,+151.997,+91.275,+248.643,+62.785,+17.900,+132.977,+212.331,+72.682,+141.787,+43.645,+144.018,+137.787,+173.084,+73.121,+206.800,+89.275,+129.782,+120.559,+85.267,+104.070,+95.175,+97.767,+101.539,+102.354,+101.378,+97.080,+96.927,+96.343,+96.921,+95.359,+100.741,+99.828,+99.061,+97.001,+95.799,+97.024,+101.489,+99.238,+100.187
0,156,+82.105,+83.689,+165.031,+145.937,+73.944,+120.409,+66.699,+130.553,+103.396,+34.577,+107.137,+160.282,+55.216,+132.959,+55.570,+65.597,+113.696,+136.520,+127.380,+12.059,+104.628,+100.766,+96.519,+103.235,+100.755,+104.078,+101.156,+101.919,+96.705,+101.009,+101.747,+100.528,+101.236,+96.147,+100.716,+103.352,+96.167,+100.492,+97.290,+96.760
0,157,+69.469,+187.590,+79.859,+87.125,+129.519,+204.486,+128.091,+52.324,+135.928,+83.300,+210.270,+85.301,+195.926,+134.811,+196.846,+9.020,+58.787,+38.639,+91.778,+104.557,+101.096,+96.660,+104.343,+99.395,+102.174,+96.758,+101.876,+100.926,+96.917,+102.924,+104.574,+97.458,+96.436,+100.561,+98.245,+101.972,+100.631,+98.255,+104.213,+101.593
0,158,+161.148,+5.695,+54.992,+198.609,+104.417,+114.674,+167.442,+89.060,+112.265,+50.423,+108.386,+102.788,+108.029,+88.642,+55.520,+139.391,+200.211,+113.862,+117.450,+142.843,+98.345,+98.864,+103.955,+102.557,+99.369,+96.063,+97.611,+100.188,+104.741,+101.191,+99.750,+100.093,+101.523,+98.281,+98.311,+97.681,+98.931,+100.600,+102.665,+99.071
0,159,+173.568,+131.985,+153.413,+89.391,+131.633,+105.451,+134.934,+121.391,+156.359,+3.529,+152.862,+29.340,+161.482,+180.423,+60.087,+24.247,+116.358,+99.391,+6.020,+150.639,+97.342,+96.622,+104.135,+96.861,+104.555,+95.179,+97.032,+103.160,+95.926,+103.763,+104.046,+100.968,+102.838,+101.135,+100.079,+101.567,+102.387,+98.712,+98.895,+99.874
0,160,+102.447,+89.138,+146.866,+201.400,+15.932,+46.260,+147.247,+126.077,+50.221,+147.278,+79.018,+136.570,+111.460,+131.600,+33.234,+225.726,+87.353,+116.504,+85.111,+51.134,+96.824,+97.948,+102.313,+102.704,+98.606,+98.877,+101.046,+100.536,+95.435,+97.464,+98.797,+104.775,+97.947,+95.199,+97.935,+97.159,+100.623,+104.475,+99.552,+95.463
0,161,+86.357,+82.688,+219.711,+35.874,+157.898,+116.556,+135.508,+71.628,+37.747,+228.466,+39.565,+148.104,+161.046,+218.841,+155.303,+189.151,+85.343,+31.522,+6.593,+59.335,+96.726,+100.766,+99.515,+97.758,+101.637,+98.562,+102.826,+100.378,+104.075,+102.887,+99.467,+99.040,+101.278,+95.283,+95.327,+97.163,+103.643,+99.385,+98.569,+103.409
0,162,+142.508,+83.472,+76.487,+114.676,+116.834,+57.008,+130.624,+40.653,+77.393,+74.204,+47.258,+87.323,+54.597,+117.255,+119.298,+149.595,+108.092,+104.695,+89.688,+150.446,+102.854,+97.237,+97.595,+98.465,+98.306,+102.598,+100.914,+95.666,+103.040,+97.719,+98.567,+98.118,+100.430,+96.655,+98.384,+103.310,+103.424,+99.512,+103.656,+100.657
0,163,+40.441,+80.404,+103.355,+125.584,+173.816,+197.809,+38.117,+150.006,+108.937,+170.091,+72.350,+81.473,+138.169,+41.188,+64.639,+91.157,+136.705,+80.285,+136.953,+164.457,+99.425,+96.945,+102.865,+98.776,+97.938,+96.237,+98.785,+100.827,+96.501,+104.186,+98.701,+97.724,+98.965,+97.726,+102.296,+100.086,+97.224,+102.416,+104.873,+97.600
0,164,+77.902,+123.538,+57.707,+111.588,+228.200,+211.322,+92.894,+52.729,+210.855,+126.088,+99.586,+138.377,+222.296,+90.541,+180.107,+163.895,+252.739,+91.334,+116.269,+73.752,+102.708,+99.833,+99.262,+101.915,+98.793,+95.873,+103.632,+99.878,+98.295,+96.414,+96.381,+100.122,+97.449,+104.525,+99.463,+95.059,+99.748,+100.172,+95.224,+97.113
0,165,+91.754,+120.557,+26.515,+105.995,+138.654,+130.198,+66.188,+109.409,+94.135,+92.440,+38.703,+64.428,+102.267,+53.809,+31.943,+96.574,+78.451,+126.283,+6.164,+158.488,+104.328,+102.561,+96.857,+103.690,+96.769,+95.171,+101.423,+103.459,+104.593,+104.072,+96.375,+97.801,+104.841,+102.243,+100.077,+98.903,+100.546,+104.554,+104.268,+103.994
0,166,+71.926,+62.284,+141.823,+119.061,+90.723,+72.908,+12.817,+120.008,+116.459,+32.597,+261.960,+201.234,+139.782,+94.348,+247.450,+86.553,+108.010,+119.848,+74.903,+162.781,+98.602,+101.367,+96.389,+97.804,+98.130,+95.468,+97.428,+104.342,+102.219,+98.309,+95.082,+96.052,+97.952,+104.048,+104.698,+95.235,+101.647,+101.252,+97.509,+97.813
0,167,+105.171,+195.960,+80.869,+144.453,+106.614,+64.062,+105.799,+148.409,+88.163,+157.366,+76.058,+93.350,+107.740,+79.607,+180.038,+124.037,+97.847,+1.463,+101.350,+185.093,+104.606,+104.500,+95.941,+100.682,+97.692,+98.971,+97.923,+104.725,+103.495,+97.590,+104.027,+102.250,+99.696,+100.608,+104.137,+95.917,+100.337,+104.946,+100.723,+104.287
0,168,+104.915,+47.380,+52.156,+52.185,+20.026,+105.469,+100.328,+163.344,+206.701,+80.975,+39.639,+106.292,+112.707,+158.975,+167.458,+83.282,+30.371,+84.949,+184.993,+153.837,+100.658,+95.243,+95.852,+97.783,+97.208,+104.290,+102.205,+103.616,+98.122,+101.167,+103.825,+102.955,+104.027,+104.878,+102.123,+96.385,+101.634,+96.481,+100.337,+104.328
0,169,+129.213,+86.699,+114.841,+63.473,+164.857,+194.858,+206.124,+87.181,+126.301,+159.757,+43.611,+101.772,+43.425,+140.487,+23.434,+98.060,+101.221,+74.264,+199.496,+88.795,+98.369,+100.926,+104.365,+102.988,+97.455,+101.689,+96.646,+104.501,+104.935,+101.390,+101.966,+101.798,+104.438,+98.198,+100.759,+96.876,+95.848,+99.269,+104.760,+99.913
0,170,+112.134,+67.334,+222.110,+113.111,+117.012,+93.078,+267.973,+20.814,+85.604,+79.773,+14.877,+57.414,+38.784,+129.933,+71.774,+25.961,+130.804,+142.085,+155.230,+1.587,+101.500,+101.044,+95.865,+102.795,+97.442,+98.466,+97.822,+102.987,+102.161,+96.929,+97.442,+101.017,+102.173,+104.670,+102.131,+98.503,+95.424,+104.876,+97.896,+102.049
0,171,+113.735,+66.214,+60.105,+140.177,+81.695,+114.377,+76.905,+186.556,+63.540,+165.289,+90.750,+154.344,+34.362,+48.278,+57.375,+201.209,+88.048,+177.553,+109.420,+95.685,+98.232,+102.786,+102.283,+96.986,+99.396,+100.952,+100.550,+98.292,+100.289,+98.656,+103.421,+96.406,+103.199,+103.685,+102.679,+103.352,+95.026,+99.571,+97.490,+104.900
0,172,+112.954,+215.337,+33.461,+135.593,+112.131,+36.486,+110.813,+122.597,+44.742,+73.238,+58.542,+78.242,+114.979,+42.226,+20.453,+46.637,+121.322,+144.616,+128.389,+195.558,+99.800,+96.325,+101.136,+98.689,+96.769,+98.952,+97.611,+101.291,+100.621,+99.297,+97.349,+101.815,+99.660,+102.506,+104.526,+104.225,+101.092,+99.605,+99.959,+99.630
0,173,+191.786,+42.316,+146.171,+15.082,+121.791,+53.458,+213.965,+118.993,+114.514,+108.886,+98.713,+110.804,+110.030,+52.797,+97.781,+77.399,+165.732,+115.623,+118.104,+186.562,+99.334,+103.470,+95.879,+96.013,+100.370,+104.546,+101.600,+95.829,+96.254,+98.972,+96.435,+96.863,+104.517,+98.975,+104.369,+95.058,+104.079,+103.635,+97.068,+96.768
0,174,+23.929,+169.519,+172.032,+174.514,+22.781,+143.529,+12.678,+226.733,+189.230,+58.540,+19.473,+35.636,+217.830,+103.639,+199.371,+133.937,+8.988,+19.644,+16.030,+86.147,+104.374,+95.327,+96.153,+97.452,+97.331,+102.386,+104.152,+99.329,+102.395,+97.798,+102.738,+97.705,+104.687,+100.121,+98.629,+102.293,+104.491,+95.428,+102.326,+99.959
0,175,+128.419,+183.701,+132.538,+68.612,+117.036,+36.417,+111.653,+187.223,+49.107,+39.746,+61.040,+61.863,+43.127,+23.945,+111.885,+107.219,+96.096,+58.881,+171.398,+93.318,+103.879,+104.091,+96.550,+97.687,+95.214,+97.374,+99.777,+99.782,+104.276,+98.719,+101.731,+95.274,+98.966,+97.884,+100.918,+103.137,+95.809,+104.549,+103.574,+103.590
0,176,+41.384,+104.840,+102.525,+138.928,+78.973,+190.915,+174.627,+117.814,+58.229,+88.053,+103.021,+71.321,+127.631,+189.922,+15.729,+54.114,+105.565,+127.530,+113.123,+49.055,+98.685,+103.947,+103.364,+95.058,+96.344,+99.800,+101.030,+102.879,+104.381,+100.937,+97.412,+103.152,+103.382,+95.490,+101.315,+104.695,+104.103,+100.137,+95.009,+99.818
0,177,+75.712,+109.383,+94.513,+123.916,+149.023,+146.485,+75.668,+96.998,+5.813,+35.854,+101.302,+137.822,+83.033,+124.242,+77.911,+129.665,+99.073,+56.646,+187.080,+86.158,+102.721,+95.469,+97.035,+102.142,+96.780,+104.710,+95.570,+99.956,+96.034,+101.117,+98.757,+102.339,+104.576,+98.774,+98.638,+102.654,+97.321,+100.938,+100.338,+99.430
0,178,+159.764,+58.995,+120.778,+39.494,+124.102,+108.453,+38.945,+37.321,+95.196,+79.892,+113.510,+194.503,+19.722,+93.874,+227.974,+119.094,+52.012,+153.116,+145.511,+172.001,+103.532,+102.465,+104.159,+96.163,+97.252,+102.320,+104.957,+101.916,+98.568,+103.319,+98.551,+104.074,+95.115,+96.917,+102.736,+97.995,+103.188,+102.108,+104.931,+97.363
0,179,+77.058,+133.839,+56.433,+163.229,+201.889,+134.738,+29.241,+164.944,+211.767,+160.417,+167.736,+73.146,+35.422,+110.555,+113.432,+209.870,+2.033,+92.801,+157.256,+141.674,+95.196,+102.998,+97.818,+104.448,+95.088,+99.055,+96.953,+96.068,+102.592,+95.702,+99.237,+98.022,+100.709,+100.729,+95.481,+104.532,+95.370,+102.950,+98.503,+95.341
0,180,+229.256,+83.035,+76.417,+104.990,+71.560,+154.434,+9.187,+115.907,+49.217,+56.895,+56.893,+173.838,+113.202,+43.152,+45.058,+4.132,+113.548,+89.075,+178.650,+107.457,+101.251,+103.698,+96.923,+96.717,+103.122,+104.160,+101.752,+95.645,+104.231,+95.301,+103.676,+96.642,+102.818,+102.506,+99.748,+102.414,+99.923,+98.449,+100.821,+96.339
0,181,+51.152,+105.393,+108.544,+102.653,+227.968,+183.301,+121.751,+71.673,+63.144,+214.422,+170.372,+37.303,+144.189,+62.050,+123.069,+180.553,+44.689,+2.344,+32.333,+198.540,+102.379,+100.286,+102.485,+103.734,+104.266,+104.742,+99.994,+95.012,+102.497,+98.829,+100.595,+103.535,+100.448,+101.251,+104.311,+103.005,+100.506,+104.034,+102.607,+104.720
0,182,+131.289,+111.157,+88.586,+109.652,+126.415,+128.116,+62.270,+67.107,+148.293,+123.477,+55.286,+103.301,+190.512,+174.468,+154.606,+123.199,+125.551,+203.116,+150.363,+137.493,+103.753,+96.084,+101.835,+99.852,+95.035,+101.829,+97.931,+99.026,+95.844,+104.465,+101.463,+103.730,+103.520,+104.761,+102.112,+104.769,+102.561,+98.901,+99.632,+95.032
0,183,+130.885,+71.880,+21.229,+40.371,+55.942,+24.493,+188.070,+39.285,+112.714,+50.188,+190.969,+75.766,+126.161,+127.733,+133.528,+106.556,+131.403,+24.877,+107.336,+125.829,+97.821,+99.482,+101.823,+103.234,+102.863,+99.914,+101.926,+96.126,+97.683,+97.022,+99.603,+95.320,+99.864,+99.531,+99.568,+97.068,+101.261,+103.388,+100.118,+100.477
0,184,+124.403,+144.183,+39.755,+52.373,+72.954,+82.779,+122.385,+79.232,+26.664,+82.823,+71.694,+148.920,+91.943,+93.455,+39.670,+112.004,+164.926,+75.510,+102.358,+163.116,+95.167,+102.563,+97.403,+101.745,+95.434,+103.421,+95.334,+96.051,+98.050,+104.759,+104.944,+96.287,+104.562,+98.042,+100.859,+103.147,+97.469,+96.440,+97.346,+102.565
0,185,+125.801,+51.562,+66.166,+23.572,+149.688,+173.228,+134.579,+48.449,+61.566,+116.525,+44.241,+147.026,+42.475,+132.002,+118.352,+212.318,+140.921,+71.445,+63.386,+30.977,+103.625,+96.502,+101.302,+96.600,+95.040,+95.778,+103.125,+103.415,+103.623,+99.647,+99.373,+96.543,+99.653,+98.938,+98.929,+99.018,+103.670,+102.242,+99.350,+104.704
0,186,+159.046,+142.583,+138.382,+115.057,+117.941,+82.507,+203.022,+110.524,+113.039,+128.393,+44.199,+40.893,+112.269,+98.970,+51.696,+25.455,+124.958,+123.972,+132.551,+143.926,+102.279,+98.818,+104.615,+101.081,+98.656,+97.947,+98.723,+102.687,+98.550,+104.098,+97.784,+96.742,+95.918,+102.367,+96.423,+101.656,+101.928,+98.671,+95.125,+100.573
0,187,+62.896,+29.061,+146.590,+12.874,+90.805,+138.126,+170.362,+6.109,+100.735,+85.410,+84.845,+86.686,+106.858,+129.144,+210.945,+141.218,+127.453,+84.913,+29.182,+90.199,+96.127,+100.313,+100.193,+104.364,+99.014,+100.705,+104.753,+103.155,+104.206,+96.231,+97.728,+96.482,+95.826,+103.764,+102.176,+100.604,+104.560,+95.296,+103.283,+104.534
0,188,+94.862,+63.418,+6.778,+60.600,+60.514,+158.589,+179.319,+127.516,+84.886,+48.002,+147.345,+102.523,+145.813,+78.372,+27.061,+51.254,+109.416,+32.756,+121.244,+13.814,+103.847,+98.442,+103.195,+98.158,+104.505,+95.071,+95.595,+103.513,+102.402,+99.393,+102.516,+100.784,+101.757,+100.794,+97.610,+102.223,+99.987,+101.251,+98.439,+104.562
0,189,+149.262,+101.394,+48.289,+196.646,+35.692,+168.834,+211.463,+175.903,+90.210,+134.910,+47.596,+59.886,+146.987,+112.827,+209.778,+93.079,+97.876,+143.859,+170.962,+98.824,+104.233,+100.240,+96.581,+96.782,+101.366,+102.508,+103.104,+99.625,+99.282,+104.422,+100.191,+98.262,+103.398,+101.364,+100.123,+103.584,+98.243,+97.807,+95.311,+104.513
0,190,+63.128,+55.852,+130.497,+145.393,+143.284,+112.218,+154.562,+99.427,+108.469,+24.326,+59.940,+83.682,+77.337,+38.580,+116.814,+106.250,+27.539,+113.057,+190.366,+100.151,+101.605,+99.177,+96.411,+95.387,+103.328,+104.683,+100.141,+98.447,+102.442,+104.663,+103.015,+103.881,+104.164,+100.850,+98.819,+99.642,+102.695,+103.887,+102.341,+95.001
0,191,+44.665,+110.538,+111.129,+143.249,+16.806,+185.169,+119.446,+92.844,+98.235,+128.963,+132.405,+11.519,+143.252,+81.173,+85.827,+152.731,+103.467,+127.994,+143.102,+47.841,+95.322,+96.106,+101.102,+103.123,+98.410,+96.739,+99.875,+98.521,+100.963,+95.409,+103.354,+96.036,+98.203,+100.875,+95.225,+103.348,+103.436,+95.791,+104.460,+101.770
0,192,+8.985,+137.765,+66.176,+69.433,+68.733,+82.731,+55.301,+86.498,+124.102,+147.945,+73.337,+64.563,+11.099,+74.342,+101.599,+118.961,+87.919,+76.808,+85.743,+74.321,+95.685,+99.389,+98.900,+96.055,+101.669,+104.380,+98.191,+103.770,+97.036,+98.077,+98.860,+100.246,+103.066,+104.983,+104.893,+101.791,+100.559,+97.845,+101.338,+96.638
0,193,+91.668,+140.384,+104.326,+119.056,+177.796,+56.467,+59.554,+26.150,+110.403,+96.949,+118.265,+79.546,+146.229,+90.174,+99.959,+62.400,+68.328,+62.732,+17.883,+143.364,+99.249,+104.146,+99.582,+95.091,+95.515,+99.705,+104.635,+99.265,+96.193,+97.428,+104.830,+103.414,+103.661,+99.510,+104.400,+97.527,+95.773,+101.614,+97.816,+97.084
0,194,+228.762,+91.725,+68.734,+66.334,+75.848,+196.754,+44.406,+16.217,+167.312,+99.373,+135.806,+104.191,+45.229,+86.538,+115.681,+110.146,+123.986,+129.864,+74.029,+91.097,+104.152,+96.043,+102.759,+95.474,+99.434,+97.944,+99.829,+102.616,+96.447,+100.480,+97.767,+98.975,+103.986,+98.683,+104.258,+98.920,+101.066,+102.887,+99.366,+100.777
0,195,+175.006,+82.203,+135.380,+147.885,+83.108,+139.472,+47.556,+70.577,+127.146,+145.893,+56.877,+120.235,+42.017,+129.148,+53.899,+108.550,+140.716,+14.070,+49.002,+84.157,+101.510,+99.984,+100.626,+101.229,+104.759,+97.171,+104.478,+95.791,+96.531,+102.325,+102.411,+99.725,+95.531,+103.886,+99.708,+100.837,+97.259,+99.761,+97.957,+97.720
0,196,+53.116,+148.908,+81.523,+186.869,+72.154,+75.648,+71.121,+82.335,+155.100,+31.158,+93.468,+74.551,+144.401,+155.788,+112.059,+99.911,+46.998,+81.197,+146.551,+110.683,+104.406,+101.461,+104.159,+98.306,+101.482,+100.003,+101.636,+96.474,+97.905,+102.258,+103.286,+100.411,+103.526,+95.023,+98.472,+102.315,+95.162,+103.837,+98.173,+103.519
0,197,+120.234,+144.380,+91.190,+177.642,+165.210,+104.107,+180.216,+119.149,+7.288,+175.658,+76.351,+50.131,+29.786,+197.912,+196.735,+34.644,+144.080,+132.250,+27.843,+170.730,+98.802,+104.110,+98.036,+104.789,+103.708,+104.187,+100.321,+99.834,+98.193,+95.051,+103.013,+104.082,+97.240,+100.130,+103.302,+99.621,+97.653,+95.913,+95.394,+98.546
0,198,+76.951,+154.328,+142.646,+125.811,+183.096,+168.166,+64.354,+87.765,+156.658,+72.707,+143.856,+87.209,+160.183,+127.692,+62.705,+119.357,+205.532,+159.826,+146.295,+119.492,+103.426,+97.349,+100.116,+102.235,+100.890,+99.144,+100.062,+103.624,+103.783,+96.235,+100.234,+100.830,+95.677,+102.552,+95.415,+101.649,+104.034,+102.541,+96.826,+97.828
0,199,+52.638,+92.384,+180.757,+145.656,+100.541,+60.475,+97.022,+140.176,+120.580,+162.208,+0.933,+55.822,+165.220,+55.531,+143.488,+117.115,+163.435,+5.857,+130.339,+120.242,+95.219,+99.619,+102.735,+99.499,+104.295,+96.328,+98.420,+98.732,+97.320,+95.793,+98.015,+101.106,+96.797,+96.403,+101.101,+95.219,+96.934,+95.126,+102.078,+102.660
0,200,+175.948,+167.226,+266.900,+87.028,+183.827,+64.295,+158.421,+32.123,+25.151,+107.578,+93.943,+142.539,+57.110,+185.101,+150.002,+15.159,+154.482,+106.237,+73.617,+97.123,+101.588,+104.862,+95.491,+100.747,+95.487,+95.249,+103.318,+97.372,+97.952,+104.354,+103.006,+95.550,+96.833,+100.357,+98.584,+95.708,+100.184,+102.642,+97.209,+95.182
0,201,+58.577,+50.159,+60.352,+114.164,+103.021,+105.129,+197.786,+56.437,+14.099,+142.143,+183.782,+79.590,+179.148,+62.844,+112.157,+142.864,+60.211,+73.965,+62.384,+165.956,+101.281,+98.651,+99.407,+98.498,+104.096,+98.227,+96.818,+98.927,+103.043,+101.219,+96.122,+95.737,+101.980,+103.604,+102.196,+103.241,+104.314,+102.459,+99.854,+99.900
0,202,+49.536,+93.930,+141.357,+111.345,+147.638,+121.177,+71.165,+84.166,+141.176,+55.586,+62.537,+106.276,+78.331,+36.765,+35.776,+117.326,+108.251,+119.950,+76.477,+98.047,+97.348,+100.183,+96.485,+101.943,+102.108,+96.343,+98.842,+102.652,+104.506,+102.119,+102.524,+99.545,+102.678,+102.310,+95.221,+99.866,+100.703,+99.465,+102.604,+103.294
0,203,+97.723,+123.419,+15.723,+100.765,+52.132,+130.396,+130.152,+148.453,+13.594,+28.982,+18.401,+41.092,+69.541,+63.364,+65.513,+86.284,+82.456,+112.084,+88.198,+40.354,+101.693,+98.377,+95.099,+103.480,+96.603,+99.915,+98.464,+95.286,+97.131,+100.889,+95.651,+100.873,+101.600,+95.488,+103.876,+99.986,+97.552,+96.646,+101.130,+96.721
0,204,+26.327,+91.277,+42.398,+162.560,+113.554,+73.625,+109.148,+70.083,+74.193,+119.878,+76.087,+50.503,+72.281,+140.825,+158.952,+19.695,+88.384,+111.172,+48.731,+163.492,+99.968,+96.329,+98.299,+99.507,+104.369,+104.504,+99.949,+102.059,+96.779,+95.691,+95.731,+102.253,+103.291,+96.072,+97.448,+99.690,+97.696,+103.446,+101.771,+104.753
0,205,+36.348,+132.671,+87.488,+107.702,+66.782,+11.963,+122.528,+160.449,+85.749,+215.083,+22.734,+67.183,+166.398,+157.655,+36.948,+63.588,+2.765,+187.384,+70.671,+111.235,+104.977,+99.666,+99.338,+96.887,+104.333,+95.116,+100.417,+103.736,+97.040,+104.908,+96.071,+99.453,+101.450,+95.415,+97.321,+100.675,+96.456,+97.474,+95.932,+98.228
0,206,+73.939,+106.338,+68.140,+141.799,+153.340,+48.227,+135.144,+70.906,+106.519,+99.796,+158.113,+116.867,+152.938,+148.006,+260.551,+22.349,+113.861,+109.917,+7.861,+143.722,+101.059,+98.759,+98.944,+104.235,+99.883,+101.133,+98.034,+104.785,+99.358,+101.871,+99.140,+97.954,+100.179,+95.838,+97.274,+101.970,+104.809,+98.395,+104.513,+95.276
0,207,+171.800,+149.474,+135.395,+173.245,+153.594,+78.011,+78.378,+143.853,+73.578,+115.581,+101.532,+113.128,+140.397,+106.383,+36.737,+51.879,+129.915,+5.523,+93.914,+38.893,+97.371,+100.101,+95.428,+101.513,+99.637,+102.527,+103.367,+99.342,+97.460,+95.210,+97.058,+101.370,+95.195,+98.867,+96.437,+99.262,+98.496,+99.665,+95.352,+98.746
0,208,+39.438,+78.325,+30.073,+77.506,+37.172,+123.782,+132.943,+184.866,+56.180,+73.334,+44.910,+30.927,+122.815,+93.099,+44.408,+71.506,+93.060,+6.778,+115.649,+118.973,+100.062,+100.746,+95.529,+100.260,+102.455,+98.420,+103.253,+98.873,+103.118,+95.951,+102.420,+104.357,+96.996,+95.286,+100.613,+103.651,+101.810,+102.081,+104.631,+97.644
0,209,+149.384,+136.403,+115.725,+155.628,+163.923,+94.394,+107.889,+48.148,+74.541,+99.197,+106.916,+117.678,+62.106,+100.532,+118.174,+43.000,+54.085,+188.096,+172.725,+162.265,+98.286,+96.558,+96.371,+98.812,+99.049,+96.931,+98.804,+101.345,+96.878,+100.222,+102.632,+103.090,+96.087,+96.080,+97.822,+102.226,+102.336,+101.461,+95.473,+100.497
0,210,+83.045,+175.704,+136.583,+166.755,+158.168,+194.075,+61.128,+77.317,+22.902,+73.289,+166.612,+87.746,+119.808,+130.103,+122.734,+142.930,+68.613,+90.896,+163.618,+19.101,+103.528,+104.537,+96.245,+98.620,+95.927,+99.671,+97.832,+99.509,+97.725,+104.904,+101.963,+103.875,+103.372,+104.706,+97.662,+101.699,+96.299,+103.585,+104.635,+103.143
0,211,+31.866,+59.006,+109.406,+115.215,+79.788,+122.889,+180.753,+144.035,+121.361,+29.146,+182.626,+129.715,+46.749,+83.767,+158.197,+55.284,+99.548,+55.322,+92.294,+115.876,+98.340,+99.647,+100.435,+95.810,+98.197,+98.464,+98.390,+95.375,+103.033,+97.171,+98.313,+95.709,+104.170,+95.903,+98.619,+102.057,+103.419,+99.523,+103.108,+98.140
0,212,+127.664,+124.135,+165.592,+122.123,+6.296,+107.993,+129.263,+112.398,+67.778,+77.023,+82.110,+40.695,+18.154,+74.333,+71.460,+122.090,+154.256,+145.365,+49.190,+148.410,+99.067,+96.526,+103.334,+103.486,+98.326,+99.401,+97.402,+97.656,+96.089,+101.997,+101.293,+99.766,+101.473,+101.457,+104.912,+99.659,+95.472,+95.834,+98.285,+101.791
0,213,+172.110,+165.087,+190.467,+98.477,+142.165,+80.894,+84.185,+10.961,+156.565,+120.031,+103.639,+159.952,+118.656,+124.282,+146.906,+153.497,+111.336,+44.767,+170.459,+74.585,+98.623,+103.558,+98.279,+99.514,+97.251,+100.493,+104.918,+96.649,+96.274,+104.287,+96.993,+97.908,+102.434,+96.495,+99.009,+95.581,+103.896,+104.541,+96.266,+102.221
0,214,+95.203,+67.836,+72.404,+123.146,+116.279,+78.601,+37.022,+42.640,+65.491,+90.363,+33.423,+138.740,+65.417,+249.584,+82.001,+112.323,+100.877,+88.688,+62.685,+141.144,+99.937,+102.963,+96.713,+98.335,+95.020,+96.716,+102.595,+102.786,+104.869,+103.323,+102.193,+98.246,+103.648,+97.563,+101.907,+98.334,+95.834,+96.135,+95.308,+104.121
0,215,+109.873,+23.470,+154.680,+71.542,+80.910,+78.669,+154.900,+35.811,+66.076,+118.947,+155.552,+117.588,+65.257,+116.823,+55.094,+43.402,+110.248,+175.061,+173.154,+139.577,+102.925,+103.901,+98.029,+95.775,+99.576,+101.446,+101.896,+99.549,+99.686,+96.841,+96.381,+96.841,+104.841,+100.408,+103.953,+99.235,+98.301,+96.374,+103.216,+104.944
0,216,+90.771,+144.010,+198.579,+9.776,+161.201,+213.329,+142.660,+48.700,+29.497,+102.582,+69.493,+172.897,+203.429,+72.614,+27.694,+179.778,+26.792,+88.433,+173.952,+13.053,+101.558,+95.659,+99.772,+96.989,+104.208,+103.505,+100.223,+102.528,+98.390,+96.519,+102.658,+104.910,+104.733,+102.239,+102.981,+95.088,+99.253,+104.339,+103.497,+98.100
0,217,+120.967,+135.324,+64.319,+127.203,+84.389,+151.019,+166.186,+37.524,+57.071,+146.271,+150.943,+199.190,+28.324,+56.497,+42.558,+90.598,+104.411,+102.934,+151.441,+113.073,+103.003,+104.952,+104.866,+97.940,+103.971,+103.461,+100.766,+97.192,+100.504,+98.481,+97.130,+103.911,+103.270,+100.230,+95.314,+100.991,+101.364,+100.198,+101.492,+102.011
0,218,+229.393,+180.377,+66.035,+72.409,+24.302,+204.055,+134.860,+91.274,+17.284,+94.541,+84.389,+93.237,+57.557,+77.786,+105.082,+83.300,+132.541,+159.692,+85.915,+238.461,+98.808,+104.954,+96.515,+100.659,+97.872,+101.348,+96.441,+99.640,+102.522,+98.852,+99.323,+103.675,+97.111,+99.981,+97.440,+99.266,+96.052,+99.639,+102.776,+96.225
0,219,+204.250,+131.181,+216.644,+91.983,+80.867,+111.563,+48.603,+173.414,+177.141,+91.640,+164.398,+121.370,+95.127,+116.242,+35.758,+53.044,+177.289,+76.381,+161.272,+62.911,+102.674,+99.263,+101.096,+102.719,+101.590,+104.077,+97.826,+100.309,+99.131,+96.110,+102.666,+98.871,+97.926,+101.232,+99.322,+104.426,+97.293,+95.429,+103.364,+99.262
0,220,+103.779,+250.761,+64.724,+65.514,+212.641,+108.257,+155.935,+179.988,+133.647,+53.751,+130.074,+91.824,+122.718,+128.924,+127.699,+91.203,+166.510,+11.736,+53.578,+107.561,+99.536,+97.353,+101.601,+104.192,+101.414,+97.298,+95.868,+97.564,+100.948,+98.438,+101.443,+100.784,+104.945,+97.403,+99.156,+95.816,+98.088,+97.659,+97.951,+103.748
0,221,+134.546,+37.926,+138.933,+157.159,+176.007,+41.725,+92.827,+112.690,+113.699,+116.941,+116.098,+113.471,+71.992,+20.700,+104.746,+96.357,+174.280,+135.890,+14.743,+174.210,+98.019,+101.960,+96.597,+98.086,+95.327,+98.869,+99.129,+103.622,+100.133,+100.794,+97.316,+104.469,+103.847,+99.081,+103.505,+99.095,+100.758,+98.670,+104.385,+95.238
0,222,+178.162,+86.821,+71.880,+41.897,+95.567,+144.095,+81.893,+120.947,+164.153,+159.171,+237.954,+73.339,+77.049,+125.396,+112.024,+129.007,+123.476,+102.275,+69.420,+95.158,+97.990,+100.404,+98.455,+102.622,+99.983,+101.971,+95.933,+100.285,+103.900,+101.403,+104.871,+103.068,+98.129,+102.927,+95.905,+103.248,+101.496,+95.453,+97.764,+96.816
0,223,+147.426,+12.515,+112.289,+113.025,+156.593,+129.847,+151.185,+106.951,+102.372,+111.194,+0.349,+104.998,+119.149,+8.281,+148.195,+71.541,+49.311,+119.950,+109.621,+64.655,+98.659,+101.775,+98.825,+103.075,+97.219,+100.730,+99.483,+96.582,+99.423,+99.427,+100.869,+102.373,+100.829,+96.142,+99.236,+95.326,+97.946,+97.621,+95.763,+100.465
0,224,+206.818,+132.785,+249.315,+205.590,+108.456,+89.842,+105.768,+61.578,+80.050,+82.637,+66.527,+0.305,+174.078,+135.671,+120.724,+43.941,+196.260,+92.983,+121.622,+70.304,+102.731,+98.686,+99.410,+98.239,+100.681,+95.645,+98.731,+96.801,+98.473,+95.271,+102.386,+97.447,+96.234,+101.463,+98.022,+101.808,+102.342,+103.265,+103.791,+96.347
0,225,+28.790,+233.054,+68.217,+48.192,+20.294,+46.589,+10.771,+146.144,+178.272,+0.225,+106.197,+118.079,+130.231,+217.679,+222.103,+124.336,+147.841,+169.922,+78.388,+125.556,+102.271,+101.532,+104.917,+104.915,+97.530,+96.402,+103.893,+99.235,+98.282,+98.203,+99.943,+104.048,+95.533,+95.166,+95.994,+99.325,+104.987,+102.347,+99.093,+96.295
0,226,+115.223,+108.886,+97.564,+142.810,+53.640,+67.435,+108.477,+134.682,+0.518,+81.387,+61.389,+130.081,+124.484,+83.316,+78.417,+105.772,+99.114,+104.994,+117.610,+170.289,+96.911,+95.313,+98.485,+101.666,+97.263,+103.138,+104.054,+100.034,+104.572,+100.188,+95.755,+102.819,+96.022,+103.797,+101.011,+103.106,+100.489,+96.018,+98.186,+101.822
0,227,+219.179,+13.460,+130.739,+64.768,+67.874,+171.871,+90.222,+34.082,+123.873,+75.042,+69.175,+259.009,+64.723,+161.436,+163.962,+17.483,+181.137,+26.432,+162.884,+120.514,+101.155,+104.914,+103.715,+104.624,+96.493,+97.653,+102.083,+104.684,+104.175,+102.308,+104.284,+95.039,+104.492,+95.179,+100.877,+102.340,+95.397,+95.256,+101.885,+97.918
0,228,+158.949,+191.411,+119.023,+239.785,+63.729,+90.081,+137.001,+22.724,+25.286,+116.293,+73.480,+27.694,+105.371,+117.491,+63.105,+126.951,+86.327,+53.475,+79.573,+116.372,+103.759,+98.933,+97.647,+101.773,+95.404,+103.637,+102.669,+99.087,+98.807,+102.472,+98.226,+104.304,+102.168,+102.695,+102.901,+100.684,+100.110,+104.619,+101.174,+95.469
0,229,+101.038,+194.112,+183.268,+147.832,+178.840,+52.033,+127.979,+4.742,+106.356,+116.592,+34.299,+78.820,+85.889,+111.139,+105.802,+138.945,+124.591,+155.284,+30.746,+48.089,+103.059,+98.941,+97.045,+98.908,+100.119,+96.802,+101.107,+104.050,+104.712,+95.877,+98.936,+96.555,+99.472,+95.978,+97.120,+104.273,+98.730,+98.895,+97.964,+99.128
0,230,+89.811,+115.618,+93.716,+135.516,+154.746,+40.783,+26.419,+166.184,+132.754,+54.706,+185.791,+175.744,+113.731,+135.527,+123.362,+62.715,+152.227,+95.684,+153.606,+48.276,+103.923,+99.965,+102.720,+104.261,+95.187,+102.936,+95.759,+97.826,+104.015,+98.481,+102.304,+96.144,+95.016,+102.852,+104.478,+96.500,+99.976,+96.017,+100.261,+102.789
0,231,+203.170,+75.472,+75.190,+180.273,+40.718,+44.379,+62.376,+168.343,+42.101,+131.899,+32.009,+57.995,+131.165,+99.057,+7.186,+29.950,+112.136,+121.510,+55.760,+177.232,+102.930,+99.732,+104.877,+100.144,+98.466,+101.136,+104.140,+100.563,+101.170,+98.599,+102.789,+104.371,+104.458,+98.508,+99.857,+95.381,+97.380,+100.404,+98.941,+98.936
0,232,+102.019,+28.920,+92.061,+135.807,+213.578,+60.375,+184.461,+124.995,+156.505,+170.261,+125.503,+147.274,+102.570,+113.488,+26.663,+79.623,+100.374,+103.773,+165.659,+199.857,+99.686,+97.864,+101.031,+99.736,+95.626,+97.817,+97.730,+100.232,+103.984,+95.212,+101.510,+101.921,+104.346,+99.695,+99.011,+99.164,+97.981,+101.286,+98.617,+99.346
0,233,+64.862,+101.614,+124.630,+49.201,+195.105,+18.242,+111.990,+8.813,+86.765,+182.378,+65.050,+62.410,+86.997,+136.363,+101.839,+42.097,+107.704,+38.314,+66.365,+90.991,+99.036,+98.852,+96.053,+101.715,+102.851,+101.935,+98.531,+99.746,+96.722,+101.734,+95.593,+97.108,+100.952,+102.148,+100.669,+96.043,+104.403,+104.611,+97.397,+98.763
0,234,+85.755,+64.928,+109.180,+129.204,+54.210,+92.796,+156.674,+115.242,+156.285,+58.992,+104.090,+79.029,+41.471,+69.606,+62.892,+87.906,+197.501,+144.601,+77.685,+105.853,+95.647,+102.092,+96.457,+101.062,+99.430,+103.056,+100.684,+102.289,+101.020,+96.404,+101.522,+98.992,+104.292,+95.743,+97.035,+103.406,+103.163,+99.305,+97.877,+99.162
0,235,+161.961,+38.763,+31.555,+181.022,+102.598,+175.723,+25.924,+143.560,+56.129,+65.609,+102.593,+143.454,+148.180,+333.779,+67.152,+15.636,+92.437,+104.701,+178.830,+40.826,+98.755,+103.183,+95.954,+100.091,+96.697,+96.031,+99.658,+96.908,+100.289,+97.651,+101.346,+100.830,+95.067,+101.772,+100.408,+98.466,+104.788,+101.114,+101.696,+104.253
0,236,+64.642,+76.143,+42.923,+141.024,+96.499,+100.391,+91.191,+181.425,+127.928,+150.262,+73.294,+96.324,+104.627,+23.994,+228.997,+105.712,+133.977,+129.662,+79.365,+138.679,+97.409,+102.235,+97.805,+96.199,+104.950,+99.350,+100.306,+101.276,+96.684,+103.226,+99.760,+99.434,+97.651,+98.624,+96.237,+96.729,+97.097,+101.749,+95.888,+103.101
0,237,+56.532,+110.803,+146.277,+106.139,+81.754,+112.115,+144.261,+118.486,+103.066,+141.957,+142.998,+37.925,+103.274,+46.451,+217.230,+150.577,+129.843,+259.266,+67.523,+85.746,+102.795,+99.470,+103.131,+97.726,+99.960,+102.929,+99.764,+95.021,+99.457,+101.579,+96.533,+99.686,+96.333,+102.386,+103.562,+96.586,+95.827,+100.889,+98.702,+104.664
0,238,+190.909,+158.822,+102.231,+125.682,+86.098,+125.257,+95.127,+50.321,+156.757,+88.947,+39.885,+216.474,+66.369,+78.964,+33.071,+97.382,+29.740,+58.432,+125.243,+72.642,+100.493,+95.565,+100.846,+104.266,+104.212,+103.864,+95.695,+98.274,+102.252,+102.692,+100.891,+103.146,+95.952,+104.494,+98.228,+104.297,+100.737,+100.754,+95.483,+97.732
0,239,+76.083,+67.426,+101.305,+186.811,+42.255,+124.834,+32.892,+116.321,+79.395,+71.221,+173.527,+83.600,+77.611,+156.121,+49.124,+33.765,+187.302,+25.871,+124.492,+46.732,+99.890,+98.363,+95.947,+99.450,+103.308,+101.469,+104.258,+95.642,+104.518,+102.801,+98.034,+97.209,+98.745,+103.547,+104.294,+100.573,+97.875,+98.678,+100.299,+103.768
0,240,+139.827,+22.609,+77.381,+103.088,+187.397,+104.788,+64.403,+125.254,+124.011,+157.667,+162.770,+65.447,+111.350,+95.079,+83.226,+56.119,+57.692,+101.161,+82.929,+173.908,+95.810,+99.809,+98.287,+102.294,+102.205,+95.581,+100.869,+101.901,+103.904,+101.991,+103.340,+103.900,+95.952,+101.822,+104.195,+102.700,+98.030,+96.204,+99.594,+103.246
0,241,+138.746,+106.089,+77.725,+53.026,+30.064,+48.218,+55.633,+115.019,+112.510,+90.426,+252.147,+139.374,+136.216,+7.596,+29.563,+82.564,+152.440,+175.564,+124.529,+75.441,+95.614,+102.402,+96.856,+96.784,+102.681,+98.765,+98.552,+100.754,+98.301,+98.340,+98.236,+103.093,+100.575,+100.641,+103.432,+104.618,+100.194,+96.833,+100.936,+103.208
0,242,+108.361,+113.110,+120.043,+78.679,+199.373,+96.512,+101.119,+154.557,+48.585,+148.558,+137.121,+124.802,+76.409,+48.996,+104.245,+90.923,+96.706,+45.954,+121.177,+81.533,+103.790,+102.085,+103.398,+98.474,+101.581,+100.641,+103.558,+100.086,+101.466,+99.580,+100.822,+104.724,+97.793,+101.507,+102.598,+104.157,+101.773,+98.131,+95.247,+103.086
0,243,+59.834,+127.953,+98.724,+161.942,+152.823,+51.984,+106.823,+56.379,+180.294,+86.232,+132.917,+163.954,+78.048,+144.036,+48.635,+158.790,+89.900,+144.596,+66.252,+140.754,+100.246,+104.079,+99.064,+99.686,+95.437,+101.349,+95.773,+99.346,+97.044,+104.894,+102.544,+97.051,+95.442,+98.002,+103.609,+98.476,+99.663,+98.487,+104.190,+103.343
0,244,+151.690,+141.185,+75.378,+135.620,+180.879,+90.411,+150.910,+128.649,+38.399,+164.410,+101.302,+179.328,+108.656,+208.974,+93.848,+125.759,+7.635,+106.486,+183.448,+85.791,+102.314,+96.742,+102.731,+96.314,+96.188,+100.557,+100.598,+95.470,+97.847,+102.085,+96.173,+99.366,+99.478,+96.476,+99.774,+99.870,+104.253,+104.395,+102.305,+103.279
0,245,+114.628,+93.300,+16.666,+157.130,+115.593,+133.252,+133.434,+137.875,+227.378,+107.685,+157.275,+117.192,+112.909,+60.460,+73.802,+87.624,+143.351,+126.058,+101.582,+150.741,+103.195,+95.304,+101.825,+97.805,+95.719,+100.774,+102.486,+99.586,+101.925,+100.128,+95.502,+100.848,+97.967,+99.694,+100.754,+95.876,+104.683,+99.939,+100.149,+98.043
0,246,+145.620,+88.306,+214.402,+133.317,+167.009,+80.591,+34.268,+128.851,+106.207,+98.588,+79.534,+81.761,+182.604,+64.841,+43.332,+75.151,+104.896,+99.114,+101.559,+93.426,+95.248,+104.660,+99.281,+97.495,+97.796,+97.713,+97.014,+104.604,+100.643,+99.660,+101.993,+99.277,+95.038,+103.147,+102.860,+97.841,+96.830,+95.446,+99.519,+104.834
0,247,+66.887,+95.760,+208.065,+81.077,+15.988,+85.705,+3.503,+77.508,+130.823,+191.364,+115.585,+71.609,+112.033,+172.196,+27.603,+40.595,+79.888,+35.821,+79.773,+86.336,+100.456,+95.450,+101.505,+103.876,+103.749,+102.493,+99.127,+103.839,+96.125,+101.257,+97.469,+100.274,+96.773,+97.017,+97.348,+101.411,+97.726,+95.355,+100.980,+99.791
0,248,+30.835,+108.270,+90.198,+18.390,+49.792,+90.042,+157.755,+194.266,+75.772,+49.465,+80.815,+110.981,+175.488,+149.128,+193.950,+22.447,+110.230,+120.655,+29.709,+71.538,+96.561,+102.261,+96.465,+99.763,+98.832,+95.708,+100.384,+104.458,+98.700,+104.862,+102.581,+96.110,+97.147,+99.483,+99.049,+99.745,+99.553,+101.063,+101.863,+102.973
0,249,+199.142,+93.572,+78.716,+164.033,+100.014,+88.211,+36.172,+136.994,+49.928,+44.848,+148.897,+85.144,+112.793,+29.769,+51.834,+53.717,+90.341,+106.550,+107.606,+93.815,+101.444,+103.271,+97.984,+99.002,+102.620,+103.451,+96.862,+99.678,+96.458,+95.224,+104.087,+95.828,+98.684,+101.630,+95.004,+96.956,+99.846,+97.021,+97.457,+95.532
0,250,+169.069,+81.540,+70.254,+89.588,+22.568,+9.989,+98.137,+189.673,+125.654,+100.552,+70.044,+24.845,+88.403,+49.197,+88.086,+68.872,+120.492,+101.160,+202.829,+113.526,+101.604,+104.965,+101.442,+101.231,+96.932,+98.389,+102.719,+99.610,+100.896,+97.233,+98.784,+99.945,+97.092,+96.680,+95.970,+103.395,+96.651,+103.288,+104.610,+97.150
0,251,+62.977,+131.520,+131.445,+112.751,+57.526,+52.224,+89.220,+181.969,+67.947,+6.966,+60.385,+141.553,+151.798,+104.112,+110.883,+118.836,+233.414,+82.548,+120.304,+172.286,+97.042,+97.316,+97.418,+98.939,+102.821,+103.074,+103.757,+96.772,+96.873,+104.176,+100.459,+97.341,+100.701,+100.107,+98.467,+101.770,+101.179,+100.062,+101.938,+101.158
0,252,+63.366,+92.652,+150.153,+95.978,+254.470,+82.641,+232.464,+88.217,+13.279,+167.217,+102.571,+79.597,+252.823,+194.540,+89.350,+114.611,+70.216,+83.418,+105.822,+42.450,+99.923,+98.925,+104.665,+100.124,+104.192,+98.076,+103.187,+99.363,+103.823,+102.871,+103.714,+101.421,+101.085,+96.063,+101.460,+101.774,+99.305,+95.133,+101.105,+100.875
0,253,+82.250,+247.421,+49.817,+87.615,+68.235,+58.570,+87.566,+31.749,+52.010,+58.863,+48.319,+221.070,+103.002,+208.284,+215.413,+193.998,+53.628,+185.227,+205.728,+15.841,+102.020,+103.260,+103.464,+95.305,+100.935,+101.929,+96.601,+98.218,+100.415,+103.744,+100.983,+96.134,+100.516,+99.814,+102.230,+97.499,+99.327,+102.155,+102.479,+100.734
0,254,+147.181,+190.100,+151.452,+145.451,+70.272,+171.214,+5.167,+157.614,+112.239,+137.766,+107.956,+160.056,+103.546,+114.942,+103.039,+121.463,+13.683,+252.458,+187.021,+114.151,+103.886,+101.200,+96.332,+98.026,+99.152,+98.762,+96.380,+104.612,+104.618,+102.300,+101.978,+103.086,+101.573,+99.071,+103.540,+100.990,+100.348,+97.717,+97.970,+99.781
0,255,+99.829,+53.902,+98.412,+111.358,+58.297,+194.084,+119.494,+94.509,+156.788,+138.761,+225.439,+68.329,+94.549,+104.366,+48.217,+145.471,+114.558,+139.006,+50.604,+31.475,+104.590,+103.486,+103.512,+96.384,+102.803,+96.681,+97.857,+95.169,+101.030,+104.510,+99.217,+95.931,+98.249,+97.917,+100.207,+96.979,+96.022,+104.296,+103.069,+103.010
0,256,+105.599,+100.958,+60.254,+86.354,+0.547,+126.550,+104.416,+78.349,+100.947,+142.384,+113.295,+34.676,+206.256,+28.050,+43.907,+89.063,+83.693,+40.930,+65.415,+1.722,+102.937,+103.408,+95.069,+99.319,+101.046,+99.589,+97.794,+104.745,+96.529,+102.768,+104.145,+97.939,+96.024,+97.604,+98.335,+95.823,+100.516,+96.585,+98.450,+102.536
0,257,+151.418,+55.689,+221.170,+97.517,+120.040,+25.347,+134.219,+91.654,+86.055,+68.557,+49.251,+76.697,+41.580,+71.748,+131.078,+142.497,+83.148,+66.151,+163.825,+61.726,+102.394,+103.715,+100.943,+101.183,+95.544,+95.517,+95.581,+95.841,+98.600,+99.872,+101.245,+97.920,+99.494,+95.103,+99.298,+101.051,+104.675,+104.850,+100.593,+103.479
0,258,+108.658,+110.234,+121.179,+209.269,+153.544,+170.862,+238.690,+98.792,+107.703,+122.028,+26.227,+114.832,+157.627,+34.667,+96.683,+11.789,+168.061,+15.389,+135.778,+81.490,+98.065,+100.466,+104.944,+104.448,+97.184,+103.490,+97.027,+102.406,+99.637,+101.957,+98.881,+95.464,+101.920,+101.688,+103.258,+98.813,+103.203,+101.029,+101.433,+102.457
0,259,+124.728,+169.642,+145.174,+69.280,+146.473,+152.087,+107.640,+15.427,+102.281,+86.363,+93.149,+52.063,+123.783,+60.017,+85.812,+157.122,+168.837,+86.058,+84.058,+126.363,+97.495,+102.057,+100.816,+96.357,+99.895,+104.968,+96.920,+104.959,+96.700,+97.507,+98.998,+98.942,+99.993,+102.921,+103.488,+102.582,+104.512,+103.851,+102.758,+98.078
0,260,+62.380,+96.306,+97.974,+143.583,+13.732,+81.374,+58.924,+81.395,+148.739,+130.599,+40.207,+89.706,+254.729,+49.742,+148.808,+56.085,+89.130,+178.954,+56.238,+128.384,+104.960,+102.589,+102.952,+98.421,+102.148,+104.536,+96.161,+101.569,+97.912,+101.059,+99.879,+103.440,+96.437,+103.339,+96.858,+103.459,+102.920,+102.206,+95.262,+98.159
0,261,+69.225,+120.681,+191.361,+58.593,+125.835,+131.892,+22.631,+37.161,+76.942,+106.930,+40.582,+118.767,+7.570,+41.499,+166.132,+95.153,+162.207,+125.988,+146.441,+225.888,+96.682,+96.921,+102.655,+102.483,+104.106,+96.542,+103.372,+97.071,+95.368,+96.373,+98.399,+96.439,+97.526,+104.240,+101.540,+99.298,+104.217,+101.672,+95.046,+101.841
0,262,+131.407,+95.896,+128.010,+113.433,+85.309,+96.096,+107.011,+74.142,+30.420,+176.635,+111.707,+116.621,+3.687,+104.782,+220.309,+92.664,+122.878,+67.085,+80.564,+106.048,+98.997,+103.034,+96.896,+98.137,+100.918,+102.628,+98.581,+102.375,+100.418,+100.182,+104.609,+103.543,+95.829,+98.967,+100.489,+104.445,+100.303,+96.896,+104.693,+103.939
0,263,+182.682,+181.485,+70.772,+62.669,+117.949,+59.463,+101.079,+190.912,+23.278,+175.848,+144.143,+112.379,+69.032,+75.158,+98.330,+46.077,+165.596,+96.884,+101.155,+147.458,+102.728,+104.487,+99.589,+100.088,+100.214,+103.038,+102.556,+101.777,+96.077,+102.109,+95.432,+103.811,+101.556,+104.275,+97.471,+97.356,+100.782,+104.162,+96.939,+100.180
0,264,+212.930,+234.248,+118.172,+68.892,+69.404,+125.365,+65.798,+178.277,+50.461,+46.205,+123.375,+107.234,+140.870,+167.308,+255.396,+57.086,+57.123,+179.278,+199.338,+35.818,+95.907,+97.141,+102.407,+95.873,+97.249,+97.460,+96.608,+99.897,+104.011,+102.023,+95.038,+99.537,+98.742,+103.767,+101.005,+96.509,+99.126,+95.696,+102.137,+96.053
0,265,+99.577,+111.981,+116.082,+26.014,+241.990,+96.771,+113.306,+106.364,+172.750,+145.157,+128.850,+112.545,+80.793,+78.270,+53.646,+90.420,+52.347,+140.611,+66.864,+11.466,+96.945,+99.342,+104.724,+102.965,+101.946,+102.441,+96.529,+103.556,+102.205,+97.072,+97.872,+96.966,+98.739,+96.312,+104.328,+96.891,+102.883,+103.867,+98.428,+102.173
0,266,+36.723,+95.598,+87.301,+30.494,+157.607,+66.246,+122.879,+148.329,+115.983,+98.879,+79.606,+194.329,+124.775,+104.377,+16.872,+130.643,+176.864,+126.158,+72.034,+95.208,+103.640,+100.952,+99.416,+100.415,+97.139,+97.337,+102.849,+101.541,+95.277,+99.709,+95.878,+98.934,+97.672,+97.390,+97.404,+103.239,+102.104,+99.840,+103.433,+104.174
0,267,+131.627,+31.466,+117.682,+97.020,+10.357,+43.229,+73.127,+122.655,+108.210,+145.870,+7.100,+39.832,+79.898,+206.892,+6.848,+45.591,+146.248,+81.035,+146.220,+87.169,+101.819,+96.341,+101.494,+102.810,+104.660,+104.026,+103.502,+102.910,+104.823,+99.656,+95.084,+102.177,+101.378,+102.675,+97.970,+103.650,+103.707,+97.212,+101.163,+97.403
0,268,+60.462,+143.736,+91.760,+98.145,+216.104,+212.734,+132.124,+46.902,+145.697,+112.445,+130.640,+22.925,+89.206,+97.890,+109.275,+204.567,+123.937,+125.152,+82.594,+144.677,+96.478,+103.613,+99.040,+100.927,+99.197,+103.888,+99.166,+103.503,+102.981,+100.591,+98.513,+104.261,+104.819,+96.370,+98.594,+103.572,+104.421,+96.721,+103.624,+101.347
0,269,+150.133,+22.909,+22.391,+143.904,+86.273,+92.483,+161.498,+34.863,+2.509,+191.115,+54.232,+56.904,+2.549,+91.208,+20.708,+63.480,+176.953,+88.559,+74.361,+96.406,+103.129,+95.417,+101.636,+101.404,+103.815,+102.826,+102.153,+104.509,+96.400,+96.717,+101.627,+104.136,+98.831,+97.861,+96.834,+97.477,+96.407,+100.478,+102.059,+95.188
0,270,+96.417,+151.671,+94.486,+95.648,+163.028,+106.313,+17.554,+93.045,+100.251,+42.720,+80.826,+7.798,+137.932,+188.267,+75.464,+144.822,+63.984,+61.817,+136.537,+91.999,+97.033,+104.449,+102.761,+102.127,+104.718,+102.149,+95.907,+102.571,+103.103,+99.887,+104.962,+95.563,+103.596,+101.769,+96.294,+95.110,+99.428,+104.670,+100.370,+98.448
0,271,+83.001,+70.907,+149.964,+80.263,+54.377,+104.788,+57.219,+161.187,+164.352,+87.820,+75.187,+29.195,+180.697,+124.290,+122.319,+133.567,+94.961,+49.746,+180.689,+139.750,+99.730,+97.937,+104.158,+101.538,+103.305,+98.132,+104.111,+99.855,+98.422,+102.951,+97.134,+103.348,+100.951,+99.848,+102.571,+104.867,+97.273,+100.379,+96.553,+104.730
0,272,+23.965,+65.916,+212.331,+28.789,+145.232,+192.309,+98.865,+82.817,+183.102,+118.092,+106.610,+170.632,+148.413,+44.593,+185.062,+112.016,+176.046,+44.416,+164.727,+80.244,+96.297,+99.206,+96.569,+104.464,+95.152,+96.400,+101.046,+96.177,+97.986,+101.615,+100.926,+104.742,+102.882,+96.915,+95.169,+95.841,+102.232,+104.740,+95.326,+95.520
0,273,+146.037,+95.760,+92.716,+139.370,+15.459,+33.618,+156.551,+187.169,+48.876,+116.085,+176.103,+90.637,+13.175,+100.271,+87.713,+147.609,+97.979,+146.530,+160.206,+175.260,+96.597,+95.003,+101.282,+101.944,+98.790,+95.166,+101.672,+102.666,+102.371,+96.959,+104.620,+104.711,+97.146,+104.491,+97.879,+102.297,+96.045,+96.619,+99.309,+103.035
0,274,+53.772,+229.587,+110.293,+65.995,+72.359,+99.234,+99.899,+67.884,+208.890,+143.959,+82.528,+134.841,+172.333,+139.792,+138.036,+33.870,+90.358,+15.820,+90.775,+64.192,+104.248,+97.557,+101.210,+104.615,+103.591,+103.943,+101.656,+103.426,+96.686,+98.999,+96.127,+96.938,+98.409,+99.679,+103.284,+103.918,+95.559,+99.405,+103.800,+100.746
0,275,+112.808,+109.684,+226.024,+150.441,+134.237,+73.620,+130.089,+90.122,+168.689,+74.510,+89.688,+224.667,+123.002,+76.661,+56.703,+59.730,+143.544,+168.197,+66.643,+28.633,+104.468,+97.056,+99.110,+100.233,+103.300,+98.581,+96.597,+98.610,+103.702,+104.265,+96.590,+100.933,+95.295,+103.913,+101.062,+99.861,+100.385,+100.013,+103.206,+96.705
0,276,+62.835,+83.882,+193.817,+55.516,+184.088,+39.862,+76.265,+129.415,+49.510,+245.890,+71.939,+19.161,+43.488,+68.016,+107.192,+106.871,+42.064,+164.049,+104.066,+77.730,+97.090,+95.625,+101.101,+95.620,+98.720,+101.411,+95.034,+100.220,+104.951,+99.091,+97.602,+100.873,+99.053,+100.572,+97.213,+100.914,+101.928,+95.124,+97.039,+104.886
0,277,+153.566,+100.291,+122.326,+86.712,+179.055,+74.095,+93.194,+114.897,+194.022,+71.725,+50.109,+229.455,+99.562,+162.635,+116.215,+78.509,+145.792,+141.083,+72.772,+77.855,+100.995,+101.792,+102.618,+101.718,+97.643,+97.968,+104.135,+98.980,+96.136,+104.317,+97.767,+96.339,+100.774,+99.753,+98.098,+98.153,+99.909,+101.908,+101.889,+96.692
0,278,+7.352,+52.367,+80.390,+100.583,+189.796,+118.627,+85.242,+47.405,+226.203,+56.735,+25.510,+123.675,+84.351,+123.361,+48.408,+33.554,+85.303,+190.690,+86.860,+88.924,+100.930,+100.450,+104.461,+101.657,+99.642,+102.194,+98.084,+95.386,+99.399,+102.629,+104.170,+104.447,+102.872,+102.425,+101.855,+96.662,+100.952,+95.405,+99.422,+99.871
0,279,+161.336,+134.861,+81.259,+57.411,+88.741,+156.651,+71.799,+110.390,+115.490,+96.415,+92.757,+81.361,+9.662,+182.776,+101.167,+76.691,+142.795,+59.438,+244.585,+58.121,+99.447,+102.654,+104.286,+103.376,+102.040,+101.678,+99.450,+99.992,+97.781,+104.008,+102.134,+102.279,+98.831,+95.896,+102.042,+96.597,+95.913,+97.582,+99.361,+96.592
0,280,+94.730,+109.246,+44.417,+24.481,+110.011,+123.511,+9.697,+289.116,+102.259,+142.667,+140.679,+123.745,+41.625,+188.050,+166.785,+141.126,+151.378,+119.128,+140.876,+169.985,+100.201,+103.182,+95.184,+101.557,+100.297,+96.603,+101.817,+102.157,+95.486,+100.723,+96.659,+101.280,+98.447,+97.514,+97.544,+95.624,+99.202,+100.783,+98.250,+95.725
0,281,+152.026,+170.807,+82.801,+74.719,+120.105,+167.172,+187.766,+134.202,+52.530,+50.312,+206.579,+19.887,+127.946,+106.202,+61.742,+128.103,+156.727,+133.563,+0.467,+64.215,+98.766,+98.871,+97.111,+104.655,+99.357,+98.066,+96.141,+104.494,+97.390,+96.994,+98.828,+95.668,+104.197,+104.762,+103.422,+101.033,+99.547,+103.220,+97.325,+100.523
0,282,+121.313,+162.122,+96.177,+141.311,+37.839,+161.312,+109.692,+277.088,+30.657,+47.195,+101.689,+189.613,+200.963,+111.185,+78.854,+18.959,+204.610,+180.879,+166.978,+170.975,+99.314,+97.539,+95.404,+97.004,+98.921,+104.303,+104.500,+95.686,+104.908,+101.714,+96.825,+102.410,+104.919,+104.458,+96.011,+100.014,+97.516,+100.213,+101.002,+98.839
0,283,+85.225,+84.776,+119.287,+74.906,+91.177,+114.674,+57.861,+89.504,+66.196,+74.502,+50.003,+57.793,+58.900,+88.701,+100.997,+143.137,+184.605,+36.609,+139.807,+76.304,+95.473,+97.077,+96.724,+97.738,+104.178,+100.709,+99.932,+97.788,+101.444,+104.194,+95.777,+99.388,+96.855,+99.061,+102.355,+98.117,+103.707,+101.406,+99.202,+97.030
0,284,+80.200,+107.046,+25.400,+139.833,+86.684,+203.289,+91.060,+211.698,+80.031,+92.906,+132.440,+176.406,+76.351,+38.077,+32.109,+100.214,+81.633,+155.837,+164.153,+94.107,+99.708,+97.372,+101.094,+103.458,+95.248,+101.848,+95.210,+96.888,+101.225,+101.975,+95.654,+97.381,+103.246,+103.758,+98.533,+96.385,+97.559,+100.575,+98.196,+101.973
0,285,+133.995,+61.607,+60.522,+150.478,+122.041,+126.776,+66.373,+32.046,+195.218,+159.226,+57.288,+34.458,+165.291,+148.392,+137.804,+42.807,+100.107,+26.449,+20.153,+82.621,+103.317,+99.070,+101.878,+98.465,+104.902,+97.674,+100.295,+101.247,+103.652,+97.619,+97.106,+99.048,+104.103,+99.967,+99.728,+98.392,+97.396,+100.449,+98.813,+95.273
0,286,+93.614,+75.062,+96.479,+65.922,+87.990,+128.633,+61.498,+84.119,+196.056,+90.800,+131.081,+92.828,+127.004,+125.522,+69.848,+98.975,+152.594,+71.459,+96.877,+64.802,+104.102,+100.728,+95.162,+101.707,+99.702,+95.708,+102.896,+99.452,+98.650,+104.474,+95.593,+103.441,+100.928,+104.851,+103.853,+102.554,+95.873,+99.371,+101.596,+98.468
0,287,+142.727,+23.561,+87.045,+139.493,+27.477,+88.372,+44.148,+94.238,+56.021,+112.720,+68.374,+26.030,+100.516,+39.280,+142.989,+79.376,+135.422,+102.733,+14.716,+99.405,+96.816,+103.165,+101.967,+103.515,+100.983,+102.527,+99.015,+103.780,+99.346,+99.590,+104.382,+103.040,+103.905,+104.363,+104.565,+104.689,+101.202,+95.791,+99.896,+101.313
0,288,+188.304,+100.087,+125.143,+101.359,+20.427,+146.836,+113.952,+97.087,+146.527,+124.940,+131.384,+87.143,+100.965,+180.168,+90.947,+112.915,+20.323,+76.595,+181.995,+85.140,+97.429,+95.734,+102.093,+98.047,+101.086,+96.608,+97.631,+99.086,+101.089,+102.901,+96.174,+99.692,+100.083,+97.083,+103.302,+99.112,+97.348,+103.947,+103.877,+97.850
0,289,+78.345,+76.754,+200.828,+179.554,+121.225,+212.177,+86.255,+57.821,+91.693,+56.497,+105.068,+66.851,+3.455,+85.957,+3.632,+142.181,+162.148,+50.045,+91.376,+81.582,+96.001,+96.999,+95.400,+100.000,+96.437,+97.414,+99.537,+97.266,+97.052,+101.583,+103.815,+103.227,+101.351,+100.185,+97.722,+104.183,+99.487,+99.189,+98.799,+95.919
0,290,+20.670,+193.507,+122.308,+96.620,+145.749,+183.421,+65.728,+53.705,+121.960,+159.079,+76.082,+152.360,+100.657,+54.119,+25.914,+60.216,+115.140,+51.275,+89.232,+143.576,+102.945,+98.287,+104.807,+99.409,+101.560,+97.497,+99.140,+102.766,+98.851,+97.140,+104.174,+95.680,+100.537,+96.537,+100.078,+103.852,+96.695,+95.104,+103.603,+100.415
0,291,+90.802,+3.595,+131.553,+109.982,+93.911,+50.141,+134.439,+95.735,+121.714,+106.555,+121.054,+35.473,+79.252,+33.440,+44.074,+252.050,+96.001,+122.800,+184.889,+106.087,+96.577,+97.498,+96.786,+101.394,+97.654,+103.058,+96.082,+97.071,+95.312,+103.116,+100.938,+100.939,+103.046,+104.986,+103.330,+100.534,+96.461,+98.080,+101.415,+97.282
0,292,+93.441,+126.120,+242.281,+178.513,+50.632,+30.838,+113.967,+47.728,+31.964,+70.108,+97.897,+159.935,+37.524,+174.514,+173.869,+24.962,+54.565,+87.499,+177.651,+180.256,+96.501,+104.009,+99.643,+96.500,+96.992,+97.580,+95.404,+98.259,+103.430,+95.657,+95.669,+100.364,+102.918,+98.049,+101.658,+98.788,+100.869,+96.369,+96.975,+104.270
0,293,+33.299,+206.338,+143.541,+165.768,+117.647,+121.258,+132.486,+63.958,+102.128,+125.911,+109.754,+155.587,+128.181,+47.176,+139.653,+138.315,+87.098,+101.191,+65.398,+80.030,+96.219,+99.675,+96.989,+101.325,+104.008,+99.710,+99.120,+99.921,+95.500,+101.755,+98.975,+99.538,+96.076,+97.283,+104.881,+98.494,+97.275,+98.093,+99.841,+97.623
0,294,+137.164,+149.178,+140.631,+88.351,+163.121,+124.436,+163.339,+85.528,+105.073,+108.390,+182.965,+134.349,+153.192,+113.518,+68.832,+76.509,+146.036,+69.123,+119.267,+58.473,+104.637,+102.575,+99.676,+98.502,+103.803,+98.345,+101.715,+103.697,+100.159,+104.875,+102.920,+96.116,+103.366,+102.732,+98.142,+99.713,+97.347,+99.114,+98.728,+96.590
0,295,+152.796,+120.284,+46.704,+211.088,+172.822,+154.976,+144.863,+154.692,+71.150,+100.323,+46.442,+145.962,+26.344,+183.729,+124.367,+79.547,+99.837,+27.754,+28.434,+104.389,+98.803,+97.263,+99.404,+97.068,+97.488,+98.983,+98.261,+97.434,+103.160,+98.066,+95.996,+102.048,+104.023,+98.583,+97.317,+95.264,+96.764,+98.253,+98.494,+100.212
0,296,+143.352,+99.937,+205.266,+33.191,+62.213,+105.447,+94.019,+84.882,+149.943,+117.275,+135.533,+59.341,+249.392,+5.243,+129.639,+168.777,+102.641,+154.643,+159.135,+146.420,+95.659,+101.609,+100.919,+96.364,+95.096,+101.840,+103.639,+100.244,+99.969,+99.101,+104.608,+103.387,+95.845,+104.124,+104.591,+97.620,+96.839,+96.625,+104.304,+101.325
0,297,+132.677,+178.083,+132.575,+133.717,+115.878,+176.410,+141.491,+112.973,+148.795,+113.930,+94.574,+78.475,+121.105,+120.807,+75.661,+68.616,+177.925,+160.700,+99.299,+48.828,+100.850,+97.704,+102.399,+101.953,+98.035,+103.639,+102.379,+104.603,+98.282,+102.214,+98.672,+104.013,+99.888,+97.450,+103.801,+97.605,+97.761,+102.084,+102.773,+95.850
0,298,+135.062,+32.878,+61.200,+180.161,+95.708,+36.037,+201.370,+125.106,+149.017,+44.067,+177.075,+106.934,+82.005,+124.822,+52.989,+98.982,+64.252,+147.151,+128.548,+116.701,+98.997,+103.551,+99.875,+103.537,+102.111,+97.048,+98.129,+100.162,+102.921,+101.399,+103.603,+96.476,+101.332,+102.384,+103.405,+98.481,+100.438,+103.242,+101.166,+99.274
0,299,+26.640,+62.725,+27.174,+111.930,+149.570,+54.964,+48.655,+216.735,+180.430,+153.697,+138.867,+78.768,+189.982,+61.160,+193.313,+136.994,+147.875,+43.552,+23.436,+231.228,+95.403,+99.064,+100.672,+100.495,+100.709,+101.123,+97.369,+101.262,+95.392,+102.660,+98.703,+99.857,+102.379,+95.092,+99.045,+96.323,+98.040,+98.240,+103.476,+98.219
0,300,+78.753,+85.450,+17.231,+19.692,+47.219,+93.982,+105.410,+64.983,+98.829,+142.868,+163.867,+72.368,+173.886,+215.368,+98.710,+84.980,+71.151,+160.058,+104.266,+235.503,+100.419,+96.335,+104.388,+100.667,+97.505,+96.493,+97.605,+95.814,+97.690,+99.500,+104.783,+101.274,+103.722,+104.072,+103.676,+103.789,+96.005,+95.068,+97.123,+95.660
0,301,+102.768,+54.732,+57.328,+109.603,+71.984,+165.720,+102.219,+8.915,+75.233,+110.124,+145.093,+149.089,+71.110,+145.482,+185.048,+59.269,+120.983,+130.092,+147.992,+129.562,+99.982,+102.562,+102.460,+104.027,+101.322,+102.058,+103.808,+102.191,+96.005,+103.414,+97.437,+100.911,+101.363,+103.600,+102.995,+100.570,+102.802,+96.308,+98.858,+100.283
0,302,+250.520,+199.638,+180.839,+110.364,+225.858,+48.745,+158.644,+87.219,+65.531,+66.427,+53.345,+105.935,+52.010,+129.454,+37.181,+104.793,+141.593,+29.231,+65.909,+175.066,+101.414,+103.818,+101.892,+100.912,+96.390,+101.117,+102.512,+98.087,+96.467,+97.901,+96.045,+98.954,+102.779,+102.245,+98.289,+97.808,+99.553,+104.244,+96.427,+103.391
0,303,+13.431,+146.525,+67.363,+26.570,+146.212,+117.323,+155.286,+13.875,+133.066,+101.189,+65.170,+42.513,+72.123,+113.502,+9.469,+140.570,+146.714,+81.006,+104.877,+76.128,+101.733,+95.229,+97.036,+104.669,+96.877,+101.249,+100.115,+102.498,+101.047,+103.710,+98.871,+103.350,+102.557,+102.317,+96.725,+98.597,+96.865,+103.049,+99.129,+97.356
0,304,+152.904,+58.992,+54.907,+50.468,+65.174,+139.609,+173.470,+84.084,+135.123,+39.228,+126.025,+46.349,+51.659,+99.305,+157.629,+75.503,+215.974,+61.773,+75.116,+94.440,+102.997,+98.120,+95.932,+103.217,+96.279,+96.502,+99.591,+99.007,+99.080,+104.884,+97.804,+97.857,+102.494,+104.003,+97.809,+98.088,+97.876,+97.178,+100.980,+98.980
0,305,+38.570,+153.052,+107.355,+141.562,+148.937,+31.207,+189.679,+164.105,+27.745,+146.697,+55.122,+67.391,+173.175,+39.338,+90.226,+102.897,+90.150,+68.316,+122.763,+135.349,+98.210,+102.009,+103.336,+100.695,+95.951,+97.512,+96.543,+100.501,+99.454,+99.757,+95.310,+99.585,+103.616,+98.076,+103.277,+102.092,+100.557,+104.871,+101.801,+100.370
0,306,+96.501,+76.931,+123.045,+84.797,+98.087,+112.221,+137.802,+76.825,+167.096,+128.311,+94.430,+112.814,+155.506,+74.217,+62.065,+27.786,+3.693,+16.628,+137.819,+137.174,+97.988,+102.492,+98.643,+100.853,+100.262,+102.209,+98.515,+103.609,+99.437,+95.082,+99.335,+96.166,+98.363,+100.467,+100.042,+103.652,+99.259,+98.394,+103.178,+103.302
0,307,+122.475,+5.878,+5.055,+161.921,+158.767,+92.146,+85.248,+128.826,+194.739,+25.922,+101.574,+33.922,+43.274,+28.016,+110.368,+138.870,+121.516,+92.441,+90.203,+27.017,+100.389,+100.366,+97.325,+103.087,+99.017,+96.609,+99.419,+100.386,+101.349,+98.024,+98.084,+96.488,+103.484,+103.568,+101.206,+95.213,+102.071,+100.421,+104.476,+100.332
0,308,+65.757,+183.184,+72.648,+85.411,+121.475,+107.019,+42.295,+94.817,+77.882,+216.130,+50.997,+212.268,+133.338,+109.612,+90.448,+11.730,+26.108,+58.786,+100.073,+134.173,+99.610,+100.749,+100.560,+100.125,+102.840,+96.582,+99.588,+101.101,+98.863,+97.529,+101.850,+101.106,+102.887,+101.120,+103.941,+99.049,+96.239,+96.835,+95.295,+100.732
0,309,+136.360,+108.880,+121.023,+138.388,+155.605,+11.569,+211.989,+106.522,+284.777,+59.715,+105.294,+59.433,+94.075,+161.302,+50.984,+71.680,+145.679,+160.991,+141.348,+84.301,+98.269,+102.101,+104.637,+98.631,+102.517,+104.151,+102.289,+96.678,+101.601,+100.272,+102.245,+98.612,+104.684,+96.893,+96.295,+102.971,+98.451,+97.004,+101.988,+103.579
0,310,+95.496,+156.465,+193.667,+29.346,+70.226,+55.555,+155.384,+160.129,+90.857,+135.923,+211.539,+168.811,+166.288,+163.898,+10.329,+155.176,+98.667,+93.826,+173.772,+34.878,+99.825,+97.664,+103.824,+96.909,+97.025,+103.733,+97.210,+103.908,+103.430,+96.642,+99.620,+98.821,+100.433,+101.463,+97.835,+99.211,+97.984,+102.572,+101.633,+97.009
0,311,+132.994,+30.345,+74.231,+89.075,+153.338,+97.989,+76.668,+48.461,+131.496,+146.488,+94.547,+172.420,+23.174,+52.934,+88.338,+70.151,+123.696,+80.388,+66.453,+29.618,+97.038,+102.945,+101.833,+101.421,+96.579,+95.490,+102.121,+96.651,+97.320,+99.106,+100.904,+103.890,+102.612,+104.076,+104.476,+102.087,+97.379,+99.458,+104.435,+103.193
0,312,+67.904,+101.307,+115.364,+114.129,+86.031,+90.301,+41.293,+137.641,+113.898,+167.409,+58.990,+32.038,+137.738,+62.931,+92.145,+193.293,+123.968,+137.322,+86.032,+71.992,+104.514,+96.015,+98.549,+99.047,+97.387,+103.359,+103.650,+98.896,+98.732,+101.305,+100.103,+99.672,+98.903,+101.444,+101.971,+96.516,+96.084,+95.776,+102.114,+100.963
0,313,+144.369,+116.402,+246.267,+133.158,+49.994,+126.069,+197.686,+125.353,+128.855,+60.617,+142.767,+106.420,+5.800,+158.080,+37.402,+142.746,+92.828,+89.436,+102.341,+61.876,+97.519,+100.324,+96.745,+104.955,+102.528,+100.736,+101.139,+95.454,+99.184,+101.935,+100.315,+103.149,+104.034,+96.679,+96.478,+99.764,+97.943,+104.593,+101.257,+97.592
0,314,+58.542,+187.176,+73.283,+111.816,+141.349,+116.363,+151.480,+139.292,+157.432,+9.846,+42.373,+19.511,+14.593,+124.317,+66.934,+42.197,+95.776,+69.560,+54.222,+54.249,+97.451,+95.701,+101.273,+95.490,+103.910,+102.019,+100.340,+99.791,+96.576,+99.847,+96.011,+102.476,+103.132,+103.434,+101.719,+103.876,+96.139,+96.729,+96.018,+100.419
0,315,+134.157,+56.829,+179.056,+88.585,+144.807,+38.326,+68.119,+72.843,+67.530,+172.474,+123.404,+72.374,+157.221,+182.262,+153.911,+132.735,+169.124,+200.264,+7.573,+75.652,+100.216,+97.367,+100.526,+95.342,+95.641,+96.209,+98.617,+99.457,+99.824,+97.276,+97.898,+98.304,+97.514,+96.460,+104.812,+95.801,+102.854,+103.379,+102.071,+102.810
0,316,+73.236,+77.095,+137.439,+71.584,+37.618,+55.435,+133.099,+110.753,+67.329,+43.021,+128.763,+56.062,+65.149,+115.152,+173.123,+69.996,+118.264,+38.843,+164.273,+97.636,+104.761,+99.175,+98.252,+99.951,+102.175,+97.036,+95.550,+98.594,+102.898,+97.522,+102.263,+97.388,+104.035,+102.671,+100.662,+103.765,+99.293,+104.822,+100.808,+99.572
0,317,+98.709,+2.320,+151.914,+121.187,+187.673,+177.735,+103.346,+208.142,+126.540,+172.784,+142.254,+33.245,+202.497,+210.539,+103.461,+145.915,+1.216,+57.957,+138.632,+196.417,+98.034,+98.352,+104.940,+99.800,+101.971,+95.424,+99.855,+100.912,+95.007,+99.110,+98.278,+101.930,+97.671,+100.117,+96.050,+95.537,+97.834,+96.201,+100.423,+104.504
0,318,+118.583,+174.634,+72.208,+53.460,+138.004,+80.971,+40.604,+157.696,+97.771,+90.002,+48.307,+54.112,+59.796,+165.231,+126.304,+38.421,+104.472,+84.990,+122.611,+126.986,+101.298,+101.498,+96.763,+100.550,+99.206,+102.111,+100.416,+97.264,+95.481,+102.893,+98.780,+100.101,+99.052,+97.808,+103.753,+104.967,+103.820,+101.307,+97.581,+96.032
0,319,+197.253,+109.785,+202.871,+130.611,+59.449,+79.546,+97.690,+63.104,+68.084,+116.207,+88.255,+113.964,+159.441,+78.207,+188.144,+56.975,+196.562,+159.082,+141.018,+64.359,+99.426,+97.983,+104.594,+103.504,+95.185,+98.454,+97.545,+99.018,+97.971,+101.902,+100.034,+100.161,+100.281,+99.491,+104.508,+97.005,+103.106,+95.160,+101.120,+104.117
0,320,+209.612,+186.444,+34.197,+80.761,+85.285,+153.062,+88.318,+34.211,+74.026,+149.051,+46.897,+158.171,+33.568,+137.407,+84.847,+99.238,+130.227,+208.819,+124.013,+144.799,+102.894,+98.468,+103.375,+102.767,+98.771,+100.121,+97.387,+99.109,+100.548,+96.104,+103.826,+100.584,+95.697,+104.528,+98.163,+101.974,+100.947,+101.904,+95.380,+95.793
0,321,+138.258,+5.981,+110.372,+65.152,+59.157,+87.254,+93.256,+195.797,+190.043,+58.559,+139.485,+93.804,+166.058,+185.640,+127.506,+139.931,+87.516,+192.482,+196.901,+46.251,+99.259,+102.010,+104.968,+102.627,+98.763,+95.597,+104.415,+102.787,+99.688,+103.218,+99.542,+98.438,+96.295,+96.012,+96.671,+99.327,+95.416,+98.494,+95.346,+104.176
0,322,+157.915,+121.075,+202.269,+126.825,+102.748,+80.598,+131.543,+122.277,+59.292,+133.088,+63.597,+171.668,+69.092,+85.770,+159.476,+130.843,+106.432,+9.123,+45.714,+135.752,+96.284,+104.812,+100.945,+95.520,+103.981,+96.709,+101.607,+100.744,+97.348,+96.414,+98.643,+98.793,+98.804,+98.653,+101.069,+101.965,+102.837,+99.456,+104.057,+96.769
0,323,+110.202,+36.349,+160.821,+194.887,+126.103,+3.555,+94.871,+100.055,+77.617,+5.592,+58.222,+217.368,+3.687,+90.800,+119.876,+60.172,+126.130,+54.515,+135.994,+158.120,+97.500,+97.571,+101.467,+98.330,+101.212,+99.190,+100.291,+99.566,+95.736,+101.866,+95.964,+104.409,+102.300,+102.723,+95.678,+104.629,+104.659,+95.417,+96.501,+103.843
0,324,+135.909,+40.130,+156.403,+115.297,+116.837,+55.851,+24.346,+136.386,+58.305,+155.810,+30.284,+130.672,+137.445,+64.454,+113.792,+19.953,+114.547,+93.913,+82.422,+70.841,+98.072,+100.318,+97.500,+100.326,+104.211,+101.039,+96.339,+101.126,+96.530,+96.572,+102.163,+100.930,+104.182,+96.999,+101.514,+96.153,+96.730,+102.468,+102.221,+97.946
0,325,+229.816,+45.069,+36.874,+109.249,+83.703,+116.907,+54.264,+197.293,+23.997,+120.444,+153.833,+124.107,+52.695,+141.324,+59.562,+70.149,+83.370,+109.181,+91.302,+131.274,+104.396,+100.556,+96.627,+95.787,+104.038,+98.430,+101.785,+95.060,+95.979,+98.243,+99.159,+96.873,+97.371,+97.723,+101.956,+102.356,+96.607,+102.990,+104.828,+102.092
0,326,+58.921,+135.662,+137.476,+157.912,+261.915,+133.890,+73.756,+63.654,+84.940,+195.845,+114.226,+129.979,+125.496,+126.146,+152.445,+14.656,+16.006,+109.720,+122.293,+76.719,+98.992,+100.195,+95.196,+97.026,+95.155,+96.816,+95.402,+102.467,+101.498,+99.225,+103.485,+95.526,+104.489,+103.375,+98.291,+101.325,+102.121,+102.457,+104.293,+100.645
0,327,+200.456,+146.098,+147.913,+114.908,+114.385,+59.504,+144.590,+154.117,+49.285,+113.513,+126.485,+140.209,+98.548,+218.088,+57.206,+70.156,+124.814,+96.748,+87.061,+51.459,+102.496,+95.375,+102.412,+97.842,+104.919,+95.422,+96.264,+101.226,+95.606,+100.796,+103.556,+100.236,+97.044,+101.702,+102.192,+97.631,+96.827,+104.735,+95.077,+101.453
0,328,+76.062,+57.168,+119.408,+130.068,+155.293,+23.615,+16.240,+136.643,+115.467,+60.791,+23.080,+222.270,+86.442,+62.319,+103.386,+43.610,+101.699,+66.479,+75.204,+116.228,+96.005,+104.939,+96.128,+104.897,+99.231,+97.405,+100.907,+98.412,+104.447,+100.789,+99.116,+97.483,+100.869,+98.841,+95.581,+101.142,+102.579,+101.098,+102.019,+102.558
0,329,+103.667,+67.675,+214.800,+91.675,+25.255,+73.849,+242.960,+164.715,+18.280,+180.832,+48.006,+148.475,+84.531,+75.774,+208.887,+116.536,+29.408,+171.145,+165.000,+55.047,+100.479,+101.414,+101.571,+96.967,+96.208,+101.886,+102.340,+99.391,+101.562,+103.242,+104.321,+99.807,+95.708,+99.311,+97.168,+102.180,+98.106,+102.499,+101.540,+99.821
0,330,+23.752,+139.806,+32.023,+106.365,+189.269,+103.129,+85.613,+95.027,+107.833,+217.381,+163.647,+204.101,+70.128,+148.770,+64.154,+274.480,+148.630,+128.630,+114.877,+67.648,+101.545,+100.578,+100.613,+102.302,+102.713,+100.714,+95.148,+98.784,+104.058,+98.218,+102.611,+104.067,+97.195,+100.847,+104.286,+101.822,+102.479,+98.274,+95.222,+101.492
0,331,+112.488,+146.059,+68.621,+60.290,+86.074,+9.515,+17.855,+80.401,+82.115,+69.929,+88.160,+227.614,+126.859,+70.186,+199.427,+69.700,+165.677,+94.157,+124.440,+133.601,+102.095,+102.999,+95.057,+99.895,+100.731,+103.585,+99.925,+104.953,+97.999,+99.343,+96.107,+98.079,+95.939,+104.184,+97.438,+102.983,+95.094,+102.396,+103.567,+100.150
0,332,+90.376,+46.257,+135.249,+53.209,+115.550,+67.722,+124.022,+105.740,+100.235,+130.593,+251.004,+79.724,+72.504,+83.799,+164.726,+53.095,+81.021,+72.762,+97.022,+74.439,+103.265,+101.559,+98.428,+100.483,+95.068,+99.945,+103.826,+97.364,+103.176,+96.979,+101.474,+95.816,+99.309,+98.148,+102.011,+101.661,+104.163,+98.625,+103.596,+100.519
0,333,+150.331,+62.841,+127.757,+94.189,+144.531,+91.904,+86.260,+89.261,+48.419,+97.986,+123.475,+173.842,+27.118,+2.162,+67.166,+75.904,+50.664,+103.019,+3.640,+96.850,+101.116,+100.500,+98.169,+96.338,+97.050,+101.440,+97.195,+101.244,+100.557,+99.329,+103.176,+95.085,+98.902,+102.770,+103.400,+96.232,+97.270,+97.469,+102.282,+100.053
0,334,+135.770,+177.692,+30.660,+149.890,+34.913,+47.839,+117.960,+172.340,+175.150,+162.583,+53.133,+103.422,+112.869,+180.555,+112.881,+130.818,+33.063,+110.100,+163.941,+76.854,+99.342,+104.613,+104.882,+96.831,+100.606,+100.963,+96.001,+103.376,+98.970,+98.363,+103.368,+97.607,+95.889,+103.965,+97.161,+95.103,+101.877,+100.437,+101.721,+96.086
0,335,+42.998,+106.406,+102.906,+27.265,+175.572,+51.401,+165.918,+25.118,+122.214,+184.058,+54.649,+152.083,+63.713,+156.411,+221.322,+76.398,+39.355,+47.344,+71.528,+8.596,+104.045,+103.271,+104.972,+99.742,+99.567,+104.991,+102.579,+97.314,+101.059,+100.051,+103.357,+103.064,+95.127,+96.932,+98.870,+96.898,+95.736,+97.507,+97.865,+99.330
0,336,+95.945,+95.661,+92.345,+80.043,+26.390,+121.525,+21.554,+122.304,+120.654,+50.890,+120.294,+134.949,+92.020,+174.270,+74.773,+126.072,+179.156,+162.295,+101.717,+70.144,+99.373,+102.685,+97.747,+95.620,+101.204,+97.308,+103.128,+100.217,+103.955,+104.658,+103.829,+99.715,+97.739,+100.683,+102.314,+99.055,+96.270,+100.029,+98.087,+98.953
0,337,+93.755,+159.707,+101.712,+189.696,+200.582,+38.594,+100.590,+70.930,+268.053,+0.467,+65.811,+69.350,+148.395,+108.044,+28.050,+162.382,+28.307,+149.384,+137.598,+70.543,+104.528,+99.437,+97.010,+95.781,+97.770,+98.516,+101.535,+104.405,+100.702,+102.260,+104.753,+101.904,+103.240,+101.486,+100.185,+96.312,+100.516,+101.942,+96.543,+104.302
0,338,+177.244,+18.883,+78.973,+94.177,+180.055,+120.446,+99.941,+116.514,+116.222,+165.239,+152.595,+139.121,+117.134,+129.803,+104.020,+54.129,+57.044,+151.063,+50.928,+10.106,+101.972,+104.361,+101.471,+97.470,+100.793,+98.376,+104.883,+100.834,+99.763,+103.089,+101.034,+99.970,+95.396,+99.184,+96.860,+104.730,+102.916,+99.938,+102.943,+104.637
0,339,+232.094,+1.509,+103.923,+64.943,+86.551,+204.766,+152.226,+44.363,+148.675,+137.373,+75.575,+50.980,+83.568,+115.485,+94.478,+91.045,+146.927,+97.971,+62.120,+60.211,+100.373,+103.190,+104.207,+95.907,+97.417,+97.347,+96.547,+99.305,+98.089,+95.562,+98.788,+102.430,+104.206,+102.482,+100.519,+95.800,+95.050,+100.373,+97.889,+104.846
0,340,+145.883,+37.964,+27.636,+36.363,+104.061,+121.089,+73.131,+110.305,+39.142,+85.362,+275.056,+73.682,+107.744,+19.805,+77.218,+93.830,+51.056,+153.974,+89.510,+58.627,+98.936,+101.138,+95.181,+102.729,+101.000,+101.854,+101.765,+102.003,+101.541,+95.315,+99.167,+95.814,+97.110,+95.103,+95.112,+96.584,+103.638,+98.621,+104.238,+100.672
0,341,+148.722,+134.922,+33.711,+125.418,+69.965,+90.485,+112.616,+121.817,+174.672,+164.781,+149.523,+144.317,+27.708,+148.727,+97.362,+118.178,+118.117,+163.933,+202.868,+211.600,+95.518,+96.639,+103.848,+103.784,+102.293,+103.488,+102.679,+103.128,+102.003,+96.547,+101.841,+95.350,+102.783,+97.922,+102.985,+99.407,+102.319,+102.757,+104.590,+100.994
0,342,+193.603,+113.763,+78.353,+166.132,+140.273,+69.903,+117.100,+199.887,+8.155,+107.505,+59.712,+127.828,+78.462,+55.718,+132.937,+187.195,+190.971,+145.109,+56.342,+170.225,+97.352,+98.955,+100.188,+97.459,+100.089,+103.727,+96.233,+98.611,+100.050,+101.797,+98.878,+98.845,+95.924,+101.488,+98.505,+99.101,+98.452,+101.919,+96.049,+104.917
0,343,+90.267,+188.232,+199.236,+127.174,+179.129,+55.246,+19.708,+64.600,+146.654,+98.014,+116.279,+30.553,+108.506,+0.590,+55.889,+86.062,+181.005,+124.023,+98.716,+97.536,+96.708,+101.993,+102.836,+98.743,+101.434,+102.954,+104.632,+98.277,+103.972,+96.573,+95.484,+97.564,+102.070,+97.009,+100.336,+102.716,+95.938,+97.832,+99.356,+96.577
0,344,+69.842,+212.885,+121.761,+124.093,+84.058,+108.744,+204.569,+175.552,+70.822,+86.450,+39.661,+205.140,+96.127,+34.049,+21.655,+161.187,+103.961,+63.629,+121.431,+193.544,+101.026,+96.771,+96.046,+95.682,+102.841,+102.425,+95.199,+98.783,+104.112,+104.916,+97.632,+97.931,+96.569,+98.810,+101.462,+101.902,+99.007,+101.242,+100.342,+101.506
0,345,+62.085,+65.566,+52.158,+3.407,+120.692,+181.774,+171.930,+129.831,+88.181,+100.859,+65.800,+25.065,+51.627,+46.689,+91.668,+76.087,+60.590,+126.219,+35.524,+145.249,+98.042,+100.905,+96.381,+98.449,+99.469,+98.902,+98.050,+99.889,+95.516,+102.163,+104.452,+98.827,+95.527,+104.974,+97.477,+104.543,+99.966,+103.745,+104.564,+103.822
0,346,+75.919,+206.281,+70.695,+100.673,+134.365,+127.988,+185.342,+68.820,+213.804,+129.833,+90.100,+82.003,+129.430,+105.297,+161.061,+38.210,+142.854,+96.283,+160.976,+160.775,+103.885,+99.786,+100.497,+101.741,+101.899,+101.256,+95.039,+95.317,+95.909,+97.907,+100.887,+96.886,+102.515,+101.578,+100.003,+96.274,+102.843,+98.356,+97.451,+103.392
0,347,+119.635,+186.043,+143.402,+137.508,+167.648,+100.826,+18.035,+20.261,+45.855,+140.627,+49.763,+90.919,+50.761,+109.947,+161.006,+125.011,+89.777,+64.802,+34.185,+16.803,+102.915,+98.260,+96.316,+101.830,+97.932,+103.835,+104.483,+101.743,+103.767,+96.695,+97.936,+99.809,+100.382,+101.898,+95.921,+101.040,+101.134,+96.284,+96.560,+95.437
0,348,+106.493,+72.019,+86.222,+195.221,+187.979,+85.975,+242.819,+14.382,+89.770,+191.285,+88.030,+66.098,+112.427,+64.173,+65.938,+101.049,+113.618,+29.797,+24.804,+140.944,+103.265,+103.508,+100.118,+104.330,+96.286,+96.301,+99.243,+101.711,+96.235,+96.657,+101.902,+102.850,+101.794,+99.039,+100.281,+95.562,+96.178,+100.951,+104.010,+104.794
0,349,+186.234,+76.114,+151.710,+120.946,+87.273,+10.861,+183.743,+98.743,+64.723,+161.580,+74.858,+122.816,+105.678,+52.164,+207.744,+72.228,+99.039,+68.978,+116.452,+104.799,+95.539,+99.851,+96.487,+102.518,+103.589,+99.507,+97.696,+104.916,+95.365,+104.134,+100.778,+95.087,+103.648,+99.838,+96.301,+97.727,+98.253,+100.920,+103.508,+99.312
0,350,+76.769,+57.841,+114.072,+166.590,+73.092,+152.281,+74.656,+157.792,+47.295,+129.930,+155.867,+178.628,+66.215,+13.543,+49.701,+57.512,+61.479,+53.011,+174.688,+98.772,+102.745,+104.419,+99.577,+96.495,+96.050,+95.110,+102.792,+96.725,+104.804,+100.435,+97.042,+97.726,+96.407,+103.656,+99.285,+98.848,+99.566,+99.325,+102.628,+101.813
0,351,+66.293,+86.765,+147.971,+133.494,+75.347,+80.928,+78.250,+236.698,+130.179,+88.814,+173.879,+98.062,+152.662,+117.345,+113.007,+56.311,+69.736,+80.703,+67.378,+12.722,+103.893,+104.384,+97.492,+96.499,+102.239,+102.558,+100.068,+102.898,+103.936,+95.010,+96.926,+103.096,+100.648,+103.624,+97.592,+95.716,+104.173,+96.368,+102.415,+98.011
0,352,+165.352,+86.812,+97.653,+17.529,+67.001,+191.261,+135.695,+164.713,+80.290,+185.580,+245.139,+75.227,+65.217,+71.240,+185.937,+76.884,+209.915,+47.863,+41.165,+85.709,+104.185,+104.113,+102.912,+98.145,+101.484,+103.361,+101.662,+103.089,+104.230,+102.339,+96.581,+104.114,+103.480,+104.337,+101.784,+95.931,+96.555,+104.266,+103.292,+103.588
0,353,+131.023,+129.110,+76.365,+74.817,+147.168,+22.491,+87.867,+86.824,+131.356,+89.309,+104.493,+9.814,+40.624,+61.187,+85.930,+131.713,+90.865,+179.226,+159.670,+142.393,+98.014,+102.219,+101.027,+99.029,+100.221,+100.138,+103.271,+95.967,+95.828,+99.518,+98.859,+103.925,+99.394,+98.449,+97.758,+97.101,+98.927,+95.629,+101.173,+104.480
0,354,+272.793,+146.413,+88.392,+194.144,+111.264,+131.809,+241.757,+114.701,+212.000,+39.900,+166.735,+52.700,+110.471,+157.977,+50.591,+209.468,+132.114,+66.119,+163.422,+26.418,+97.326,+101.501,+98.264,+95.955,+95.023,+103.197,+99.546,+96.049,+98.353,+101.474,+99.392,+96.237,+104.393,+102.793,+102.674,+103.629,+101.502,+101.695,+103.646,+102.853
0,355,+43.111,+153.322,+165.964,+35.489,+151.000,+28.220,+26.455,+41.757,+121.645,+79.671,+223.352,+111.961,+146.982,+66.511,+135.629,+199.729,+86.211,+117.010,+195.560,+131.307,+100.138,+99.853,+103.264,+95.167,+100.373,+101.371,+99.804,+99.297,+102.074,+100.518,+98.298,+102.448,+102.323,+101.428,+104.784,+95.656,+99.143,+104.704,+103.624,+95.301
0,356,+107.972,+29.331,+130.212,+87.536,+53.805,+110.995,+95.801,+75.255,+231.697,+95.134,+66.543,+71.904,+22.164,+84.090,+59.086,+2.889,+33.972,+106.893,+131.777,+111.808,+104.326,+103.287,+98.744,+97.297,+104.164,+99.647,+98.661,+100.509,+95.824,+98.202,+103.001,+104.563,+100.945,+96.981,+98.245,+102.428,+97.228,+102.135,+102.171,+101.282
0,357,+64.751,+127.910,+167.591,+164.245,+116.247,+244.727,+29.508,+82.785,+123.409,+92.432,+168.554,+139.426,+43.093,+58.389,+38.275,+126.351,+16.620,+197.267,+61.740,+64.113,+102.279,+99.616,+97.131,+96.335,+99.772,+104.443,+96.564,+98.096,+99.124,+97.589,+96.185,+99.208,+104.509,+102.281,+104.846,+102.864,+100.563,+99.729,+100.674,+100.926
0,358,+153.460,+88.877,+196.133,+107.377,+159.207,+119.829,+143.881,+142.248,+99.122,+90.086,+178.175,+85.158,+112.455,+21.513,+64.760,+12.079,+118.749,+208.977,+65.523,+91.098,+96.677,+103.093,+104.562,+96.631,+99.976,+101.331,+102.596,+95.768,+102.426,+99.593,+101.565,+95.109,+103.264,+104.036,+99.872,+104.689,+101.342,+102.713,+103.589,+97.130
0,359,+121.710,+71.123,+152.023,+141.808,+27.657,+99.406,+61.882,+165.799,+116.053,+92.081,+61.989,+161.141,+16.283,+71.191,+52.372,+81.133,+95.581,+131.965,+252.680,+154.310,+99.969,+98.485,+96.513,+99.707,+97.111,+96.110,+95.021,+104.098,+99.458,+102.458,+97.288,+102.674,+100.192,+100.442,+102.767,+96.884,+95.732,+103.903,+100.757,+100.276
0,360,+128.906,+86.117,+129.506,+167.264,+160.124,+196.419,+155.890,+62.293,+99.060,+109.939,+140.563,+149.709,+101.032,+102.646,+86.169,+74.398,+113.113,+167.849,+179.904,+141.600,+99.339,+95.214,+95.850,+103.996,+97.308,+97.293,+98.141,+99.726,+101.995,+99.347,+97.764,+96.623,+99.620,+103.401,+95.132,+103.168,+95.813,+99.071,+100.431,+100.984
0,361,+135.648,+48.690,+34.997,+70.378,+99.247,+117.647,+95.919,+179.054,+74.513,+28.250,+54.788,+25.818,+11.291,+112.787,+56.058,+69.320,+43.148,+44.712,+176.295,+132.551,+104.832,+96.249,+101.389,+98.967,+97.163,+100.113,+96.941,+99.297,+102.525,+95.097,+100.107,+97.437,+96.221,+100.014,+102.372,+96.148,+102.443,+100.056,+102.967,+104.260
0,362,+121.755,+174.115,+76.434,+39.254,+146.115,+107.433,+127.015,+142.305,+109.929,+116.389,+77.541,+102.165,+206.133,+141.746,+198.386,+46.562,+126.262,+117.309,+165.293,+107.965,+98.310,+99.547,+101.022,+98.563,+104.282,+95.689,+96.974,+103.229,+98.357,+97.255,+99.417,+104.439,+103.260,+100.555,+98.003,+99.115,+98.643,+98.385,+95.635,+100.945
0,363,+124.568,+104.370,+125.100,+45.737,+170.759,+14.986,+205.278,+160.099,+58.275,+102.519,+73.591,+113.558,+105.153,+196.133,+165.495,+166.744,+44.092,+59.480,+143.954,+89.151,+97.368,+97.119,+98.934,+97.572,+96.566,+101.144,+101.857,+96.172,+95.190,+104.942,+95.173,+97.693,+103.812,+100.692,+104.267,+99.779,+99.094,+102.856,+96.841,+102.398
0,364,+74.732,+172.380,+130.980,+58.543,+82.953,+86.889,+100.710,+145.900,+124.761,+132.061,+82.789,+58.744,+104.755,+110.432,+128.126,+39.883,+211.810,+15.318,+146.694,+127.584,+101.971,+99.920,+101.608,+101.082,+97.118,+99.244,+95.137,+99.411,+101.189,+99.740,+103.724,+103.922,+103.310,+100.767,+101.779,+100.709,+97.377,+100.477,+103.447,+99.479
0,365,+212.117,+11.418,+109.956,+48.675,+75.088,+85.346,+159.579,+89.807,+117.972,+151.386,+125.295,+44.983,+254.450,+209.384,+70.097,+136.265,+132.353,+132.167,+99.773,+47.701,+99.590,+99.612,+95.362,+104.660,+102.967,+99.407,+98.452,+103.702,+102.586,+102.411,+103.719,+98.447,+98.367,+95.635,+104.387,+95.124,+104.235,+103.722,+95.917,+97.950
0,366,+73.048,+117.059,+86.440,+129.098,+25.910,+46.725,+110.508,+37.343,+148.439,+61.669,+138.023,+118.904,+114.166,+95.750,+113.129,+59.699,+36.641,+175.106,+31.725,+218.714,+101.881,+99.814,+95.662,+97.389,+97.052,+100.285,+96.873,+99.896,+101.749,+97.626,+103.147,+102.199,+103.643,+98.055,+98.828,+101.003,+102.749,+95.315,+96.720,+95.650
0,367,+104.555,+80.690,+182.021,+87.669,+60.994,+45.053,+177.228,+47.822,+171.450,+126.982,+45.252,+120.277,+131.463,+103.155,+77.374,+146.266,+131.421,+68.927,+125.235,+53.269,+95.467,+101.354,+102.912,+103.668,+95.494,+96.195,+97.054,+101.288,+100.207,+98.593,+95.432,+99.810,+96.627,+101.870,+96.674,+97.063,+95.116,+98.519,+102.992,+103.580
0,368,+51.951,+67.744,+38.740,+104.528,+172.952,+113.490,+160.184,+54.979,+190.776,+79.584,+83.071,+156.469,+52.239,+31.768,+84.197,+110.099,+211.513,+0.159,+149.874,+95.161,+96.257,+96.644,+99.148,+98.069,+104.887,+104.227,+95.455,+98.942,+96.701,+97.798,+96.989,+103.773,+99.983,+96.059,+96.673,+99.232,+103.540,+102.669,+104.827,+100.946
0,369,+31.051,+83.239,+96.253,+78.799,+166.922,+113.917,+60.992,+186.816,+175.257,+110.389,+56.807,+264.867,+114.758,+37.136,+134.608,+53.693,+9.592,+119.923,+85.492,+104.819,+103.916,+104.386,+100.750,+104.230,+95.032,+102.158,+96.734,+98.369,+97.305,+103.691,+97.513,+102.504,+103.008,+102.856,+103.513,+96.507,+102.225,+96.122,+99.889,+99.149
0,370,+75.091,+80.687,+125.689,+128.111,+54.458,+46.879,+105.304,+13.425,+128.841,+100.473,+100.122,+167.008,+148.069,+140.352,+130.994,+106.919,+166.068,+38.242,+231.763,+70.231,+101.237,+104.010,+98.445,+97.789,+100.192,+104.494,+104.947,+95.899,+96.831,+99.195,+97.157,+97.079,+96.748,+103.515,+99.899,+102.309,+103.876,+95.552,+98.841,+96.106
0,371,+222.087,+49.237,+52.005,+60.126,+53.992,+165.671,+109.160,+138.538,+132.048,+168.022,+135.643,+111.552,+57.842,+74.862,+156.991,+95.145,+153.336,+179.333,+151.014,+83.834,+102.457,+99.987,+97.116,+97.668,+101.020,+99.513,+98.120,+102.014,+95.419,+96.011,+99.192,+104.253,+100.403,+100.893,+98.973,+100.237,+103.608,+97.593,+102.797,+98.027
0,372,+172.988,+232.972,+39.168,+149.456,+77.181,+99.578,+150.341,+9.555,+42.107,+109.490,+116.697,+77.949,+191.354,+169.603,+152.503,+125.779,+134.984,+110.406,+154.253,+77.641,+102.356,+104.812,+99.770,+103.680,+104.458,+95.011,+98.828,+102.638,+99.098,+100.218,+104.400,+101.798,+99.553,+97.018,+100.910,+95.189,+102.747,+100.393,+98.285,+98.350
0,373,+170.285,+87.871,+114.368,+103.947,+129.620,+67.241,+68.539,+112.144,+90.972,+109.335,+72.810,+142.339,+119.238,+143.620,+190.343,+47.207,+125.175,+144.736,+19.619,+118.237,+99.179,+104.438,+102.141,+98.297,+95.179,+98.600,+100.462,+100.959,+104.041,+100.022,+103.053,+96.774,+101.921,+99.871,+98.042,+101.468,+97.225,+103.937,+101.103,+99.656
0,374,+215.313,+46.720,+172.774,+124.384,+123.654,+99.057,+111.422,+120.118,+152.734,+166.864,+27.144,+161.535,+134.529,+140.827,+27.798,+108.716,+104.287,+44.719,+164.305,+145.364,+95.715,+104.205,+97.734,+96.518,+98.796,+104.736,+104.077,+96.254,+98.368,+101.246,+98.035,+95.993,+96.955,+99.318,+96.126,+97.629,+99.959,+102.962,+98.671,+100.886
0,375,+98.614,+118.102,+17.229,+116.970,+50.175,+151.239,+118.836,+145.603,+68.475,+49.078,+41.744,+181.940,+53.486,+144.782,+64.176,+150.838,+70.134,+193.691,+81.095,+201.306,+100.280,+101.733,+100.917,+95.934,+101.916,+98.332,+95.680,+95.892,+102.035,+96.999,+95.389,+104.315,+95.713,+101.706,+99.824,+104.108,+96.811,+103.188,+95.982,+95.997
0,376,+289.364,+127.096,+161.583,+74.777,+94.550,+32.236,+76.681,+93.866,+25.621,+73.947,+7.061,+21.362,+132.691,+63.307,+127.880,+125.467,+41.383,+40.281,+133.234,+141.133,+99.223,+96.977,+99.982,+101.776,+101.156,+99.957,+104.209,+104.015,+98.987,+96.671,+95.339,+99.698,+101.616,+101.990,+96.319,+95.722,+95.183,+101.642,+104.160,+103.259
0,377,+81.164,+194.439,+144.647,+207.824,+118.260,+24.083,+72.684,+102.411,+33.488,+122.078,+71.518,+238.864,+130.676,+243.888,+94.918,+102.192,+148.429,+69.803,+192.924,+137.046,+99.362,+103.260,+101.870,+101.522,+104.817,+97.152,+98.900,+104.664,+103.134,+103.364,+95.067,+95.089,+98.519,+96.262,+97.104,+99.034,+95.974,+98.628,+104.516,+98.872
0,378,+186.806,+107.004,+146.269,+158.112,+206.146,+40.046,+157.312,+108.106,+116.039,+197.766,+43.685,+139.329,+136.428,+72.623,+71.856,+74.628,+94.469,+135.585,+149.555,+107.140,+103.046,+101.437,+100.350,+104.508,+101.001,+104.281,+97.822,+102.910,+102.625,+96.653,+102.289,+96.610,+96.346,+98.322,+96.306,+101.768,+103.048,+96.388,+101.300,+97.193
0,379,+133.353,+124.553,+43.423,+30.400,+77.371,+85.681,+1.169,+125.530,+123.460,+13.521,+86.007,+53.110,+112.414,+149.956,+154.489,+63.401,+69.108,+181.463,+188.080,+235.095,+101.718,+95.322,+100.353,+99.111,+103.645,+97.343,+98.227,+95.077,+98.705,+100.284,+98.207,+103.679,+103.553,+100.826,+96.940,+97.531,+95.461,+103.592,+96.487,+96.311
0,380,+135.148,+45.197,+86.795,+109.776,+138.772,+127.248,+44.554,+100.786,+30.395,+106.282,+90.348,+224.949,+67.869,+110.288,+24.253,+86.986,+87.804,+96.773,+138.531,+54.303,+97.742,+102.832,+97.417,+100.600,+97.960,+95.789,+103.831,+101.006,+95.073,+96.870,+104.506,+101.318,+101.616,+102.396,+103.731,+102.215,+95.275,+97.725,+96.771,+102.439
0,381,+103.373,+28.300,+86.903,+141.449,+85.899,+45.011,+29.486,+90.136,+172.397,+208.436,+119.410,+71.121,+156.233,+88.675,+163.884,+83.644,+77.697,+88.912,+56.700,+87.998,+101.002,+100.769,+104.354,+96.114,+98.206,+103.272,+97.494,+96.755,+103.363,+97.504,+97.898,+96.272,+96.752,+98.080,+104.460,+101.800,+96.873,+101.076,+99.383,+103.767
0,382,+30.990,+139.397,+13.479,+150.884,+130.562,+190.606,+211.737,+130.552,+81.043,+148.867,+31.825,+76.345,+72.260,+132.886,+46.608,+91.895,+78.377,+73.216,+130.097,+96.674,+95.435,+95.291,+95.563,+104.923,+96.714,+98.599,+99.976,+95.426,+101.973,+96.421,+95.817,+99.701,+102.158,+104.389,+99.161,+98.494,+100.909,+99.339,+97.423,+101.384
0,383,+38.825,+130.175,+89.721,+134.160,+136.914,+139.556,+132.838,+119.834,+172.796,+75.103,+141.901,+205.362,+175.252,+150.001,+115.094,+231.154,+54.687,+118.874,+102.431,+119.957,+97.907,+95.595,+96.139,+97.186,+95.902,+104.966,+101.693,+96.225,+99.803,+95.279,+97.968,+96.073,+95.989,+96.167,+99.525,+95.419,+99.623,+101.938,+101.395,+96.200
0,384,+117.134,+40.394,+122.894,+124.101,+106.797,+14.973,+79.919,+165.812,+141.465,+126.181,+167.449,+77.519,+159.693,+107.346,+134.533,+61.024,+247.497,+24.652,+71.781,+185.250,+102.398,+104.520,+95.193,+104.996,+95.723,+100.715,+102.023,+104.786,+96.792,+101.424,+98.915,+101.831,+95.085,+97.073,+101.885,+98.019,+102.779,+96.551,+97.208,+97.983
0,385,+61.135,+89.202,+28.745,+97.946,+121.737,+46.375,+197.666,+137.278,+123.542,+75.711,+142.879,+139.245,+147.340,+118.398,+103.881,+4.267,+107.321,+117.698,+148.723,+129.690,+97.433,+99.021,+99.634,+97.609,+99.662,+101.288,+97.182,+104.109,+99.299,+96.891,+100.395,+98.925,+97.582,+98.770,+95.728,+101.988,+102.537,+96.446,+101.592,+97.880
0,386,+55.381,+173.630,+61.470,+108.005,+252.016,+35.656,+100.444,+115.031,+41.317,+100.048,+211.692,+81.593,+44.033,+117.392,+135.014,+119.056,+16.239,+128.891,+29.089,+38.755,+100.481,+98.869,+100.584,+95.004,+99.543,+100.613,+97.155,+100.603,+101.086,+98.043,+102.805,+95.426,+100.846,+103.792,+96.891,+104.418,+98.826,+100.966,+102.016,+100.089
0,387,+37.785,+103.304,+45.275,+53.087,+60.736,+2.427,+114.016,+153.482,+182.141,+52.574,+28.817,+72.336,+106.543,+79.024,+132.575,+70.254,+59.561,+79.330,+115.127,+62.041,+95.338,+101.800,+103.870,+99.107,+103.059,+96.059,+101.022,+99.298,+100.359,+99.040,+98.335,+102.117,+100.814,+95.900,+97.982,+101.925,+103.274,+95.654,+102.484,+104.348
0,388,+140.941,+143.761,+92.286,+134.683,+114.298,+11.814,+89.200,+145.743,+100.876,+163.920,+116.249,+166.962,+153.484,+118.673,+204.181,+63.872,+142.550,+89.823,+90.600,+102.218,+100.913,+103.839,+104.756,+98.961,+103.053,+102.126,+104.451,+95.264,+103.174,+100.272,+95.229,+101.463,+100.309,+99.585,+103.169,+100.672,+100.910,+102.104,+102.513,+98.955
0,389,+167.551,+194.717,+80.704,+126.483,+30.958,+57.181,+84.893,+46.569,+61.526,+83.346,+62.841,+59.567,+78.658,+25.830,+60.603,+84.372,+59.105,+144.011,+10.650,+82.850,+100.754,+104.515,+100.555,+97.810,+99.146,+101.829,+101.812,+103.935,+101.955,+104.732,+98.425,+100.414,+99.012,+101.587,+102.423,+102.776,+98.256,+100.993,+97.707,+96.980
0,390,+82.317,+56.485,+162.489,+125.731,+71.099,+105.574,+164.344,+73.810,+128.519,+131.467,+134.508,+110.020,+240.936,+79.781,+130.041,+139.005,+51.309,+139.495,+19.716,+122.549,+102.249,+104.880,+103.540,+98.305,+104.245,+98.823,+101.202,+96.265,+97.872,+103.038,+100.231,+96.942,+97.627,+102.272,+104.130,+104.691,+103.643,+101.019,+98.877,+103.240
0,391,+89.902,+154.068,+67.610,+130.682,+151.372,+55.487,+144.676,+147.657,+133.929,+91.655,+84.390,+173.906,+91.261,+61.972,+79.850,+196.996,+114.568,+4.984,+83.171,+25.588,+98.757,+102.730,+98.706,+103.117,+96.661,+104.271,+97.312,+99.020,+97.294,+102.497,+104.250,+102.930,+102.093,+101.738,+100.261,+102.207,+103.030,+96.716,+95.281,+100.233
0,392,+49.497,+177.678,+123.713,+50.617,+126.102,+121.939,+53.728,+92.733,+160.489,+100.773,+55.513,+100.435,+36.276,+99.928,+130.854,+13.482,+176.685,+70.251,+167.322,+54.833,+104.075,+100.106,+101.103,+97.731,+95.145,+95.383,+99.673,+98.307,+98.786,+95.879,+98.436,+96.984,+103.646,+100.532,+98.837,+99.456,+102.082,+96.385,+97.106,+99.545
0,393,+100.948,+196.129,+4.438,+133.908,+100.961,+42.556,+76.761,+78.065,+146.312,+161.082,+55.299,+135.037,+131.039,+138.417,+157.063,+58.501,+140.268,+149.187,+133.526,+100.640,+95.029,+103.790,+97.759,+101.272,+95.288,+96.899,+98.390,+99.908,+101.491,+98.369,+95.424,+95.407,+98.778,+103.775,+98.391,+99.213,+99.147,+96.906,+100.360,+95.822
0,394,+109.806,+122.757,+148.060,+104.374,+193.372,+86.903,+98.917,+86.671,+52.926,+162.465,+86.078,+120.446,+50.926,+43.624,+86.823,+146.983,+101.106,+154.598,+257.739,+82.532,+103.086,+96.131,+101.137,+98.903,+95.198,+97.118,+102.318,+101.924,+102.048,+100.163,+95.610,+103.570,+99.429,+97.929,+100.575,+95.017,+99.237,+98.576,+100.395,+98.920
0,395,+98.381,+90.216,+20.927,+40.457,+70.012,+101.959,+46.529,+126.741,+186.826,+154.208,+154.786,+59.016,+164.371,+110.174,+86.246,+110.961,+148.719,+83.222,+81.970,+72.834,+96.172,+96.605,+102.437,+101.234,+101.553,+102.904,+99.067,+95.903,+96.611,+102.096,+100.475,+98.952,+99.588,+100.287,+100.561,+97.736,+96.848,+103.143,+102.819,+102.280
0,396,+74.812,+65.434,+95.675,+203.994,+164.160,+5.248,+98.760,+46.251,+135.502,+36.568,+153.310,+183.209,+78.771,+77.652,+130.666,+59.087,+102.748,+85.549,+98.629,+82.019,+100.960,+102.637,+95.325,+96.044,+102.813,+96.779,+96.411,+95.449,+103.085,+101.489,+97.658,+103.762,+100.977,+101.816,+104.777,+103.890,+99.465,+101.005,+96.705,+95.170
0,397,+98.303,+126.209,+22.783,+114.851,+161.749,+178.571,+190.404,+119.745,+95.357,+199.875,+84.248,+88.059,+68.326,+89.043,+72.974,+130.925,+28.174,+137.946,+117.926,+168.522,+104.814,+97.846,+102.000,+103.652,+100.943,+96.045,+98.620,+96.390,+95.795,+103.212,+103.400,+96.964,+95.478,+97.296,+96.737,+104.518,+96.564,+101.287,+96.040,+100.008
0,398,+164.521,+79.539,+23.936,+23.115,+60.759,+106.521,+83.881,+111.409,+96.867,+150.891,+33.448,+124.018,+153.069,+116.661,+40.677,+140.818,+45.340,+138.779,+132.158,+104.419,+103.838,+98.927,+96.327,+98.108,+97.125,+100.772,+97.919,+101.551,+95.119,+95.597,+95.475,+100.105,+103.857,+99.963,+104.382,+100.061,+95.725,+102.632,+104.016,+96.204
0,399,+163.830,+56.433,+160.698,+110.352,+187.281,+36.142,+46.311,+120.998,+5.928,+121.801,+156.349,+177.116,+94.103,+79.407,+135.500,+64.844,+157.944,+93.000,+77.474,+111.266,+98.689,+95.210,+95.328,+96.242,+97.277,+102.247,+100.032,+95.418,+103.681,+95.909,+96.267,+96.658,+98.094,+97.002,+98.199,+98.551,+101.043,+96.708,+96.412,+101.736
0,400,+142.007,+29.903,+125.802,+85.917,+85.754,+153.542,+100.701,+137.903,+123.273,+38.397,+44.011,+13.340,+40.012,+92.607,+68.638,+113.616,+43.420,+97.445,+31.621,+232.122,+96.202,+104.630,+102.662,+100.810,+100.252,+100.589,+95.984,+98.005,+97.014,+95.571,+103.827,+98.477,+95.659,+102.838,+101.193,+96.715,+96.669,+101.315,+103.538,+103.348
0,401,+164.801,+122.794,+95.089,+50.817,+44.079,+40.941,+49.099,+126.117,+133.029,+145.199,+135.046,+156.355,+156.066,+193.256,+12.738,+165.139,+143.108,+129.208,+54.086,+163.624,+98.279,+95.536,+98.489,+97.546,+96.241,+99.795,+104.800,+104.652,+99.746,+95.251,+102.936,+101.764,+100.347,+100.651,+100.780,+97.176,+100.586,+98.089,+95.816,+101.652
0,402,+97.536,+77.697,+44.211,+190.410,+41.046,+81.992,+12.252,+139.704,+129.653,+133.645,+56.588,+88.588,+149.125,+175.616,+101.321,+15.778,+102.018,+109.165,+212.804,+52.184,+96.978,+101.999,+100.817,+101.453,+95.100,+102.542,+102.931,+99.615,+96.031,+95.077,+95.637,+98.225,+98.282,+101.732,+104.203,+95.627,+103.788,+96.545,+103.370,+95.932
0,403,+121.271,+94.723,+88.895,+223.313,+95.971,+60.176,+52.718,+147.513,+17.464,+7.949,+86.131,+89.926,+18.333,+98.598,+83.930,+95.153,+38.492,+117.162,+116.105,+36.940,+101.219,+102.591,+104.551,+99.459,+102.632,+102.021,+101.032,+99.861,+101.633,+103.160,+102.199,+100.364,+95.892,+103.295,+100.546,+98.519,+101.807,+95.525,+101.375,+100.131
0,404,+88.385,+90.830,+139.849,+132.434,+67.023,+139.749,+32.576,+121.007,+58.037,+91.166,+46.022,+82.409,+14.164,+97.381,+100.915,+135.777,+61.622,+166.775,+109.007,+131.394,+95.916,+97.259,+96.782,+97.786,+96.321,+96.831,+104.538,+96.304,+104.095,+101.882,+98.856,+102.645,+103.234,+101.549,+101.782,+99.461,+104.583,+102.915,+102.208,+104.627
0,405,+118.198,+169.832,+47.006,+88.413,+99.022,+78.944,+214.444,+186.592,+72.922,+105.466,+56.258,+205.044,+169.623,+58.377,+38.104,+138.063,+124.570,+0.426,+98.450,+28.928,+97.759,+99.972,+95.460,+97.815,+101.686,+99.115,+100.924,+98.943,+104.867,+104.568,+103.518,+95.600,+95.321,+97.609,+103.404,+104.341,+97.479,+100.792,+100.735,+96.262
0,406,+57.959,+203.847,+149.960,+163.553,+36.924,+101.541,+70.846,+73.677,+128.393,+128.537,+182.054,+133.430,+109.800,+88.939,+53.672,+180.736,+101.416,+70.095,+87.676,+190.831,+99.605,+101.944,+97.567,+102.172,+95.480,+101.137,+95.860,+95.820,+101.533,+102.293,+97.189,+102.544,+96.080,+100.079,+98.250,+100.436,+98.750,+98.554,+97.890,+99.415
0,407,+160.845,+164.253,+132.137,+198.702,+32.068,+50.424,+55.147,+33.885,+11.574,+162.202,+57.672,+136.695,+99.594,+94.115,+138.508,+44.948,+121.025,+128.818,+3.006,+96.062,+102.745,+102.874,+95.351,+99.917,+98.145,+100.103,+101.733,+97.379,+98.629,+95.549,+100.630,+102.922,+104.350,+100.383,+101.234,+103.902,+102.531,+97.698,+96.132,+104.691
0,408,+179.969,+93.551,+24.947,+87.666,+70.264,+128.459,+49.799,+148.807,+80.112,+72.710,+113.212,+35.200,+114.048,+274.609,+85.198,+43.483,+111.348,+209.820,+29.494,+27.357,+100.945,+103.559,+95.691,+96.964,+99.569,+99.973,+100.913,+99.849,+103.951,+103.015,+103.617,+99.635,+102.515,+102.660,+100.810,+98.203,+96.148,+99.475,+98.380,+95.124
0,409,+13.612,+182.145,+113.565,+78.911,+114.196,+150.147,+32.729,+123.486,+132.197,+121.326,+64.803,+115.131,+68.227,+168.268,+19.593,+30.337,+42.725,+62.601,+158.770,+33.215,+102.728,+99.471,+97.182,+100.238,+99.784,+95.307,+103.094,+96.255,+99.701,+103.835,+98.816,+95.831,+103.747,+98.086,+101.788,+101.468,+98.801,+102.434,+104.078,+97.134
0,410,+127.052,+48.464,+135.734,+78.817,+164.406,+196.318,+84.488,+37.651,+59.096,+114.666,+217.255,+159.546,+34.314,+225.710,+102.641,+88.698,+34.243,+90.130,+98.012,+3.508,+100.761,+97.511,+104.434,+103.723,+103.273,+102.663,+102.024,+96.927,+102.727,+99.061,+104.864,+100.818,+99.792,+102.445,+103.209,+98.087,+103.971,+100.022,+104.081,+103.712
0,411,+75.654,+152.927,+187.445,+99.903,+68.884,+88.553,+177.241,+18.788,+12.660,+125.595,+38.636,+154.006,+167.512,+184.006,+41.169,+76.037,+76.171,+105.651,+62.312,+172.066,+104.099,+103.352,+103.398,+104.146,+95.932,+99.215,+96.916,+97.428,+96.873,+97.607,+102.373,+98.765,+96.418,+102.483,+96.533,+97.026,+104.454,+103.987,+100.324,+97.061
0,412,+77.119,+51.913,+130.569,+237.626,+14.733,+180.848,+89.808,+121.413,+133.317,+160.097,+40.920,+281.387,+27.063,+151.835,+102.736,+192.807,+118.262,+104.528,+96.741,+142.174,+102.086,+96.888,+96.024,+103.927,+98.943,+104.146,+100.483,+99.241,+97.035,+96.958,+97.224,+100.816,+95.569,+97.901,+100.231,+98.748,+97.952,+96.276,+103.734,+98.667
0,413,+201.024,+161.019,+72.283,+49.801,+122.187,+137.819,+107.449,+87.704,+123.720,+71.045,+165.175,+175.560,+128.445,+118.398,+53.608,+187.420,+19.441,+91.155,+158.374,+219.563,+101.883,+102.882,+104.529,+98.292,+102.416,+95.459,+103.671,+103.024,+99.174,+103.548,+99.001,+99.669,+100.079,+98.008,+99.968,+103.426,+97.035,+104.024,+99.367,+102.692
0,414,+193.546,+108.565,+51.961,+155.643,+46.764,+9.190,+60.788,+95.705,+74.561,+79.809,+115.284,+129.005,+83.126,+124.590,+24.303,+25.802,+95.787,+132.979,+94.833,+83.519,+100.288,+99.258,+100.218,+96.935,+104.643,+98.980,+103.270,+100.999,+99.946,+101.357,+95.214,+102.152,+102.093,+99.576,+99.707,+104.469,+98.211,+97.074,+104.516,+101.930
0,415,+52.791,+104.375,+11.694,+35.972,+77.130,+117.308,+143.821,+115.584,+131.794,+167.153,+90.885,+74.473,+119.580,+150.950,+65.668,+107.897,+144.573,+166.342,+78.230,+133.742,+103.632,+95.009,+104.625,+104.675,+104.223,+104.612,+100.562,+103.781,+104.425,+95.678,+102.151,+95.874,+103.634,+102.772,+102.001,+104.195,+102.634,+100.603,+96.615,+96.690
0,416,+81.694,+32.143,+95.787,+93.560,+63.889,+217.689,+140.904,+83.849,+76.997,+54.266,+59.057,+58.314,+88.186,+74.508,+37.447,+122.641,+132.806,+79.038,+138.301,+111.291,+104.879,+100.763,+103.127,+95.804,+98.774,+98.663,+98.653,+100.112,+102.094,+95.439,+102.852,+100.325,+96.266,+96.830,+97.124,+102.608,+100.990,+95.500,+104.638,+97.395
0,417,+91.940,+168.318,+61.641,+14.684,+157.780,+22.698,+14.600,+126.453,+178.010,+79.950,+106.079,+125.301,+8.545,+84.528,+22.203,+132.356,+80.651,+162.298,+167.041,+107.903,+103.563,+104.283,+101.879,+103.551,+103.654,+96.324,+104.545,+100.215,+104.850,+97.289,+100.917,+97.921,+103.157,+98.106,+101.959,+101.037,+104.720,+98.038,+96.908,+102.553
0,418,+93.178,+130.068,+89.610,+86.509,+66.000,+117.838,+131.370,+89.564,+179.157,+82.322,+35.585,+177.925,+125.428,+135.495,+157.891,+119.530,+63.426,+152.645,+76.251,+221.236,+97.513,+102.655,+100.141,+102.371,+100.495,+99.211,+100.325,+95.471,+104.910,+100.764,+101.540,+96.221,+104.425,+95.380,+96.705,+100.346,+104.634,+101.432,+95.024,+95.355
0,419,+159.406,+117.113,+133.875,+121.983,+12.855,+95.853,+64.182,+22.194,+128.273,+235.752,+31.059,+10.072,+111.911,+207.541,+143.807,+131.813,+96.497,+128.165,+36.472,+135.880,+97.219,+97.170,+100.653,+96.628,+96.395,+100.120,+98.759,+100.031,+96.852,+95.294,+96.148,+103.704,+96.782,+98.161,+97.627,+100.928,+99.759,+99.709,+102.462,+98.907
0,420,+92.558,+71.426,+128.523,+188.717,+144.144,+110.675,+157.185,+192.315,+137.282,+65.631,+61.435,+118.597,+153.575,+50.415,+69.232,+135.631,+199.159,+45.119,+136.056,+126.711,+95.876,+103.153,+102.981,+95.109,+103.911,+97.360,+100.395,+104.844,+97.382,+103.833,+99.607,+101.893,+103.084,+95.723,+95.215,+101.519,+97.951,+97.657,+96.533,+102.792
0,421,+70.272,+79.785,+141.582,+158.627,+138.989,+146.652,+225.362,+136.911,+159.254,+128.945,+88.773,+110.918,+87.837,+42.538,+169.879,+171.569,+220.817,+67.333,+90.779,+118.060,+102.809,+97.176,+97.922,+96.039,+98.956,+100.866,+97.854,+98.284,+95.903,+96.306,+104.999,+97.732,+98.116,+104.689,+99.140,+101.491,+101.465,+95.954,+100.205,+95.112
0,422,+71.282,+39.405,+102.401,+143.920,+149.053,+104.971,+143.561,+127.112,+57.636,+41.575,+15.879,+120.908,+171.535,+169.040,+9.211,+115.245,+256.524,+61.815,+25.039,+109.690,+104.582,+99.420,+98.611,+101.841,+101.500,+96.874,+99.475,+97.867,+101.066,+102.477,+96.241,+95.803,+99.534,+100.905,+97.523,+100.036,+95.902,+96.011,+103.472,+100.177
0,423,+130.340,+210.578,+117.781,+125.237,+115.338,+161.025,+81.299,+3.519,+103.803,+192.065,+83.895,+89.320,+102.551,+65.613,+162.942,+143.591,+169.543,+68.762,+17.018,+93.268,+101.258,+95.353,+99.354,+97.251,+96.842,+99.036,+104.200,+103.569,+99.638,+101.844,+104.054,+100.512,+102.513,+104.203,+101.820,+97.823,+104.852,+99.659,+97.930,+101.744
0,424,+159.457,+108.683,+109.611,+71.268,+67.148,+25.358,+127.166,+103.371,+137.707,+170.903,+81.107,+124.992,+95.473,+90.661,+149.907,+106.647,+111.894,+76.590,+104.211,+84.020,+95.078,+102.534,+99.378,+96.878,+100.610,+100.009,+99.420,+102.264,+99.854,+99.158,+96.980,+98.876,+104.427,+102.734,+98.455,+103.667,+100.293,+100.832,+100.273,+99.138
0,425,+75.491,+89.026,+106.765,+138.077,+91.545,+140.035,+204.614,+63.037,+126.385,+42.192,+96.908,+51.057,+88.984,+31.722,+155.897,+105.531,+39.933,+116.101,+163.294,+126.980,+95.983,+101.847,+103.945,+100.061,+103.766,+99.215,+99.112,+102.883,+100.465,+101.760,+101.897,+99.264,+98.627,+98.845,+102.842,+99.004,+103.741,+99.188,+98.171,+98.814
0,426,+51.281,+84.709,+55.161,+61.180,+128.376,+167.713,+65.628,+68.016,+39.083,+152.984,+122.146,+182.892,+163.629,+79.683,+75.516,+58.180,+59.627,+188.454,+130.772,+75.195,+101.017,+99.811,+104.145,+96.316,+99.593,+103.396,+96.886,+97.276,+98.709,+102.033,+100.673,+104.611,+99.940,+95.576,+104.510,+97.829,+101.123,+95.587,+98.906,+100.840
0,427,+44.627,+155.956,+114.072,+127.091,+34.193,+70.819,+50.201,+152.854,+124.302,+66.489,+70.299,+96.211,+35.723,+56.416,+54.215,+172.148,+82.806,+208.098,+84.242,+84.503,+100.534,+103.071,+100.174,+104.013,+101.778,+95.417,+96.021,+103.632,+97.471,+97.698,+96.344,+103.723,+101.317,+101.786,+102.305,+104.625,+102.995,+99.309,+102.991,+100.697
0,428,+157.051,+152.725,+75.900,+126.057,+5.190,+127.979,+87.273,+124.287,+144.527,+222.212,+151.567,+202.754,+27.869,+14.402,+116.759,+169.107,+154.644,+167.393,+211.877,+126.297,+96.212,+98.741,+102.361,+100.602,+97.583,+97.452,+97.225,+104.501,+101.791,+104.434,+100.164,+100.721,+99.646,+99.782,+101.449,+98.511,+98.835,+97.934,+103.447,+102.662
0,429,+79.272,+139.783,+122.974,+140.169,+104.336,+138.490,+100.144,+116.813,+112.701,+75.110,+139.026,+45.930,+124.154,+83.034,+53.706,+117.602,+168.982,+119.691,+146.278,+99.980,+104.318,+102.420,+104.941,+102.613,+96.232,+104.452,+96.862,+99.246,+99.036,+100.642,+98.474,+98.497,+98.231,+95.660,+104.473,+95.296,+102.635,+100.102,+102.467,+102.216
0,430,+77.449,+2.139,+117.588,+113.367,+9.223,+217.710,+98.447,+151.219,+158.271,+38.260,+141.755,+101.730,+99.556,+133.237,+94.514,+119.862,+98.181,+97.054,+56.389,+87.116,+102.522,+104.266,+99.638,+96.191,+101.010,+101.173,+103.012,+104.308,+99.348,+102.870,+96.116,+98.351,+101.493,+98.484,+102.030,+97.910,+100.834,+99.370,+103.705,+96.851
0,431,+66.696,+74.083,+189.900,+165.748,+201.902,+16.350,+75.346,+46.539,+134.595,+134.646,+88.463,+94.547,+96.319,+38.089,+142.277,+160.178,+109.411,+232.414,+16.569,+52.884,+101.719,+95.433,+101.835,+101.380,+101.240,+100.815,+99.394,+104.003,+99.192,+102.730,+101.405,+100.632,+96.366,+102.934,+101.839,+99.547,+99.359,+102.020,+98.646,+104.176
0,432,+104.409,+81.986,+45.375,+112.197,+0.574,+170.495,+119.481,+91.966,+23.535,+66.171,+115.841,+140.640,+165.763,+157.902,+61.411,+203.872,+66.804,+92.364,+83.317,+116.808,+95.230,+100.798,+103.227,+102.441,+95.423,+100.056,+103.532,+101.209,+95.690,+99.090,+95.068,+102.034,+100.443,+101.919,+96.865,+103.661,+104.025,+100.255,+102.421,+100.519
0,433,+91.796,+184.983,+26.655,+105.752,+129.914,+189.133,+153.607,+4.787,+202.434,+105.656,+163.063,+72.117,+47.395,+228.339,+212.832,+267.329,+120.312,+152.885,+100.002,+243.071,+100.652,+100.331,+96.868,+103.791,+95.300,+101.218,+96.250,+98.723,+95.645,+104.363,+99.194,+95.753,+100.269,+95.609,+104.942,+98.710,+100.984,+102.172,+101.191,+98.920
0,434,+117.561,+51.647,+96.611,+124.511,+118.903,+72.320,+140.290,+161.752,+66.863,+156.521,+91.594,+74.455,+93.996,+130.014,+114.788,+97.080,+69.333,+135.965,+144.182,+208.257,+101.067,+98.711,+102.958,+95.745,+99.910,+100.473,+98.404,+101.476,+98.965,+96.146,+98.738,+96.877,+101.243,+101.322,+96.774,+99.071,+96.497,+99.858,+96.648,+97.909
0,435,+92.279,+66.169,+141.911,+54.228,+38.382,+165.442,+125.993,+140.024,+161.739,+107.921,+111.694,+57.935,+8.110,+29.480,+95.779,+77.802,+166.532,+113.254,+108.598,+154.478,+104.413,+99.575,+95.061,+102.817,+101.355,+96.489,+104.339,+98.778,+104.739,+97.207,+104.100,+104.515,+98.359,+99.581,+97.583,+100.581,+101.010,+99.113,+96.983,+102.153
0,436,+64.203,+70.993,+119.360,+149.150,+23.463,+149.915,+74.684,+63.529,+38.726,+43.834,+116.856,+181.514,+170.552,+62.271,+100.042,+121.664,+211.260,+58.886,+81.276,+142.849,+96.455,+101.239,+100.275,+103.451,+104.460,+99.036,+96.468,+100.345,+104.144,+100.853,+102.992,+103.518,+99.435,+96.387,+104.085,+103.842,+95.243,+97.391,+103.480,+99.805
0,437,+127.923,+23.923,+191.437,+49.552,+49.443,+137.202,+127.670,+85.405,+73.998,+87.832,+103.666,+121.121,+131.079,+138.900,+75.767,+132.703,+32.265,+1.171,+65.107,+37.270,+101.345,+100.321,+95.793,+101.145,+101.704,+98.433,+100.974,+96.239,+101.950,+103.522,+95.632,+100.238,+104.654,+96.384,+97.141,+95.238,+99.962,+104.471,+95.179,+97.436
0,438,+178.077,+180.417,+84.695,+0.887,+107.255,+77.490,+117.687,+168.410,+51.732,+131.243,+111.427,+117.044,+182.645,+128.904,+134.614,+81.740,+198.147,+12.493,+176.561,+190.825,+99.517,+101.986,+103.800,+103.631,+101.980,+100.350,+100.840,+104.993,+97.693,+96.436,+98.735,+96.318,+104.388,+102.133,+101.741,+104.461,+104.823,+103.522,+96.628,+101.050
0,439,+169.680,+104.867,+17.452,+116.607,+26.209,+101.893,+94.157,+63.755,+107.470,+52.668,+9.548,+79.093,+136.591,+143.185,+90.246,+152.079,+98.234,+90.241,+97.476,+87.798,+96.097,+102.087,+97.672,+102.075,+101.414,+98.924,+104.478,+99.754,+98.264,+100.694,+100.356,+97.741,+96.130,+102.154,+99.654,+96.363,+99.072,+96.540,+103.239,+104.705
0,440,+148.211,+142.569,+34.034,+81.700,+14.468,+78.368,+26.375,+111.812,+78.322,+144.418,+125.974,+58.779,+142.532,+39.175,+112.227,+112.235,+159.286,+116.987,+15.699,+127.943,+96.694,+101.256,+98.441,+96.647,+101.506,+104.695,+98.143,+99.668,+100.574,+103.532,+95.478,+97.828,+96.682,+99.340,+96.160,+104.245,+99.476,+98.498,+99.716,+101.517
0,441,+49.576,+60.026,+157.197,+88.417,+157.866,+115.166,+57.705,+107.790,+69.165,+115.590,+107.997,+99.535,+115.353,+1.470,+157.779,+157.034,+29.966,+47.770,+99.538,+16.535,+103.784,+104.587,+103.641,+100.785,+104.118,+103.617,+104.164,+104.566,+104.085,+100.224,+101.273,+102.422,+103.349,+101.980,+95.838,+101.411,+104.281,+103.147,+99.927,+95.118
0,442,+27.644,+163.230,+175.574,+106.891,+103.223,+145.314,+89.690,+169.289,+127.664,+109.416,+108.481,+156.568,+1.127,+84.698,+48.811,+143.719,+154.445,+65.832,+138.246,+33.098,+102.342,+102.419,+104.578,+96.597,+95.518,+96.354,+100.217,+101.768,+102.707,+100.752,+100.612,+99.992,+97.110,+97.675,+96.657,+95.017,+104.754,+98.066,+97.046,+103.275
0,443,+205.929,+95.371,+86.317,+84.795,+119.615,+9.718,+114.808,+60.951,+143.376,+45.614,+160.004,+106.179,+58.056,+71.367,+86.587,+84.385,+202.146,+207.920,+52.818,+80.810,+95.106,+104.411,+103.702,+103.829,+104.554,+104.417,+101.483,+99.385,+96.696,+98.763,+101.276,+97.144,+98.085,+102.332,+95.071,+99.305,+98.302,+100.845,+103.673,+100.997
0,444,+71.800,+64.444,+95.484,+82.898,+100.217,+144.660,+126.078,+100.058,+68.307,+116.143,+150.683,+106.449,+106.026,+182.637,+121.735,+62.059,+148.298,+90.763,+114.323,+97.122,+95.081,+102.169,+104.047,+95.101,+101.215,+97.793,+96.569,+97.177,+99.459,+100.656,+97.327,+97.018,+98.454,+99.356,+101.446,+97.636,+95.513,+100.971,+98.372,+96.082
0,445,+163.369,+64.419,+113.100,+159.216,+107.536,+181.794,+193.592,+110.973,+160.916,+113.523,+142.112,+14.211,+75.941,+110.272,+24.169,+187.771,+197.496,+83.846,+145.213,+198.189,+100.868,+96.747,+98.300,+98.187,+100.355,+104.833,+100.356,+104.021,+104.092,+95.736,+97.828,+103.660,+102.135,+95.081,+96.864,+98.244,+96.989,+102.790,+104.394,+101.282
0,446,+106.882,+88.361,+46.656,+72.422,+95.037,+112.143,+167.445,+95.422,+176.390,+91.757,+103.522,+105.206,+70.724,+88.792,+126.317,+171.178,+28.580,+51.005,+119.603,+104.002,+98.882,+100.484,+97.255,+101.578,+97.568,+103.125,+100.577,+99.237,+104.888,+96.683,+104.511,+99.342,+100.649,+98.502,+104.662,+100.442,+101.618,+98.474,+96.359,+104.303
0,447,+87.707,+62.217,+69.842,+147.651,+75.608,+67.954,+25.596,+112.625,+27.653,+142.296,+223.702,+102.692,+106.674,+173.553,+87.965,+35.480,+123.257,+97.230,+60.469,+163.128,+99.724,+101.478,+103.990,+95.540,+102.052,+101.916,+99.177,+104.116,+103.703,+99.585,+98.542,+99.266,+96.422,+99.449,+102.942,+101.727,+98.862,+96.596,+95.259,+98.576
0,448,+103.381,+113.093,+7.602,+150.079,+183.910,+82.556,+143.345,+102.847,+7.264,+55.202,+127.991,+115.890,+35.372,+45.764,+180.458,+137.493,+92.070,+170.682,+86.107,+107.384,+101.509,+102.471,+101.218,+98.762,+97.997,+99.995,+97.193,+100.084,+99.721,+100.742,+102.768,+96.752,+98.693,+99.947,+96.365,+95.232,+104.693,+100.087,+97.412,+96.636
0,449,+5.133,+65.638,+127.677,+110.554,+130.376,+86.928,+177.425,+169.453,+130.067,+81.883,+186.594,+107.918,+176.056,+144.357,+84.646,+18.091,+170.764,+73.535,+71.903,+133.346,+104.021,+99.151,+104.276,+104.109,+103.613,+103.006,+98.633,+103.330,+104.135,+97.678,+101.562,+99.585,+101.261,+98.654,+100.383,+101.426,+97.976,+97.350,+96.143,+101.487
0,450,+152.923,+124.749,+96.878,+147.697,+116.811,+115.491,+46.046,+81.738,+131.118,+26.397,+206.068,+89.512,+168.641,+106.740,+154.497,+75.570,+36.280,+136.292,+89.892,+53.403,+97.014,+96.597,+95.163,+100.753,+98.159,+97.209,+101.925,+100.488,+103.674,+100.642,+102.625,+102.166,+102.921,+99.574,+98.348,+103.532,+98.727,+99.151,+103.786,+95.903
0,451,+72.059,+82.594,+78.249,+129.263,+74.384,+136.919,+54.048,+209.482,+200.115,+101.442,+88.120,+5.964,+90.471,+67.054,+178.190,+116.127,+120.444,+58.186,+99.901,+156.918,+102.940,+102.748,+102.699,+103.982,+100.290,+98.933,+98.195,+96.108,+98.703,+96.090,+96.367,+96.714,+97.636,+101.756,+96.138,+103.270,+100.008,+95.358,+97.581,+95.123
0,452,+37.084,+34.353,+76.355,+98.385,+15.322,+30.856,+69.553,+92.059,+140.428,+166.051,+139.683,+112.763,+110.025,+78.224,+71.855,+159.690,+172.002,+258.406,+51.391,+197.929,+100.676,+102.883,+103.884,+103.679,+100.554,+103.857,+104.276,+101.617,+102.550,+100.369,+101.653,+95.768,+97.834,+98.886,+95.594,+102.414,+98.417,+95.262,+97.323,+102.941
0,453,+94.313,+15.372,+56.020,+134.333,+142.740,+95.192,+71.951,+155.813,+73.197,+53.330,+164.386,+182.383,+67.151,+74.096,+90.329,+49.585,+155.905,+29.529,+186.045,+142.680,+100.801,+95.604,+95.842,+102.556,+103.043,+100.496,+99.723,+95.754,+101.174,+101.683,+97.732,+102.975,+104.788,+98.477,+99.102,+102.409,+96.487,+102.053,+97.474,+97.062
0,454,+26.417,+95.470,+87.195,+99.260,+160.601,+154.108,+31.469,+109.475,+181.310,+151.893,+97.664,+175.971,+116.103,+152.312,+73.362,+149.101,+47.928,+30.567,+58.077,+87.484,+97.593,+97.025,+99.021,+97.418,+102.988,+97.643,+100.353,+104.994,+102.761,+101.906,+96.825,+101.939,+97.953,+102.455,+100.620,+98.412,+99.425,+102.316,+96.649,+103.534
0,455,+105.120,+70.674,+8.832,+78.952,+97.101,+135.775,+32.234,+108.310,+87.326,+92.292,+75.701,+106.197,+51.065,+55.634,+35.106,+157.627,+68.930,+101.110,+174.011,+119.114,+103.225,+103.823,+99.118,+100.318,+104.726,+101.932,+102.132,+98.280,+101.617,+104.060,+99.985,+98.098,+104.926,+102.244,+101.755,+98.268,+104.949,+97.677,+101.216,+103.085
0,456,+52.306,+74.931,+87.459,+31.900,+53.410,+54.123,+30.425,+176.341,+144.528,+150.974,+71.718,+117.464,+107.182,+104.727,+46.890,+109.845,+71.670,+74.248,+101.692,+62.308,+100.557,+97.170,+96.926,+102.041,+96.755,+104.375,+102.376,+96.203,+101.487,+103.357,+96.327,+97.565,+96.814,+98.528,+99.212,+95.016,+95.628,+95.749,+104.652,+96.436
0,457,+124.723,+79.728,+76.584,+178.469,+64.000,+329.408,+118.537,+49.084,+107.564,+244.089,+5.357,+136.846,+139.599,+90.388,+162.968,+89.400,+71.770,+183.605,+11.447,+113.392,+99.368,+102.873,+95.511,+101.517,+100.668,+99.245,+97.882,+95.866,+104.857,+99.209,+98.845,+97.001,+102.065,+97.698,+103.164,+100.063,+98.072,+96.830,+101.459,+101.310
0,458,+135.243,+175.785,+205.922,+95.166,+128.694,+46.250,+47.459,+67.093,+94.272,+124.537,+153.429,+130.198,+90.468,+195.942,+35.986,+154.602,+152.949,+156.255,+4.054,+71.807,+103.905,+104.044,+100.503,+95.244,+103.408,+100.379,+98.360,+97.550,+100.706,+96.405,+103.085,+96.049,+97.699,+100.178,+97.219,+96.665,+97.513,+102.586,+101.184,+99.509
0,459,+36.729,+7.262,+84.026,+139.888,+85.788,+79.547,+60.399,+158.130,+8.851,+143.160,+38.878,+73.574,+25.219,+43.735,+97.091,+140.457,+135.252,+164.125,+18.271,+101.505,+103.699,+96.912,+103.259,+104.168,+98.485,+95.201,+103.063,+95.437,+95.959,+96.978,+97.083,+103.832,+96.948,+102.595,+100.515,+104.309,+104.915,+102.108,+102.964,+102.872
0,460,+40.069,+181.492,+96.571,+74.560,+36.678,+100.700,+149.317,+109.928,+134.015,+3.442,+117.433,+116.353,+178.309,+154.460,+91.694,+45.610,+1.558,+68.001,+190.962,+41.816,+98.817,+98.968,+101.424,+103.796,+95.518,+101.447,+97.771,+100.701,+96.085,+103.514,+97.241,+103.001,+103.434,+100.974,+103.272,+104.532,+98.250,+99.126,+98.152,+101.841
0,461,+116.455,+33.102,+119.068,+77.092,+69.607,+112.087,+170.296,+82.845,+59.128,+51.914,+33.462,+227.541,+39.055,+133.056,+105.694,+121.294,+16.096,+123.408,+200.222,+14.532,+99.209,+95.350,+99.637,+103.785,+100.208,+101.114,+98.246,+95.010,+99.584,+99.916,+101.919,+99.434,+96.758,+99.041,+95.588,+97.012,+99.091,+100.112,+98.634,+100.417
0,462,+26.362,+139.574,+139.088,+87.352,+174.528,+71.909,+140.464,+252.204,+21.583,+54.410,+172.864,+190.387,+1.899,+108.332,+177.155,+103.239,+136.981,+97.849,+180.934,+56.389,+100.030,+97.607,+100.142,+98.650,+103.399,+97.483,+98.977,+104.830,+103.278,+97.836,+97.000,+95.367,+97.920,+97.685,+96.584,+100.517,+102.743,+98.882,+97.034,+104.258
0,463,+99.348,+164.638,+146.531,+132.782,+117.138,+78.302,+78.631,+170.528,+32.390,+80.500,+125.964,+145.920,+110.057,+136.790,+187.767,+41.576,+168.964,+72.345,+210.627,+150.331,+98.959,+101.348,+99.130,+103.509,+102.262,+99.689,+101.207,+101.129,+100.456,+100.627,+102.217,+104.368,+102.351,+98.214,+101.597,+104.898,+103.845,+96.540,+97.407,+102.952
0,464,+54.662,+182.779,+30.413,+97.629,+73.927,+144.794,+77.469,+124.495,+136.308,+205.639,+26.469,+82.504,+73.196,+56.302,+59.565,+51.660,+69.674,+110.147,+224.247,+72.284,+101.178,+103.185,+104.306,+97.478,+100.308,+96.875,+103.806,+100.315,+96.756,+103.941,+101.238,+96.597,+101.775,+102.592,+98.811,+96.211,+96.101,+101.506,+97.591,+97.121
0,465,+36.810,+124.581,+70.553,+87.284,+64.316,+96.661,+107.931,+66.511,+182.361,+83.361,+52.928,+98.688,+128.300,+139.372,+174.885,+83.416,+110.449,+131.060,+56.771,+70.976,+99.261,+99.377,+96.830,+97.448,+99.588,+100.594,+99.936,+95.586,+104.636,+101.911,+102.061,+100.820,+104.988,+103.510,+97.949,+103.286,+104.214,+97.657,+99.465,+98.537
0,466,+170.339,+13.257,+183.471,+83.942,+72.254,+65.210,+76.002,+180.638,+37.514,+193.335,+13.797,+59.087,+184.088,+160.007,+100.077,+110.093,+146.812,+38.252,+117.491,+54.221,+101.796,+97.878,+102.912,+100.213,+96.935,+96.554,+101.700,+96.465,+96.568,+104.620,+95.143,+96.719,+104.992,+98.039,+96.747,+98.306,+95.615,+95.070,+104.113,+100.882
0,467,+33.691,+114.257,+114.699,+170.323,+92.512,+48.013,+79.317,+37.956,+126.098,+71.894,+89.488,+78.297,+49.807,+120.738,+76.469,+113.833,+37.439,+107.346,+212.037,+10.875,+104.632,+99.895,+102.064,+102.387,+100.545,+95.358,+102.710,+100.776,+104.577,+97.451,+100.027,+103.317,+97.683,+98.052,+95.295,+102.057,+104.896,+100.503,+100.637,+103.163
0,468,+179.606,+15.128,+75.726,+120.507,+13.909,+130.093,+68.389,+69.359,+79.294,+88.316,+183.026,+90.798,+138.210,+103.395,+45.799,+122.246,+40.415,+94.558,+64.522,+94.866,+104.027,+96.015,+95.760,+95.161,+101.651,+99.168,+102.977,+98.449,+102.097,+100.374,+98.761,+102.232,+104.365,+99.735,+99.799,+100.611,+95.306,+96.260,+100.412,+97.606
0,469,+140.860,+72.847,+68.532,+19.439,+81.434,+119.596,+28.433,+149.910,+200.122,+176.789,+58.109,+45.267,+106.500,+26.353,+60.233,+194.546,+111.975,+146.659,+106.411,+76.163,+99.369,+103.631,+102.409,+96.064,+95.801,+104.373,+101.511,+95.570,+96.936,+104.813,+98.036,+104.202,+102.926,+101.878,+102.680,+102.000,+101.752,+102.573,+97.613,+97.482
0,470,+136.670,+19.030,+84.828,+144.724,+207.916,+90.982,+146.741,+48.264,+130.876,+118.501,+73.338,+114.294,+126.148,+126.162,+149.721,+65.813,+89.873,+100.970,+89.719,+103.492,+103.840,+103.945,+104.757,+103.873,+96.966,+103.228,+96.513,+97.591,+103.303,+98.184,+101.957,+99.368,+100.803,+96.897,+102.826,+95.990,+100.257,+100.175,+99.418,+97.035
0,471,+155.323,+56.287,+131.156,+192.145,+109.892,+98.586,+132.685,+85.739,+44.144,+161.510,+190.391,+59.276,+245.437,+64.111,+106.162,+141.276,+92.760,+27.071,+102.259,+118.584,+103.958,+104.098,+101.885,+104.431,+100.370,+101.898,+97.598,+104.687,+101.669,+101.112,+95.987,+100.253,+103.897,+98.716,+101.965,+97.346,+101.446,+99.534,+101.520,+102.385
0,472,+171.621,+128.066,+162.224,+118.063,+82.190,+111.688,+118.951,+64.631,+81.989,+5.727,+53.744,+63.577,+118.693,+110.243,+104.695,+112.293,+66.940,+13.471,+132.121,+66.295,+96.006,+97.384,+97.956,+95.351,+99.014,+100.243,+95.731,+101.476,+95.004,+103.189,+104.009,+100.634,+101.489,+97.904,+96.388,+96.590,+97.531,+97.244,+97.545,+102.602
0,473,+65.124,+43.533,+47.527,+188.280,+145.465,+89.549,+31.257,+104.504,+175.851,+4.815,+195.560,+72.262,+41.709,+191.169,+54.216,+219.514,+80.561,+196.468,+115.725,+87.556,+103.974,+98.557,+103.745,+100.950,+101.389,+97.172,+100.995,+95.198,+97.438,+100.911,+104.952,+97.389,+95.238,+100.578,+99.943,+96.535,+97.201,+97.959,+99.996,+96.835
0,474,+149.018,+148.856,+143.981,+45.808,+156.112,+81.469,+239.201,+152.059,+75.565,+113.443,+136.824,+111.341,+76.921,+148.876,+71.661,+37.471,+38.804,+48.998,+82.928,+119.034,+104.022,+104.110,+102.937,+97.901,+96.576,+97.505,+98.863,+103.711,+98.371,+103.423,+101.735,+98.553,+101.293,+102.831,+97.474,+98.909,+100.528,+97.871,+104.620,+101.538
0,475,+35.128,+98.095,+92.683,+71.742,+51.516,+74.589,+35.882,+56.347,+67.937,+132.839,+79.538,+147.171,+142.800,+32.088,+95.393,+141.167,+109.715,+116.093,+144.345,+138.201,+98.623,+98.825,+97.551,+99.833,+104.029,+95.209,+101.772,+101.486,+102.229,+101.916,+100.869,+100.243,+100.145,+95.843,+96.003,+97.468,+95.906,+99.422,+98.312,+102.342
0,476,+104.203,+67.630,+42.095,+107.380,+198.523,+29.064,+11.739,+22.231,+172.172,+15.440,+97.150,+109.404,+94.958,+74.649,+144.024,+41.433,+157.156,+70.628,+21.471,+192.491,+100.433,+96.023,+100.513,+95.068,+104.168,+100.321,+97.752,+100.849,+97.995,+104.382,+102.261,+96.323,+104.923,+103.355,+100.747,+97.141,+100.480,+96.995,+103.951,+95.847
0,477,+199.415,+42.896,+93.985,+92.859,+199.615,+78.500,+106.649,+5.051,+128.245,+144.264,+107.521,+18.015,+69.673,+92.820,+68.521,+120.490,+84.915,+133.498,+106.932,+200.538,+102.682,+98.717,+97.500,+100.887,+100.774,+97.342,+104.375,+95.168,+95.268,+96.417,+104.271,+104.961,+98.993,+100.626,+101.097,+95.107,+102.408,+104.456,+100.629,+97.387
0,478,+63.665,+90.250,+62.542,+225.448,+179.731,+113.478,+176.907,+154.844,+55.212,+158.946,+100.381,+50.450,+124.449,+88.624,+23.034,+194.929,+125.425,+143.316,+156.895,+61.441,+95.287,+104.741,+103.934,+104.559,+100.844,+103.976,+95.417,+102.913,+100.938,+101.717,+96.955,+96.464,+98.373,+103.015,+98.148,+97.371,+99.714,+99.174,+101.766,+96.818
0,479,+125.427,+25.820,+90.951,+194.302,+131.000,+59.953,+139.942,+6.968,+56.292,+98.252,+61.890,+130.185,+75.108,+101.488,+204.899,+152.556,+241.105,+130.818,+27.695,+216.392,+96.997,+99.088,+103.712,+101.298,+102.282,+103.239,+102.958,+100.360,+101.136,+102.404,+103.483,+101.349,+99.034,+96.644,+103.471,+97.816,+104.986,+104.581,+98.246,+104.325
0,480,+125.317,+104.873,+60.774,+198.311,+174.414,+28.759,+48.365,+73.235,+10.105,+127.005,+137.300,+169.889,+194.290,+102.777,+51.915,+132.383,+81.904,+98.496,+56.313,+54.002,+97.508,+96.384,+97.178,+100.942,+97.016,+101.242,+103.494,+100.765,+101.915,+99.840,+97.510,+100.470,+103.738,+96.866,+100.665,+99.631,+101.941,+101.411,+101.564,+95.854
0,481,+139.398,+122.047,+141.935,+127.434,+86.813,+206.382,+103.214,+124.835,+235.169,+43.030,+145.799,+146.892,+173.911,+118.514,+107.811,+79.237,+42.893,+257.099,+87.305,+108.131,+97.446,+104.780,+98.531,+100.487,+97.775,+100.691,+95.934,+98.293,+104.891,+102.338,+98.499,+102.910,+95.500,+99.991,+101.504,+104.425,+95.202,+96.735,+95.921,+98.440
0,482,+178.843,+75.743,+180.265,+130.143,+22.862,+80.373,+164.757,+147.566,+82.940,+166.752,+36.174,+29.939,+112.890,+40.362,+80.607,+79.481,+143.964,+107.039,+64.524,+43.092,+95.962,+100.518,+97.798,+99.401,+102.731,+99.075,+95.080,+104.919,+103.647,+98.748,+103.158,+96.330,+100.793,+104.737,+98.543,+104.067,+104.898,+101.392,+97.095,+104.024
0,483,+141.446,+152.871,+115.508,+36.465,+111.890,+124.365,+8.830,+107.053,+106.134,+34.086,+25.903,+72.574,+196.664,+129.960,+134.483,+105.982,+161.641,+7.509,+211.902,+105.346,+95.939,+104.164,+99.402,+99.402,+99.855,+103.787,+102.242,+99.795,+101.422,+97.009,+98.362,+103.154,+102.884,+99.039,+95.922,+101.484,+103.501,+98.811,+100.600,+96.310
0,484,+74.115,+149.476,+0.659,+119.248,+114.905,+68.286,+148.821,+55.309,+63.134,+75.068,+14.121,+76.517,+58.175,+149.272,+204.126,+72.514,+179.223,+205.666,+53.266,+114.606,+97.075,+95.946,+103.516,+104.896,+95.863,+99.280,+104.723,+104.085,+99.406,+99.847,+99.417,+100.688,+99.912,+95.364,+101.300,+99.433,+101.842,+103.950,+101.968,+98.387
0,485,+100.647,+101.986,+27.502,+149.855,+73.564,+117.621,+62.870,+151.935,+67.252,+96.272,+254.671,+116.823,+16.679,+25.363,+236.491,+115.656,+160.007,+116.226,+4.220,+109.607,+102.181,+97.144,+103.490,+100.318,+104.726,+102.007,+97.586,+103.785,+104.644,+99.696,+100.654,+102.729,+100.621,+100.224,+98.161,+96.802,+99.732,+97.680,+102.429,+102.889
0,486,+89.667,+44.971,+59.838,+80.850,+110.974,+1.243,+163.533,+12.410,+6.555,+108.453,+138.106,+82.655,+162.941,+15.174,+126.419,+149.009,+193.413,+76.035,+116.374,+2.478,+103.135,+103.978,+98.663,+101.262,+101.192,+96.593,+101.284,+104.775,+98.675,+101.545,+97.559,+98.668,+95.484,+96.238,+103.345,+97.131,+101.603,+103.813,+99.216,+101.432
0,487,+167.057,+55.147,+36.852,+57.941,+121.686,+88.110,+105.178,+146.739,+185.888,+121.804,+97.023,+57.018,+210.055,+93.058,+109.672,+80.989,+53.319,+88.858,+91.798,+131.426,+96.413,+100.301,+104.735,+97.528,+95.685,+97.960,+99.424,+104.933,+103.578,+98.118,+96.374,+103.740,+98.651,+99.597,+101.961,+99.092,+98.975,+98.973,+95.923,+103.322
0,488,+30.893,+140.414,+163.949,+48.714,+70.143,+83.273,+115.659,+39.891,+95.882,+23.357,+131.139,+79.538,+106.154,+105.768,+106.304,+31.469,+19.631,+194.908,+162.035,+59.054,+96.080,+101.145,+98.289,+102.509,+95.827,+95.575,+97.763,+104.802,+104.296,+97.528,+99.665,+102.972,+98.564,+103.915,+104.912,+96.669,+96.080,+99.866,+103.221,+103.720
0,489,+125.016,+135.224,+70.917,+109.607,+126.245,+58.624,+170.663,+98.391,+45.770,+20.591,+49.866,+80.345,+93.506,+30.258,+99.321,+58.580,+121.054,+50.883,+120.726,+88.337,+95.105,+99.886,+97.839,+96.237,+104.258,+95.411,+101.555,+97.556,+100.379,+95.932,+101.639,+101.583,+101.401,+98.025,+101.730,+95.188,+96.128,+96.063,+104.150,+101.544
0,490,+69.098,+131.304,+62.367,+21.919,+91.242,+47.498,+129.999,+101.511,+125.872,+83.896,+218.890,+129.994,+65.737,+79.390,+172.524,+146.160,+86.619,+98.487,+76.030,+67.131,+102.044,+102.358,+98.724,+104.243,+103.039,+99.930,+99.810,+101.950,+101.294,+101.826,+101.832,+103.066,+103.507,+99.255,+96.896,+104.243,+97.685,+98.779,+98.998,+97.731
0,491,+72.278,+5.337,+143.512,+121.166,+165.069,+57.750,+113.710,+189.305,+51.146,+65.207,+55.353,+111.736,+77.389,+126.270,+87.290,+84.660,+44.870,+50.480,+147.739,+37.300,+100.710,+97.944,+99.456,+100.187,+97.082,+99.528,+99.864,+99.146,+95.205,+101.900,+99.635,+103.280,+103.254,+102.789,+103.564,+101.614,+102.667,+96.144,+95.849,+98.461
0,492,+105.628,+48.489,+35.895,+138.335,+111.528,+88.919,+21.069,+89.301,+112.233,+30.126,+124.989,+15.799,+130.270,+76.498,+112.020,+219.626,+156.718,+40.409,+61.403,+58.068,+103.687,+101.923,+102.620,+103.821,+99.053,+99.289,+97.493,+101.241,+104.749,+98.761,+103.749,+100.339,+95.933,+98.576,+100.387,+98.479,+98.051,+103.076,+102.369,+104.608
0,493,+113.336,+119.240,+80.279,+85.590,+109.199,+78.490,+129.930,+125.193,+197.736,+65.055,+100.570,+191.961,+164.928,+117.370,+66.708,+99.204,+96.944,+9.898,+167.338,+102.474,+97.133,+101.640,+98.620,+102.397,+101.720,+96.684,+101.359,+95.512,+97.204,+103.147,+104.836,+99.905,+101.799,+96.533,+102.121,+96.499,+98.281,+100.285,+97.572,+99.763
0,494,+60.519,+54.343,+136.253,+131.057,+96.977,+66.551,+45.135,+150.026,+140.725,+154.931,+88.614,+58.314,+214.281,+195.071,+149.276,+86.941,+234.307,+119.300,+101.431,+141.635,+99.513,+102.315,+99.580,+101.766,+102.055,+101.495,+104.133,+102.282,+98.583,+102.543,+103.502,+102.325,+101.777,+102.697,+95.009,+104.943,+99.826,+97.175,+103.811,+98.637
0,495,+113.837,+120.981,+111.514,+111.106,+131.819,+64.897,+106.534,+165.704,+12.580,+82.093,+17.838,+105.726,+209.132,+206.195,+116.302,+70.017,+121.133,+116.779,+70.583,+147.747,+97.004,+100.494,+103.078,+103.528,+103.752,+102.311,+104.017,+104.574,+99.948,+98.885,+99.814,+99.332,+100.390,+95.654,+97.992,+101.810,+102.886,+99.382,+104.387,+102.949
0,496,+158.936,+70.304,+97.859,+67.025,+92.109,+178.536,+56.797,+119.293,+92.814,+120.828,+78.423,+165.744,+97.690,+62.228,+89.656,+122.001,+80.630,+134.377,+84.438,+153.009,+101.332,+101.005,+99.804,+102.677,+102.928,+97.430,+101.751,+103.562,+96.328,+103.822,+99.853,+100.546,+95.170,+97.363,+97.556,+99.062,+101.894,+103.702,+100.713,+103.917
0,497,+57.507,+90.658,+173.859,+122.567,+89.537,+144.657,+94.899,+89.079,+147.347,+182.862,+138.406,+169.839,+63.583,+101.133,+139.525,+120.876,+146.582,+188.447,+174.965,+83.946,+95.241,+99.250,+98.379,+101.708,+100.661,+97.073,+99.708,+104.321,+103.907,+100.236,+96.722,+99.186,+96.415,+102.529,+96.387,+101.820,+96.936,+97.694,+99.787,+99.972
0,498,+34.518,+118.392,+5.036,+130.009,+172.277,+118.138,+101.876,+57.134,+92.343,+57.467,+121.282,+189.495,+175.064,+89.242,+96.002,+175.616,+84.000,+81.078,+67.828,+0.394,+104.322,+97.382,+100.894,+95.534,+97.790,+95.999,+95.188,+98.059,+98.468,+100.337,+96.185,+100.444,+103.950,+99.935,+101.609,+97.499,+104.335,+103.650,+104.062,+98.736
0,499,+157.526,+79.476,+4.224,+66.508,+72.636,+127.418,+155.085,+141.140,+33.923,+190.252,+44.530,+130.509,+41.119,+132.587,+198.926,+74.203,+102.010,+63.137,+145.238,+157.209,+98.913,+103.293,+100.261,+101.152,+98.527,+103.053,+101.078,+99.569,+100.070,+104.845,+104.109,+98.890,+95.163,+95.131,+100.042,+99.233,+101.680,+96.307,+99.364,+96.983
