game,day,CDA.ask.accepted.quantity,CDA.bid.accepted.quantity,CH.ask.accepted.quantity,CH.bid.accepted.quantity,CDA.ask.accepted.price.min,CDA.bid.accepted.price.min,CH.ask.accepted.price.min,CH.bid.accepted.price.min,CDA.ask.accepted.price.max,CDA.bid.accepted.price.max,CH.ask.accepted.price.max,CH.bid.accepted.price.max,CDA.ask.accepted.price.mean,CDA.bid.accepted.price.mean,CH.ask.accepted.price.mean,CH.bid.accepted.price.mean,CDA.ask.accepted.price.stdev,CDA.bid.accepted.price.stdev,CH.ask.accepted.price.stdev,CH.bid.accepted.price.stdev,CDA.transaction.quantity,CH.transaction.quantity,CDA.transaction.price.min,CH.transaction.price.min,CDA.transaction.price.max,CH.transaction.price.max,CDA.transaction.price.mean,CH.transaction.price.mean,CDA.transaction.price.stdev,CH.transaction.price.stdev
0,0,+10.000,+10.000,+6.000,+6.000,+98.109,+102.336,+105.746,+111.528,+110.538,+117.143,+111.528,+114.809,+105.006,+108.230,+109.050,+113.942,+4.022,+5.103,+2.005,+1.117,+10.000,+6.000,+101.613,+108.820,+113.841,+111.528,+106.618,+110.140,+4.353,+1.107
0,1,+6.000,+6.000,+9.000,+9.000,+99.072,+101.740,+96.589,+102.824,+101.740,+109.698,+102.824,+143.685,+100.695,+104.247,+99.706,+123.696,+1.119,+3.269,+2.071,+16.570,+6.000,+9.000,+100.515,+100.249,+104.804,+104.285,+102.471,+102.360,+1.587,+1.368
0,2,+12.000,+12.000,+11.000,+11.000,+99.921,+103.968,+97.306,+102.370,+106.748,+124.163,+104.434,+132.585,+104.253,+110.327,+101.257,+115.047,+2.127,+8.060,+2.122,+11.815,+12.000,+11.000,+102.135,+100.445,+114.901,+106.395,+107.290,+103.064,+4.322,+1.658
0,3,+15.000,+15.000,+6.000,+6.000,+99.678,+101.580,+101.090,+103.925,+116.057,+158.055,+103.775,+118.165,+106.786,+115.053,+102.475,+111.045,+4.337,+12.870,+0.793,+7.120,+15.000,+6.000,+100.629,+102.508,+131.757,+104.295,+110.919,+103.685,+7.341,+0.622
0,4,+10.000,+10.000,+6.000,+6.000,+99.205,+102.344,+96.034,+101.238,+109.481,+111.849,+108.342,+140.624,+105.205,+107.604,+101.419,+114.973,+3.380,+3.885,+3.686,+12.570,+10.000,+6.000,+100.775,+100.306,+110.665,+108.390,+106.405,+104.121,+3.527,+3.316
0,5,+20.000,+20.000,+6.000,+6.000,+96.867,+103.537,+98.781,+102.493,+115.135,+187.538,+101.348,+117.710,+105.333,+119.521,+100.692,+109.483,+3.579,+22.812,+0.878,+4.855,+20.000,+6.000,+103.011,+100.064,+151.337,+103.307,+112.427,+101.442,+12.393,+0.993
0,6,+6.000,+6.000,+6.000,+6.000,+96.667,+124.951,+98.767,+107.162,+111.833,+171.104,+100.892,+113.130,+103.779,+143.965,+99.598,+110.934,+4.875,+14.587,+0.951,+1.848,+6.000,+6.000,+112.028,+99.829,+133.885,+102.385,+123.872,+100.900,+7.261,+0.880
0,7,+9.000,+9.000,+9.000,+9.000,+98.108,+100.421,+97.854,+109.172,+119.869,+176.547,+105.267,+145.422,+105.757,+128.856,+101.240,+131.065,+6.017,+25.562,+2.415,+12.531,+9.000,+9.000,+99.412,+99.601,+148.208,+115.307,+117.307,+106.600,+15.534,+5.330
0,8,+18.000,+18.000,+3.000,+3.000,+97.344,+97.811,+101.945,+108.040,+134.081,+155.769,+101.945,+108.040,+108.577,+126.756,+101.945,+108.040,+9.530,+20.403,+0.000,+0.000,+18.000,+3.000,+97.577,+102.793,+144.925,+103.509,+117.666,+103.032,+13.294,+0.338
0,9,+19.000,+19.000,+3.000,+3.000,+96.714,+100.762,+98.180,+102.702,+131.643,+189.267,+101.348,+102.702,+106.510,+121.712,+100.085,+102.702,+8.299,+22.964,+1.370,+0.000,+19.000,+3.000,+99.513,+99.764,+150.894,+101.893,+114.111,+100.898,+14.395,+0.875
0,10,+9.000,+9.000,+3.000,+3.000,+98.303,+99.186,+103.993,+106.422,+104.986,+156.313,+104.202,+106.422,+100.771,+121.538,+104.103,+106.422,+2.474,+24.741,+0.086,+0.000,+9.000,+3.000,+99.117,+104.097,+127.749,+105.312,+111.155,+104.668,+11.980,+0.499
0,11,+12.000,+12.000,+5.000,+5.000,+97.904,+99.316,+101.348,+101.348,+114.175,+206.630,+101.995,+113.657,+103.359,+133.476,+101.477,+104.717,+4.237,+39.266,+0.259,+4.803,+12.000,+5.000,+98.610,+101.348,+160.403,+103.567,+118.417,+102.171,+21.063,+1.013
0,12,+21.000,+21.000,+10.000,+10.000,+98.592,+100.387,+100.907,+101.348,+108.291,+164.291,+108.128,+124.214,+102.813,+117.501,+102.081,+109.079,+2.528,+19.632,+2.118,+9.106,+21.000,+10.000,+99.489,+101.304,+131.441,+113.493,+110.157,+102.990,+10.283,+3.737
0,13,+14.000,+14.000,+9.000,+9.000,+99.819,+101.774,+99.147,+103.662,+121.411,+155.474,+106.341,+147.662,+106.519,+129.534,+103.649,+121.214,+5.814,+18.593,+2.735,+16.469,+14.000,+9.000,+101.052,+101.859,+130.907,+112.671,+118.026,+106.074,+10.078,+3.978
0,14,+8.000,+8.000,+8.000,+8.000,+100.087,+100.365,+97.306,+101.254,+108.376,+124.353,+101.488,+101.959,+103.549,+111.221,+99.832,+101.571,+3.059,+7.506,+1.959,+0.205,+8.000,+8.000,+100.226,+100.276,+115.701,+101.488,+107.385,+101.231,+4.890,+0.370
0,15,+18.000,+18.000,+6.000,+6.000,+99.513,+104.530,+101.461,+101.488,+140.181,+165.931,+101.488,+103.398,+111.139,+133.080,+101.474,+102.087,+11.131,+21.008,+0.014,+0.702,+18.000,+6.000,+102.550,+101.474,+148.897,+101.926,+122.109,+101.684,+14.380,+0.212
0,16,+18.000,+18.000,+6.000,+6.000,+99.496,+105.092,+99.621,+101.558,+122.038,+142.526,+102.921,+118.391,+106.045,+116.500,+101.373,+110.180,+4.846,+13.882,+0.957,+8.214,+18.000,+6.000,+102.605,+101.271,+127.194,+103.270,+111.273,+101.915,+8.366,+0.684
0,17,+3.000,+3.000,+3.000,+3.000,+96.047,+107.524,+98.228,+129.388,+101.446,+107.524,+110.402,+129.388,+99.229,+107.524,+104.650,+129.388,+2.308,+0.000,+4.993,+0.000,+3.000,+3.000,+101.786,+112.855,+104.485,+115.396,+103.377,+114.020,+1.154,+1.048
0,18,+6.000,+6.000,+3.000,+3.000,+97.523,+101.446,+101.875,+101.875,+101.776,+114.010,+101.988,+101.988,+99.645,+107.728,+101.913,+101.950,+1.437,+6.282,+0.053,+0.053,+6.000,+3.000,+99.485,+101.875,+107.893,+101.988,+103.686,+101.932,+3.392,+0.046
0,19,+15.000,+15.000,+6.000,+6.000,+98.712,+99.818,+97.802,+101.170,+119.478,+126.997,+100.170,+115.203,+104.205,+115.503,+99.310,+103.930,+5.994,+8.987,+1.077,+5.053,+15.000,+6.000,+99.295,+98.986,+123.238,+101.022,+109.854,+100.395,+6.446,+0.723
0,20,+3.000,+3.000,+9.000,+9.000,+97.703,+104.605,+99.047,+105.961,+98.364,+104.605,+111.036,+135.768,+97.923,+104.605,+105.031,+121.258,+0.312,+0.000,+4.602,+8.600,+3.000,+9.000,+101.154,+102.504,+101.484,+119.042,+101.264,+110.262,+0.156,+4.461
0,21,+16.000,+16.000,+6.000,+6.000,+99.445,+103.662,+95.319,+103.573,+120.993,+175.132,+100.262,+117.978,+104.612,+121.149,+97.664,+109.068,+4.814,+25.904,+1.760,+5.423,+16.000,+6.000,+102.769,+98.840,+142.533,+101.918,+112.880,+100.237,+14.199,+1.218
0,22,+6.000,+6.000,+6.000,+6.000,+98.308,+103.396,+99.564,+101.988,+104.498,+113.404,+102.258,+115.718,+101.366,+107.483,+100.704,+108.943,+2.035,+3.232,+1.134,+6.775,+6.000,+6.000,+100.852,+100.795,+108.951,+105.669,+104.424,+102.151,+2.407,+1.676
0,23,+9.000,+9.000,+6.000,+6.000,+98.891,+101.875,+102.915,+104.633,+101.952,+134.592,+104.174,+105.377,+100.729,+112.460,+103.820,+105.129,+1.068,+11.344,+0.417,+0.351,+9.000,+6.000,+101.201,+104.274,+117.559,+105.377,+106.595,+104.570,+5.491,+0.379
0,24,+13.000,+13.000,+3.000,+3.000,+100.660,+103.283,+99.118,+99.449,+105.980,+125.671,+100.460,+116.552,+103.489,+109.275,+99.662,+108.898,+1.743,+9.036,+0.576,+7.097,+13.000,+3.000,+102.081,+99.263,+115.550,+101.167,+106.382,+100.357,+5.081,+0.803
0,25,+15.000,+15.000,+3.000,+3.000,+100.170,+101.611,+99.960,+103.631,+106.632,+156.127,+102.258,+103.631,+102.832,+120.719,+101.492,+103.631,+2.336,+18.722,+1.083,+0.000,+15.000,+3.000,+101.262,+101.109,+131.326,+102.944,+111.776,+102.333,+10.095,+0.865
0,26,+12.000,+12.000,+9.000,+9.000,+100.938,+104.112,+98.993,+106.546,+108.249,+110.773,+105.156,+130.854,+103.401,+106.686,+101.355,+117.788,+2.147,+2.614,+1.794,+10.186,+12.000,+9.000,+102.525,+101.421,+109.511,+105.851,+105.043,+103.477,+2.059,+1.661
0,27,+8.000,+8.000,+11.000,+11.000,+100.119,+100.375,+98.141,+100.966,+103.296,+111.442,+108.955,+128.411,+101.600,+107.542,+102.497,+110.312,+1.102,+4.078,+3.743,+6.637,+8.000,+11.000,+100.284,+100.966,+106.391,+110.500,+104.571,+105.919,+2.364,+3.078
0,28,+10.000,+10.000,+0.000,+0.000,+100.693,+104.018,NaN,NaN,+105.437,+130.221,NaN,NaN,+101.172,+112.257,NaN,NaN,+1.422,+11.784,NaN,NaN,+10.000,+0.000,+102.355,NaN,+117.829,NaN,+106.715,NaN,+6.287,NaN
0,29,+11.000,+11.000,+9.000,+9.000,+95.808,+100.693,+96.349,+102.430,+105.132,+145.372,+103.728,+127.158,+101.677,+112.337,+99.110,+114.035,+2.238,+13.309,+2.539,+8.874,+11.000,+9.000,+98.250,+99.939,+123.601,+107.886,+107.007,+102.691,+6.948,+2.030
0,30,+12.000,+12.000,+9.000,+9.000,+97.829,+102.192,+96.605,+99.895,+107.262,+131.587,+103.174,+135.084,+102.791,+112.536,+101.300,+116.181,+2.588,+8.431,+1.982,+12.973,+12.000,+9.000,+100.090,+98.250,+116.010,+106.000,+107.663,+102.929,+4.728,+2.470
0,31,+1.000,+1.000,+3.000,+3.000,+98.441,+101.783,+99.744,+103.663,+98.441,+101.783,+100.542,+103.663,+98.441,+101.783,+100.064,+103.663,+0.000,+0.000,+0.345,+0.000,+1.000,+3.000,+100.112,+101.704,+100.112,+102.103,+100.112,+101.863,+0.000,+0.172
0,32,+5.000,+5.000,+3.000,+3.000,+96.250,+97.504,+102.781,+105.125,+100.577,+107.908,+102.781,+123.010,+98.349,+102.349,+102.781,+113.358,+1.721,+4.238,+0.000,+7.370,+5.000,+3.000,+96.970,+103.335,+103.727,+106.766,+100.349,+104.685,+2.770,+1.493
0,33,+9.000,+9.000,+10.000,+10.000,+95.529,+101.048,+98.343,+101.034,+102.461,+103.908,+110.751,+150.957,+99.770,+102.302,+102.103,+123.674,+2.256,+1.029,+3.275,+21.372,+9.000,+10.000,+98.289,+100.450,+102.907,+126.744,+101.036,+107.867,+1.407,+9.736
0,34,+3.000,+3.000,+3.000,+3.000,+99.100,+128.199,+100.751,+107.204,+102.483,+167.587,+106.282,+153.843,+100.443,+148.038,+104.439,+138.228,+1.467,+16.081,+2.607,+21.937,+3.000,+3.000,+113.972,+104.222,+133.343,+106.987,+124.240,+105.984,+7.951,+1.250
0,35,+6.000,+6.000,+3.000,+3.000,+98.294,+101.921,+96.787,+97.184,+137.791,+152.190,+103.085,+132.862,+108.024,+118.875,+98.886,+111.465,+13.998,+16.099,+2.969,+15.410,+6.000,+3.000,+100.108,+96.985,+144.991,+103.124,+113.450,+100.548,+14.960,+2.601
0,36,+3.000,+3.000,+0.000,+0.000,+96.737,+98.133,NaN,NaN,+96.737,+98.294,NaN,NaN,+96.737,+98.187,NaN,NaN,+0.000,+0.076,NaN,NaN,+3.000,+0.000,+97.435,NaN,+97.516,NaN,+97.462,NaN,+0.038,NaN
0,37,+3.000,+3.000,+9.000,+9.000,+101.300,+141.736,+97.815,+100.859,+103.747,+174.323,+101.597,+110.481,+102.116,+160.620,+99.416,+105.023,+1.154,+13.799,+1.116,+4.034,+3.000,+9.000,+121.518,+99.337,+139.035,+102.278,+131.368,+101.046,+7.316,+1.018
0,38,+6.000,+6.000,+9.000,+9.000,+101.229,+107.072,+98.788,+101.930,+103.747,+116.910,+106.403,+124.605,+101.771,+111.991,+103.632,+114.546,+0.901,+4.919,+2.691,+5.818,+6.000,+9.000,+104.186,+100.116,+109.105,+106.531,+106.881,+105.382,+2.244,+1.882
0,39,+12.000,+12.000,+8.000,+8.000,+99.418,+99.418,+97.827,+103.211,+109.443,+172.741,+104.137,+126.877,+101.140,+116.569,+101.011,+112.635,+2.661,+25.154,+1.959,+11.047,+12.000,+8.000,+99.418,+98.572,+137.020,+104.406,+108.855,+103.028,+13.143,+1.752
0,40,+7.000,+7.000,+9.000,+9.000,+98.706,+100.305,+99.317,+103.158,+102.302,+128.984,+103.158,+124.218,+100.060,+115.429,+101.413,+111.374,+1.121,+12.359,+1.599,+8.656,+7.000,+9.000,+99.659,+100.659,+114.688,+103.158,+107.745,+102.292,+6.042,+1.158
0,41,+3.000,+3.000,+9.000,+9.000,+99.783,+101.023,+98.694,+107.728,+100.546,+101.023,+105.281,+146.875,+100.198,+101.023,+101.505,+121.677,+0.315,+0.000,+2.182,+17.197,+3.000,+9.000,+100.403,+101.343,+100.785,+106.505,+100.611,+104.787,+0.158,+1.647
0,42,+4.000,+4.000,+9.000,+9.000,+99.604,+100.265,+96.406,+98.694,+99.854,+101.189,+103.158,+149.361,+99.756,+100.958,+99.019,+118.395,+0.092,+0.400,+1.834,+22.157,+4.000,+9.000,+99.935,+98.625,+100.521,+104.550,+100.357,+100.316,+0.244,+2.312
0,43,+11.000,+11.000,+9.000,+9.000,+99.783,+101.189,+99.549,+100.707,+120.560,+125.112,+102.730,+138.302,+102.371,+109.029,+100.408,+116.565,+5.817,+9.211,+1.125,+13.734,+11.000,+9.000,+100.486,+100.112,+122.284,+102.944,+105.700,+101.365,+6.621,+1.053
0,44,+3.000,+3.000,+14.000,+14.000,+101.400,+104.729,+98.844,+101.227,+102.102,+147.255,+103.049,+127.538,+101.634,+132.796,+100.602,+109.537,+0.331,+19.850,+1.229,+9.359,+3.000,+14.000,+103.415,+100.269,+124.327,+104.013,+117.215,+101.700,+9.759,+1.142
0,45,+8.000,+8.000,+12.000,+12.000,+96.655,+98.714,+97.360,+109.080,+100.653,+102.335,+109.080,+137.257,+99.690,+101.134,+104.225,+122.807,+1.266,+1.175,+3.691,+11.071,+8.000,+12.000,+97.685,+102.552,+101.494,+109.726,+100.412,+108.175,+1.095,+2.120
0,46,+8.000,+8.000,+6.000,+6.000,+98.258,+99.060,+95.529,+122.692,+101.608,+137.009,+102.354,+132.560,+100.413,+108.707,+100.701,+127.626,+1.427,+12.549,+2.404,+4.934,+8.000,+6.000,+98.789,+98.915,+119.181,+102.360,+104.560,+101.540,+6.617,+1.216
0,47,+6.000,+6.000,+19.000,+19.000,+98.152,+102.608,+97.801,+102.155,+102.628,+103.586,+107.297,+131.213,+100.978,+103.097,+103.913,+110.297,+1.559,+0.489,+2.436,+6.241,+6.000,+19.000,+100.380,+101.949,+103.107,+107.444,+102.037,+106.290,+0.836,+1.253
0,48,+3.000,+3.000,+15.000,+15.000,+98.149,+108.862,+99.446,+104.132,+101.412,+117.500,+104.132,+141.547,+99.779,+114.608,+102.275,+116.278,+1.332,+4.063,+1.588,+11.242,+3.000,+15.000,+105.137,+102.504,+108.638,+104.296,+107.193,+103.811,+1.493,+0.560
0,49,+3.000,+3.000,+12.000,+12.000,+100.508,+127.233,+96.493,+102.955,+100.508,+156.313,+104.132,+120.280,+100.508,+145.484,+99.314,+109.397,+0.000,+12.980,+2.358,+6.471,+3.000,+12.000,+113.870,+99.795,+128.410,+104.258,+122.996,+101.885,+6.490,+1.508
0,50,+8.000,+8.000,+6.000,+6.000,+102.770,+103.500,+98.752,+100.095,+105.171,+131.368,+99.907,+101.035,+103.253,+115.336,+99.274,+100.370,+0.777,+9.787,+0.527,+0.337,+8.000,+6.000,+103.227,+99.740,+117.314,+100.139,+109.295,+99.980,+5.072,+0.119
0,51,+9.000,+9.000,+6.000,+6.000,+99.235,+99.951,+96.005,+96.978,+106.600,+112.959,+96.795,+100.787,+101.722,+105.432,+96.185,+98.698,+2.302,+5.028,+0.276,+1.438,+9.000,+6.000,+99.662,+96.504,+109.438,+99.180,+103.577,+97.585,+3.510,+0.972
0,52,+8.000,+8.000,+13.000,+13.000,+98.986,+102.155,+97.159,+101.651,+107.155,+116.983,+104.481,+114.976,+102.989,+108.129,+100.865,+106.495,+2.598,+5.871,+1.949,+4.965,+8.000,+13.000,+100.570,+101.370,+111.555,+105.765,+105.559,+102.962,+4.049,+1.483
0,53,+6.000,+6.000,+7.000,+7.000,+97.765,+98.058,+97.904,+101.475,+100.508,+106.543,+102.515,+178.903,+99.088,+101.652,+98.997,+116.162,+0.988,+2.813,+1.642,+25.763,+6.000,+7.000,+97.963,+100.025,+103.525,+103.498,+100.370,+101.142,+1.877,+1.519
0,54,+5.000,+5.000,+9.000,+9.000,+99.938,+101.542,+99.372,+103.148,+102.356,+115.542,+107.186,+114.099,+101.019,+108.661,+101.697,+108.294,+1.111,+5.787,+2.238,+4.495,+5.000,+9.000,+100.740,+99.948,+108.949,+107.323,+104.840,+103.075,+3.058,+2.086
0,55,+6.000,+6.000,+9.000,+9.000,+102.026,+105.870,+95.040,+97.775,+105.273,+115.061,+98.940,+100.391,+104.262,+111.799,+96.543,+99.451,+1.131,+3.524,+1.458,+1.188,+6.000,+9.000,+103.948,+96.978,+110.167,+99.524,+108.030,+98.493,+2.128,+1.110
0,56,+3.000,+3.000,+7.000,+7.000,+99.205,+100.789,+97.922,+99.444,+102.026,+111.899,+104.510,+143.710,+100.982,+106.506,+99.839,+115.983,+1.263,+4.541,+2.062,+13.660,+3.000,+7.000,+99.997,+98.683,+106.807,+106.208,+103.744,+102.354,+2.822,+2.728
0,57,+0.000,+0.000,+3.000,+3.000,NaN,NaN,+96.892,+104.993,NaN,NaN,+99.559,+113.601,NaN,NaN,+98.320,+109.711,NaN,NaN,+1.097,+3.563,+0.000,+3.000,NaN,+98.226,NaN,+99.605,NaN,+98.803,NaN,+0.585
0,58,+10.000,+10.000,+3.000,+3.000,+97.411,+100.668,+98.393,+100.184,+106.633,+121.068,+98.393,+100.184,+100.091,+106.981,+98.393,+100.184,+2.695,+6.182,+0.000,+0.000,+10.000,+3.000,+99.040,+99.289,+110.949,+99.289,+103.536,+99.289,+3.825,+0.000
0,59,+11.000,+11.000,+0.000,+0.000,+97.824,+102.270,NaN,NaN,+114.092,+129.755,NaN,NaN,+103.725,+115.657,NaN,NaN,+5.457,+9.452,NaN,NaN,+11.000,+0.000,+100.047,NaN,+120.977,NaN,+109.691,NaN,+6.238,NaN
0,60,+9.000,+9.000,+3.000,+3.000,+99.205,+101.049,+95.500,+98.648,+106.993,+119.017,+98.648,+98.677,+101.078,+110.653,+96.549,+98.667,+2.297,+7.522,+1.484,+0.013,+9.000,+3.000,+100.606,+97.074,+113.005,+98.663,+105.865,+97.604,+4.277,+0.749
0,61,+8.000,+8.000,+2.000,+2.000,+97.585,+99.205,+96.074,+107.787,+102.256,+104.318,+96.074,+107.787,+100.495,+101.788,+96.074,+107.787,+1.478,+1.431,+0.000,+0.000,+8.000,+2.000,+98.395,+99.702,+103.287,+99.702,+101.142,+99.702,+1.263,+0.000
0,62,+6.000,+6.000,+3.000,+3.000,+100.343,+101.433,+96.584,+98.677,+101.333,+147.430,+96.584,+98.677,+100.875,+119.665,+96.584,+98.677,+0.354,+19.596,+0.000,+0.000,+6.000,+3.000,+100.888,+97.347,+124.089,+97.364,+110.270,+97.358,+9.740,+0.008
0,63,+6.000,+6.000,+4.000,+4.000,+95.207,+97.812,+95.589,+96.074,+102.800,+122.887,+99.737,+100.585,+98.687,+107.212,+96.626,+98.293,+2.276,+8.518,+1.796,+2.220,+6.000,+4.000,+96.510,+95.831,+112.844,+100.088,+102.950,+97.520,+5.255,+1.799
0,64,+10.000,+10.000,+0.000,+0.000,+98.532,+101.869,NaN,NaN,+101.333,+115.216,NaN,NaN,+100.749,+107.726,NaN,NaN,+0.869,+5.272,NaN,NaN,+10.000,+0.000,+100.452,NaN,+108.275,NaN,+104.237,NaN,+2.805,NaN
0,65,+9.000,+9.000,+0.000,+0.000,+96.143,+99.941,NaN,NaN,+130.158,+193.805,NaN,NaN,+103.932,+133.954,NaN,NaN,+9.553,+42.417,NaN,NaN,+9.000,+0.000,+99.676,NaN,+161.981,NaN,+118.943,NaN,+24.115,NaN
0,66,+13.000,+13.000,+7.000,+7.000,+97.847,+103.194,+95.776,+98.445,+112.179,+159.187,+104.572,+117.648,+106.388,+114.399,+97.509,+103.640,+4.071,+14.963,+2.929,+6.070,+13.000,+7.000,+101.689,+97.666,+134.289,+104.726,+110.394,+99.956,+8.648,+2.192
0,67,+3.000,+3.000,+3.000,+3.000,+98.245,+120.332,+95.087,+128.053,+103.729,+158.906,+107.497,+168.127,+100.073,+143.885,+99.224,+149.583,+2.585,+16.864,+5.850,+16.496,+3.000,+3.000,+109.289,+111.570,+131.318,+130.032,+121.979,+121.076,+9.300,+7.547
0,68,+15.000,+15.000,+6.000,+6.000,+96.152,+102.164,+97.156,+100.946,+112.331,+163.611,+98.141,+106.777,+101.349,+121.414,+97.938,+103.862,+4.968,+23.087,+0.351,+2.915,+15.000,+6.000,+99.504,+99.051,+137.971,+103.700,+111.382,+100.489,+13.031,+1.642
0,69,+3.000,+3.000,+4.000,+4.000,+101.333,+139.641,+101.293,+101.293,+117.099,+139.641,+101.336,+104.955,+106.589,+139.641,+101.304,+102.219,+7.432,+0.000,+0.019,+1.579,+3.000,+4.000,+120.487,+101.293,+128.370,+101.500,+123.115,+101.350,+3.716,+0.087
0,70,+17.000,+17.000,+3.000,+3.000,+98.302,+104.262,+99.334,+101.336,+105.813,+118.767,+101.333,+101.336,+103.686,+106.584,+100.611,+101.336,+1.937,+3.564,+0.906,+0.000,+17.000,+3.000,+101.389,+100.333,+112.290,+101.334,+105.135,+100.972,+2.367,+0.453
0,71,+10.000,+10.000,+0.000,+0.000,+96.734,+97.627,NaN,NaN,+102.461,+106.118,NaN,NaN,+100.320,+102.424,NaN,NaN,+1.369,+2.427,NaN,NaN,+10.000,+0.000,+97.181,NaN,+103.532,NaN,+101.372,NaN,+1.769,NaN
0,72,+9.000,+9.000,+3.000,+3.000,+97.863,+100.076,+98.042,+101.665,+100.194,+126.757,+102.616,+102.734,+99.562,+110.707,+99.567,+102.378,+0.809,+9.080,+2.156,+0.504,+9.000,+3.000,+99.428,+99.854,+113.417,+102.675,+105.135,+100.972,+4.498,+1.224
0,73,+9.000,+9.000,+3.000,+3.000,+100.076,+102.164,+99.091,+101.722,+104.465,+134.859,+99.467,+101.722,+101.498,+114.762,+99.342,+101.722,+1.549,+13.807,+0.178,+0.000,+9.000,+3.000,+101.120,+99.931,+118.662,+100.407,+108.130,+100.090,+7.380,+0.224
0,74,+15.000,+15.000,+0.000,+0.000,+96.122,+102.467,NaN,NaN,+110.620,+156.878,NaN,NaN,+102.921,+115.665,NaN,NaN,+3.274,+17.144,NaN,NaN,+15.000,+0.000,+100.472,NaN,+131.743,NaN,+109.293,NaN,+9.027,NaN
0,75,+9.000,+9.000,+0.000,+0.000,+95.974,+96.804,NaN,NaN,+105.070,+129.008,NaN,NaN,+101.154,+107.597,NaN,NaN,+3.051,+9.232,NaN,NaN,+9.000,+0.000,+96.389,NaN,+117.039,NaN,+104.375,NaN,+5.828,NaN
0,76,+12.000,+12.000,+3.000,+3.000,+97.298,+100.772,+101.612,+111.223,+101.811,+107.529,+101.612,+111.223,+100.877,+102.556,+101.612,+111.223,+1.260,+1.854,+0.000,+0.000,+12.000,+3.000,+99.035,+101.919,+104.571,+101.919,+101.716,+101.919,+1.341,+0.000
0,77,+13.000,+13.000,+3.000,+3.000,+100.395,+102.277,+99.233,+100.456,+106.914,+113.875,+99.233,+100.945,+102.335,+109.789,+99.233,+100.619,+1.947,+3.296,+0.000,+0.230,+13.000,+3.000,+101.628,+100.408,+107.757,+100.653,+106.062,+100.490,+1.722,+0.115
0,78,+9.000,+9.000,+3.000,+3.000,+98.935,+99.745,+100.402,+111.756,+101.916,+107.941,+100.402,+111.756,+100.423,+102.936,+100.402,+111.756,+0.869,+2.969,+0.000,+0.000,+9.000,+3.000,+99.695,+101.753,+104.928,+101.753,+101.680,+101.753,+1.816,+0.000
0,79,+3.000,+3.000,+6.000,+6.000,+98.935,+125.466,+99.707,+101.488,+101.417,+125.466,+101.488,+115.987,+100.590,+125.466,+100.598,+108.738,+1.170,+0.000,+0.891,+7.249,+3.000,+6.000,+112.200,+100.598,+113.442,+103.621,+113.028,+101.688,+0.585,+1.050
0,80,+14.000,+14.000,+3.000,+3.000,+97.995,+101.458,+100.912,+148.692,+103.540,+127.851,+102.668,+169.586,+101.892,+108.399,+101.618,+162.365,+1.294,+10.249,+0.757,+9.673,+14.000,+3.000,+99.726,+111.140,+115.595,+120.447,+105.145,+114.535,+5.365,+4.196
0,81,+7.000,+7.000,+0.000,+0.000,+97.899,+101.381,NaN,NaN,+101.458,+106.468,NaN,NaN,+99.561,+103.085,NaN,NaN,+1.330,+1.655,NaN,NaN,+7.000,+0.000,+100.224,NaN,+103.963,NaN,+101.323,NaN,+1.366,NaN
0,82,+20.000,+20.000,+3.000,+3.000,+98.037,+100.763,+95.942,+97.360,+113.620,+148.399,+101.635,+138.360,+102.780,+110.045,+98.837,+120.694,+3.359,+11.951,+2.325,+17.211,+20.000,+3.000,+99.400,+96.651,+125.544,+102.566,+106.412,+99.834,+6.654,+2.435
0,83,+16.000,+16.000,+0.000,+0.000,+96.862,+99.928,NaN,NaN,+110.134,+133.217,NaN,NaN,+102.365,+108.129,NaN,NaN,+4.081,+9.337,NaN,NaN,+16.000,+0.000,+98.495,NaN,+119.174,NaN,+105.247,NaN,+6.276,NaN
0,84,+2.000,+2.000,+2.000,+2.000,+101.536,+110.185,+97.906,+98.765,+102.889,+112.142,+97.906,+100.286,+102.213,+111.163,+97.906,+99.526,+0.676,+0.979,+0.000,+0.760,+2.000,+2.000,+106.537,+98.336,+106.839,+100.107,+106.688,+99.221,+0.151,+0.886
0,85,+11.000,+11.000,+6.000,+6.000,+98.051,+102.194,+100.284,+103.823,+106.524,+112.608,+103.823,+126.010,+101.675,+105.902,+102.499,+114.916,+1.965,+3.534,+1.396,+11.093,+11.000,+6.000,+100.122,+102.054,+106.989,+104.362,+103.789,+103.456,+2.213,+0.701
0,86,+17.000,+17.000,+0.000,+0.000,+96.927,+99.907,NaN,NaN,+107.054,+119.759,NaN,NaN,+101.968,+107.275,NaN,NaN,+2.516,+6.472,NaN,NaN,+17.000,+0.000,+99.205,NaN,+112.493,NaN,+104.621,NaN,+3.979,NaN
0,87,+6.000,+6.000,+3.000,+3.000,+97.904,+98.836,+99.782,+103.823,+101.528,+117.959,+99.782,+103.823,+99.615,+108.705,+99.782,+103.823,+1.398,+9.259,+0.000,+0.000,+6.000,+3.000,+98.370,+100.496,+109.744,+100.496,+104.160,+100.496,+5.099,+0.000
0,88,+6.000,+6.000,+3.000,+3.000,+101.482,+108.824,+97.254,+122.046,+108.748,+138.818,+99.782,+122.046,+104.624,+119.491,+98.940,+122.046,+2.529,+12.640,+1.192,+0.000,+6.000,+3.000,+105.153,+98.518,+120.496,+105.372,+112.058,+102.636,+6.016,+2.964
0,89,+10.000,+10.000,+0.000,+0.000,+96.955,+98.532,NaN,NaN,+101.955,+132.890,NaN,NaN,+100.568,+109.002,NaN,NaN,+1.669,+10.093,NaN,NaN,+10.000,+0.000,+97.743,NaN,+117.422,NaN,+104.785,NaN,+5.575,NaN
0,90,+13.000,+13.000,+3.000,+3.000,+97.951,+101.482,+99.069,+99.782,+107.672,+128.388,+99.782,+99.782,+102.465,+112.240,+99.307,+99.782,+2.922,+10.381,+0.336,+0.000,+13.000,+3.000,+100.015,+99.426,+116.115,+99.782,+107.352,+99.545,+5.750,+0.168
0,91,+15.000,+15.000,+0.000,+0.000,+97.945,+101.243,NaN,NaN,+110.962,+132.527,NaN,NaN,+102.698,+109.554,NaN,NaN,+3.283,+11.838,NaN,NaN,+15.000,+0.000,+99.610,NaN,+121.744,NaN,+106.126,NaN,+7.115,NaN
0,92,+4.000,+4.000,+3.000,+3.000,+97.289,+99.765,+98.984,+121.845,+100.463,+139.229,+101.604,+121.845,+99.056,+129.363,+99.857,+121.845,+1.430,+17.088,+1.235,+0.000,+4.000,+3.000,+98.527,+100.294,+119.846,+104.890,+114.209,+102.921,+9.068,+1.934
0,93,+7.000,+7.000,+3.000,+3.000,+96.565,+99.765,+96.195,+99.765,+100.608,+114.197,+97.195,+99.765,+99.624,+107.653,+96.528,+99.765,+1.292,+4.176,+0.471,+0.000,+7.000,+3.000,+98.165,+97.980,+107.402,+98.480,+103.638,+98.146,+2.626,+0.236
0,94,+18.000,+18.000,+4.000,+4.000,+99.765,+101.988,+99.212,+99.765,+106.172,+127.638,+99.879,+102.112,+101.758,+106.141,+99.378,+100.351,+1.743,+5.871,+0.289,+1.016,+18.000,+4.000,+100.941,+99.488,+114.478,+100.995,+103.950,+99.865,+3.182,+0.653
0,95,+9.000,+9.000,+3.000,+3.000,+96.538,+102.048,+97.987,+99.069,+104.915,+133.020,+97.987,+99.069,+102.320,+111.504,+97.987,+99.069,+2.594,+10.058,+0.000,+0.000,+9.000,+3.000,+99.293,+98.528,+118.404,+98.528,+106.912,+98.528,+5.367,+0.000
0,96,+8.000,+8.000,+8.000,+8.000,+99.143,+101.301,+102.052,+104.697,+102.677,+121.587,+104.889,+127.077,+100.514,+110.238,+103.696,+112.686,+1.009,+8.833,+1.037,+10.132,+8.000,+8.000,+100.351,+103.859,+111.025,+107.682,+105.376,+104.981,+4.450,+1.080
0,97,+8.000,+8.000,+6.000,+6.000,+95.919,+96.421,+96.451,+104.889,+105.233,+126.211,+102.451,+121.228,+101.558,+110.799,+101.028,+113.058,+2.746,+10.469,+2.082,+8.169,+8.000,+6.000,+96.170,+104.889,+114.366,+113.058,+106.178,+107.612,+6.207,+3.851
0,98,+5.000,+5.000,+0.000,+0.000,+96.983,+99.891,NaN,NaN,+99.087,+108.060,NaN,NaN,+97.770,+103.320,NaN,NaN,+0.756,+3.013,NaN,NaN,+5.000,+0.000,+98.785,NaN,+102.522,NaN,+100.545,NaN,+1.448,NaN
0,99,+6.000,+6.000,+0.000,+0.000,+96.263,+98.140,NaN,NaN,+103.254,+114.513,NaN,NaN,+98.251,+102.391,NaN,NaN,+2.284,+5.875,NaN,NaN,+6.000,+0.000,+97.599,NaN,+105.974,NaN,+100.321,NaN,+3.378,NaN
0,100,+11.000,+11.000,+7.000,+7.000,+96.706,+99.765,+97.436,+104.889,+107.311,+141.984,+100.238,+113.579,+102.154,+113.646,+98.693,+108.993,+3.093,+17.495,+1.344,+4.066,+11.000,+7.000,+98.235,+100.997,+124.647,+102.202,+107.900,+102.030,+9.708,+0.422
0,101,+15.000,+15.000,+6.000,+6.000,+95.997,+99.924,+101.008,+114.539,+106.368,+140.683,+112.112,+121.082,+101.046,+118.021,+105.459,+117.513,+2.779,+12.850,+4.966,+2.585,+15.000,+6.000,+99.309,+106.257,+122.044,+117.811,+109.534,+111.815,+7.049,+3.904
0,102,+9.000,+9.000,+8.000,+8.000,+100.584,+103.848,+103.351,+103.848,+108.245,+133.918,+109.097,+147.672,+103.810,+120.454,+106.345,+119.869,+2.271,+13.035,+2.400,+12.999,+9.000,+8.000,+102.216,+103.599,+119.795,+123.546,+112.132,+110.747,+7.453,+6.054
0,103,+14.000,+14.000,+3.000,+3.000,+96.436,+97.580,+96.906,+112.889,+110.641,+162.476,+103.907,+112.889,+101.019,+113.335,+101.198,+112.889,+3.538,+20.733,+3.069,+0.000,+14.000,+3.000,+97.204,+100.407,+132.737,+108.398,+107.177,+104.716,+10.956,+3.292
0,104,+4.000,+4.000,+3.000,+3.000,+98.989,+102.343,+100.238,+102.780,+101.800,+106.760,+100.238,+102.780,+100.215,+103.447,+100.238,+102.780,+1.214,+1.913,+0.000,+0.000,+4.000,+3.000,+100.666,+100.601,+102.922,+100.601,+101.831,+100.601,+0.811,+0.000
0,105,+13.000,+13.000,+8.000,+8.000,+98.251,+100.747,+100.238,+100.965,+104.071,+120.349,+104.173,+116.151,+101.096,+106.722,+101.494,+106.088,+1.482,+6.221,+1.578,+5.972,+13.000,+8.000,+99.716,+100.892,+109.300,+106.789,+103.909,+102.249,+3.035,+2.269
0,106,+18.000,+18.000,+6.000,+6.000,+99.279,+104.797,+102.568,+106.186,+113.171,+142.720,+105.599,+121.219,+105.227,+113.807,+104.151,+116.417,+3.390,+9.269,+1.454,+5.615,+18.000,+6.000,+103.753,+104.773,+127.946,+106.289,+109.517,+105.970,+5.690,+0.555
0,107,+2.000,+2.000,+5.000,+5.000,+97.761,+100.373,+98.201,+101.466,+99.644,+100.373,+101.466,+105.482,+98.703,+100.373,+100.444,+102.499,+0.942,+0.000,+1.329,+1.516,+2.000,+5.000,+99.067,+99.862,+100.009,+101.819,+99.538,+101.059,+0.471,+0.740
0,108,+14.000,+14.000,+6.000,+6.000,+99.803,+99.934,+100.416,+109.097,+109.416,+141.161,+101.346,+116.682,+102.198,+114.802,+101.033,+112.889,+2.590,+15.769,+0.348,+3.793,+14.000,+6.000,+99.869,+100.881,+123.586,+103.898,+108.500,+102.465,+8.131,+1.435
0,109,+2.000,+2.000,+0.000,+0.000,+99.295,+104.891,NaN,NaN,+100.423,+104.891,NaN,NaN,+99.859,+104.891,NaN,NaN,+0.564,+0.000,NaN,NaN,+2.000,+0.000,+102.093,NaN,+102.657,NaN,+102.375,NaN,+0.282,NaN
0,110,+18.000,+18.000,+3.000,+3.000,+101.258,+102.615,+101.636,+102.430,+106.886,+143.859,+101.636,+116.255,+103.854,+111.020,+101.636,+108.447,+1.624,+12.334,+0.000,+5.784,+18.000,+3.000,+102.412,+102.033,+124.169,+103.864,+107.437,+102.797,+6.401,+0.778
0,111,+9.000,+9.000,+7.000,+7.000,+98.152,+100.423,+98.844,+102.760,+102.740,+106.740,+102.808,+132.199,+100.708,+103.218,+100.644,+121.360,+1.585,+2.239,+1.333,+12.186,+9.000,+7.000,+99.288,+100.802,+104.287,+105.427,+101.963,+103.189,+1.843,+1.841
0,112,+18.000,+18.000,+4.000,+4.000,+97.460,+99.609,+99.507,+100.942,+104.388,+122.173,+106.072,+121.818,+102.057,+105.214,+103.964,+114.097,+1.608,+4.984,+2.609,+8.624,+18.000,+4.000,+98.535,+100.225,+112.550,+106.145,+103.636,+104.395,+2.858,+2.420
0,113,+15.000,+15.000,+3.000,+3.000,+99.361,+102.307,+100.757,+102.927,+129.024,+166.940,+101.663,+102.927,+104.739,+112.908,+101.059,+102.927,+6.739,+18.741,+0.427,+0.000,+15.000,+3.000,+101.144,+101.210,+136.458,+102.295,+108.823,+101.572,+11.367,+0.512
0,114,+6.000,+6.000,+9.000,+9.000,+99.996,+102.745,+103.329,+106.787,+101.785,+126.745,+106.607,+143.921,+101.142,+107.250,+104.851,+118.478,+0.603,+8.759,+1.342,+10.815,+6.000,+9.000,+101.938,+104.858,+114.085,+106.887,+104.196,+106.144,+4.428,+0.697
0,115,+8.000,+8.000,+4.000,+4.000,+96.517,+99.657,+96.871,+103.243,+105.328,+219.617,+103.080,+104.569,+100.221,+138.000,+99.971,+103.574,+2.440,+37.835,+2.214,+0.574,+8.000,+4.000,+98.087,+100.057,+159.851,+103.162,+119.110,+101.607,+19.073,+1.107
0,116,+8.000,+8.000,+1.000,+1.000,+99.400,+100.154,+101.400,+101.645,+105.328,+108.102,+101.400,+101.645,+101.076,+102.947,+101.400,+101.645,+2.140,+2.995,+0.000,+0.000,+8.000,+1.000,+99.777,+101.523,+106.715,+101.523,+102.011,+101.523,+2.551,+0.000
0,117,+14.000,+14.000,+4.000,+4.000,+96.779,+96.852,+102.031,+102.326,+105.231,+131.214,+102.326,+118.600,+100.070,+108.318,+102.105,+113.193,+1.908,+12.458,+0.127,+6.557,+14.000,+4.000,+96.815,+102.326,+118.222,+103.678,+104.194,+103.340,+6.815,+0.586
0,118,+3.000,+3.000,+4.000,+4.000,+101.468,+115.465,+97.722,+97.759,+107.048,+115.465,+101.184,+102.395,+103.328,+115.465,+99.600,+101.201,+2.631,+0.000,+1.390,+1.988,+3.000,+4.000,+108.467,+97.740,+111.257,+101.755,+109.397,+100.400,+1.315,+1.597
0,119,+9.000,+9.000,+1.000,+1.000,+98.306,+102.389,+101.844,+101.844,+118.465,+170.155,+101.844,+101.844,+105.393,+130.241,+101.844,+101.844,+5.900,+22.565,+0.000,+0.000,+9.000,+1.000,+100.347,+101.844,+137.384,+101.844,+117.817,+101.844,+12.540,+0.000
0,120,+13.000,+13.000,+3.000,+3.000,+98.780,+98.899,+100.607,+103.757,+113.437,+142.420,+101.316,+103.757,+105.757,+119.705,+100.843,+103.757,+4.593,+13.704,+0.335,+0.000,+13.000,+3.000,+98.839,+100.814,+127.929,+101.765,+112.731,+101.180,+7.876,+0.418
0,121,+10.000,+10.000,+10.000,+10.000,+100.033,+106.363,+98.953,+102.214,+113.437,+181.822,+105.595,+115.124,+108.590,+135.356,+101.263,+108.215,+4.793,+30.572,+2.238,+4.045,+10.000,+10.000,+104.814,+100.583,+146.647,+105.595,+121.973,+103.493,+16.824,+1.511
0,122,+9.000,+9.000,+9.000,+9.000,+95.300,+101.375,+99.910,+104.506,+106.333,+139.332,+106.288,+130.475,+102.735,+118.084,+103.761,+110.661,+3.779,+10.705,+1.850,+8.243,+9.000,+9.000,+100.919,+104.506,+122.832,+107.279,+110.410,+105.720,+6.198,+0.766
0,123,+4.000,+4.000,+0.000,+0.000,+95.810,+96.443,NaN,NaN,+100.119,+101.203,NaN,NaN,+98.427,+100.013,NaN,NaN,+1.814,+2.061,NaN,NaN,+4.000,+0.000,+96.127,NaN,+100.661,NaN,+99.220,NaN,+1.855,NaN
0,124,+10.000,+10.000,+6.000,+6.000,+99.010,+100.254,+97.785,+102.707,+102.746,+110.904,+103.511,+132.305,+100.264,+104.811,+100.620,+119.596,+1.000,+3.168,+1.935,+13.085,+10.000,+6.000,+99.632,+100.993,+106.054,+108.243,+102.538,+103.014,+1.827,+2.386
0,125,+9.000,+9.000,+12.000,+12.000,+97.005,+99.826,+96.195,+101.799,+102.574,+125.327,+111.594,+161.030,+99.765,+113.690,+100.388,+118.047,+1.526,+9.695,+3.963,+19.297,+9.000,+12.000,+98.416,+99.255,+112.723,+112.849,+106.728,+105.129,+5.150,+4.141
0,126,+12.000,+12.000,+0.000,+0.000,+98.298,+100.472,NaN,NaN,+104.663,+131.670,NaN,NaN,+101.517,+112.038,NaN,NaN,+1.868,+11.818,NaN,NaN,+12.000,+0.000,+99.555,NaN,+118.060,NaN,+106.778,NaN,+6.221,NaN
0,127,+6.000,+6.000,+6.000,+6.000,+95.174,+101.573,+97.079,+101.799,+103.609,+125.142,+101.295,+108.271,+100.263,+116.185,+99.187,+105.035,+2.824,+10.328,+2.108,+3.236,+6.000,+6.000,+98.373,+99.187,+113.377,+101.483,+108.224,+101.086,+5.964,+0.850
0,128,+6.000,+6.000,+6.000,+6.000,+96.102,+98.522,+98.750,+100.315,+102.693,+102.693,+101.295,+115.693,+99.130,+101.234,+99.699,+104.611,+3.075,+1.656,+0.972,+5.148,+6.000,+6.000,+97.312,+99.365,+102.693,+102.989,+100.182,+100.703,+2.293,+1.193
0,129,+10.000,+10.000,+6.000,+6.000,+97.704,+101.284,+99.938,+109.556,+106.849,+124.793,+105.599,+145.064,+101.473,+107.997,+102.527,+123.646,+2.867,+7.953,+1.796,+10.864,+10.000,+6.000,+99.494,+101.977,+113.126,+105.714,+104.735,+104.134,+4.888,+1.369
0,130,+15.000,+15.000,+6.000,+6.000,+99.375,+102.574,+96.332,+98.523,+103.380,+148.577,+98.523,+122.598,+101.875,+111.248,+96.977,+110.561,+1.165,+13.260,+0.916,+12.038,+15.000,+6.000,+100.975,+96.339,+125.018,+101.343,+106.561,+98.170,+6.641,+1.762
0,131,+9.000,+9.000,+5.000,+5.000,+100.898,+103.248,+97.203,+97.203,+102.723,+117.589,+99.807,+103.380,+102.032,+106.186,+98.244,+100.909,+0.803,+4.736,+1.276,+3.026,+9.000,+5.000,+102.073,+97.203,+110.081,+100.040,+104.109,+98.622,+2.558,+1.269
0,132,+6.000,+6.000,+3.000,+3.000,+97.373,+100.439,+98.988,+121.491,+102.574,+114.792,+102.574,+138.552,+100.596,+104.634,+100.183,+128.126,+1.716,+5.049,+1.691,+7.463,+6.000,+3.000,+99.209,+100.781,+108.683,+103.615,+102.615,+101.726,+3.205,+1.336
0,133,+6.000,+6.000,+3.000,+3.000,+96.332,+101.044,+98.757,+98.988,+102.574,+114.409,+98.757,+98.988,+98.181,+105.923,+98.757,+98.988,+2.282,+5.998,+0.000,+0.000,+6.000,+3.000,+98.915,+98.873,+108.372,+98.873,+102.052,+98.873,+3.622,+0.000
0,134,+3.000,+3.000,+0.000,+0.000,+96.976,+99.815,NaN,NaN,+99.665,+99.815,NaN,NaN,+98.768,+99.815,NaN,NaN,+1.267,+0.000,NaN,NaN,+3.000,+0.000,+98.396,NaN,+99.740,NaN,+99.292,NaN,+0.634,NaN
0,135,+16.000,+16.000,+5.000,+5.000,+99.295,+99.536,+101.037,+103.372,+115.252,+152.782,+102.574,+126.959,+101.469,+116.034,+101.830,+111.599,+3.808,+15.267,+0.632,+8.336,+16.000,+5.000,+99.416,+101.805,+127.344,+104.405,+108.752,+103.197,+8.423,+1.051
0,136,+9.000,+9.000,+1.000,+1.000,+97.174,+100.043,+97.592,+101.505,+101.136,+101.389,+97.592,+101.505,+98.905,+100.805,+97.592,+101.505,+1.765,+0.498,+0.000,+0.000,+9.000,+1.000,+98.677,+97.727,+101.253,+97.727,+99.855,+97.727,+1.059,+0.000
0,137,+13.000,+13.000,+3.000,+3.000,+97.295,+100.613,+99.665,+100.301,+114.723,+118.681,+99.665,+100.301,+103.455,+110.551,+99.665,+100.301,+4.254,+6.340,+0.000,+0.000,+13.000,+3.000,+98.954,+99.713,+115.803,+99.983,+107.003,+99.893,+4.813,+0.127
0,138,+6.000,+6.000,+1.000,+1.000,+99.321,+100.074,+101.786,+124.291,+101.905,+118.063,+101.786,+124.291,+100.669,+113.630,+101.786,+124.291,+0.911,+6.529,+0.000,+0.000,+6.000,+1.000,+99.698,+113.038,+109.984,+113.038,+107.149,+113.038,+3.563,+0.000
0,139,+11.000,+11.000,+0.000,+0.000,+95.494,+97.138,NaN,NaN,+107.168,+210.233,NaN,NaN,+101.220,+127.135,NaN,NaN,+3.562,+41.912,NaN,NaN,+11.000,+0.000,+96.316,NaN,+158.700,NaN,+114.178,NaN,+22.253,NaN
0,140,+15.000,+15.000,+0.000,+0.000,+98.589,+100.877,NaN,NaN,+107.464,+132.616,NaN,NaN,+102.251,+110.523,NaN,NaN,+2.564,+9.165,NaN,NaN,+15.000,+0.000,+100.062,NaN,+116.810,NaN,+106.387,NaN,+4.861,NaN
0,141,+11.000,+11.000,+4.000,+4.000,+98.295,+101.916,+99.248,+99.248,+107.032,+137.594,+101.015,+102.586,+102.690,+117.612,+99.690,+100.506,+2.968,+13.841,+0.765,+1.386,+11.000,+4.000,+100.848,+99.248,+121.744,+102.251,+110.151,+100.210,+7.993,+1.228
0,142,+12.000,+12.000,+3.000,+3.000,+99.437,+103.542,+101.015,+105.442,+107.618,+115.531,+101.015,+105.442,+103.432,+107.585,+101.015,+105.442,+1.688,+5.280,+0.000,+0.000,+12.000,+3.000,+101.490,+103.229,+111.574,+103.229,+105.509,+103.229,+3.102,+0.000
0,143,+3.000,+3.000,+0.000,+0.000,+95.291,+103.554,NaN,NaN,+102.552,+103.554,NaN,NaN,+99.590,+103.554,NaN,NaN,+3.112,+0.000,NaN,NaN,+3.000,+0.000,+99.422,NaN,+103.053,NaN,+101.572,NaN,+1.556,NaN
0,144,+9.000,+9.000,+3.000,+3.000,+99.567,+108.736,+104.269,+113.898,+103.109,+137.736,+104.269,+120.392,+101.365,+119.696,+104.269,+116.729,+1.168,+10.971,+0.000,+2.715,+9.000,+3.000,+104.152,+110.083,+120.423,+115.277,+110.531,+112.463,+5.876,+2.142
0,145,+4.000,+4.000,+6.000,+6.000,+95.387,+99.316,+101.062,+104.399,+96.929,+100.480,+104.269,+111.249,+96.543,+100.189,+102.666,+106.907,+0.668,+0.504,+1.603,+2.582,+4.000,+6.000,+97.933,+102.666,+98.704,+105.942,+98.366,+103.768,+0.345,+1.226
0,146,+3.000,+3.000,+6.000,+6.000,+97.944,+106.604,+105.956,+106.242,+97.999,+124.521,+107.615,+109.384,+97.962,+115.725,+106.556,+108.153,+0.026,+7.318,+0.755,+0.977,+3.000,+6.000,+102.274,+106.242,+111.260,+108.499,+106.844,+107.294,+3.670,+0.741
0,147,+5.000,+5.000,+3.000,+3.000,+96.602,+96.907,+106.242,+106.791,+100.252,+105.344,+106.242,+106.791,+98.691,+101.801,+106.242,+106.791,+1.235,+2.820,+0.000,+0.000,+5.000,+3.000,+96.755,+106.242,+102.798,+106.242,+100.246,+106.242,+1.958,+0.000
0,148,+6.000,+6.000,+6.000,+6.000,+97.954,+103.787,+106.242,+106.791,+107.080,+125.855,+106.242,+112.753,+100.932,+116.562,+106.242,+108.122,+2.942,+9.924,+0.000,+2.149,+6.000,+6.000,+100.871,+106.242,+116.468,+107.328,+108.747,+106.606,+5.914,+0.338
0,149,+6.000,+6.000,+0.000,+0.000,+103.159,+105.997,NaN,NaN,+116.969,+130.637,NaN,NaN,+106.476,+119.185,NaN,NaN,+4.889,+9.721,NaN,NaN,+6.000,+0.000,+105.343,NaN,+121.832,NaN,+112.830,NaN,+5.946,NaN
0,150,+6.000,+6.000,+3.000,+3.000,+96.089,+101.625,+98.370,+108.712,+102.215,+106.072,+100.155,+108.712,+99.593,+103.268,+99.560,+108.712,+2.139,+1.839,+0.841,+0.000,+6.000,+3.000,+98.857,+99.263,+103.900,+103.198,+101.431,+101.886,+1.776,+1.855
0,151,+8.000,+8.000,+5.000,+5.000,+99.033,+100.909,+99.149,+100.791,+105.244,+121.007,+105.017,+107.615,+101.176,+109.050,+102.930,+105.414,+2.085,+9.290,+2.003,+2.822,+8.000,+5.000,+100.302,+99.970,+113.126,+105.629,+105.113,+103.515,+5.508,+1.922
0,152,+12.000,+12.000,+6.000,+6.000,+96.246,+101.251,+99.840,+106.242,+103.191,+151.583,+105.017,+107.863,+98.847,+112.098,+102.323,+106.512,+1.785,+17.514,+2.485,+0.604,+12.000,+6.000,+99.344,+105.471,+124.764,+107.052,+105.472,+105.788,+8.637,+0.577
0,153,+8.000,+8.000,+7.000,+7.000,+95.978,+97.123,+105.692,+107.863,+98.570,+106.091,+109.055,+130.784,+97.437,+99.448,+106.204,+118.017,+0.777,+2.573,+1.164,+8.653,+8.000,+7.000,+97.123,+106.021,+102.330,+111.363,+98.442,+110.087,+1.544,+1.772
0,154,+6.000,+6.000,+9.000,+9.000,+96.564,+97.827,+95.941,+100.733,+101.786,+126.115,+105.667,+109.975,+99.338,+105.400,+99.658,+105.620,+1.625,+9.484,+2.738,+3.792,+6.000,+9.000,+97.195,+97.852,+113.005,+107.604,+102.369,+102.808,+5.067,+3.208
0,155,+3.000,+3.000,+3.000,+3.000,+96.652,+104.755,+104.974,+105.370,+98.444,+104.755,+105.370,+105.370,+97.664,+104.755,+105.238,+105.370,+0.750,+0.000,+0.186,+0.000,+3.000,+3.000,+100.703,+105.172,+101.600,+105.370,+101.210,+105.304,+0.375,+0.093
0,156,+12.000,+12.000,+9.000,+9.000,+95.793,+101.357,+100.093,+105.733,+109.752,+127.531,+105.053,+109.055,+100.782,+107.640,+102.566,+107.334,+4.521,+7.316,+1.525,+1.270,+12.000,+9.000,+98.575,+101.497,+118.641,+105.093,+104.211,+103.474,+5.636,+1.139
0,157,+14.000,+14.000,+1.000,+1.000,+96.203,+100.119,+100.794,+106.082,+113.602,+123.196,+100.794,+106.082,+101.072,+108.589,+100.794,+106.082,+4.266,+8.606,+0.000,+0.000,+14.000,+1.000,+99.071,+101.309,+118.399,+101.309,+104.830,+101.309,+5.168,+0.000
0,158,+4.000,+4.000,+4.000,+4.000,+96.262,+103.866,+97.500,+98.078,+99.080,+118.464,+100.794,+100.794,+98.375,+114.815,+99.970,+100.115,+1.220,+6.321,+1.426,+1.176,+4.000,+4.000,+101.473,+97.789,+108.772,+100.794,+106.595,+100.042,+3.013,+1.301
0,159,+14.000,+14.000,+6.000,+6.000,+99.476,+101.330,+99.769,+100.794,+114.633,+161.992,+100.561,+102.739,+104.339,+119.704,+100.429,+101.399,+4.324,+18.677,+0.295,+0.776,+14.000,+6.000,+101.237,+100.534,+131.568,+100.677,+112.022,+100.610,+9.824,+0.054
0,160,+9.000,+9.000,+8.000,+8.000,+98.131,+98.796,+100.561,+102.350,+104.693,+104.905,+106.230,+119.121,+100.796,+102.531,+102.218,+112.995,+1.861,+2.152,+2.006,+5.831,+9.000,+8.000,+98.463,+101.745,+104.799,+106.230,+101.664,+103.759,+1.901,+1.902
0,161,+11.000,+11.000,+6.000,+6.000,+98.144,+99.907,+98.465,+112.672,+103.463,+174.693,+112.672,+136.837,+99.711,+121.063,+105.091,+124.755,+1.345,+29.883,+4.434,+12.082,+11.000,+6.000,+99.027,+102.509,+137.056,+112.672,+110.387,+109.916,+15.279,+3.449
0,162,+7.000,+7.000,+10.000,+10.000,+98.535,+100.272,+100.181,+103.326,+101.582,+107.483,+105.948,+144.759,+100.125,+102.979,+102.607,+118.456,+1.391,+2.888,+1.699,+17.414,+7.000,+10.000,+99.404,+102.257,+104.532,+106.478,+101.552,+104.067,+1.630,+1.350
0,163,+9.000,+9.000,+3.000,+3.000,+97.944,+100.071,+96.266,+100.561,+102.454,+127.083,+99.106,+100.561,+98.703,+108.678,+98.159,+100.561,+1.346,+9.851,+1.339,+0.000,+9.000,+3.000,+99.008,+99.235,+112.819,+99.834,+103.690,+99.634,+5.258,+0.282
0,164,+9.000,+9.000,+6.000,+6.000,+101.962,+113.966,+100.336,+111.326,+117.018,+149.165,+103.926,+117.575,+105.561,+126.949,+102.126,+113.533,+4.369,+11.062,+1.370,+2.390,+9.000,+6.000,+108.807,+102.131,+125.888,+104.294,+116.255,+103.291,+5.155,+0.776
0,165,+16.000,+16.000,+5.000,+5.000,+101.144,+102.723,+100.421,+100.643,+147.168,+197.754,+101.747,+115.498,+111.174,+134.574,+100.770,+111.086,+12.655,+32.753,+0.491,+5.920,+16.000,+5.000,+101.933,+100.532,+162.814,+102.320,+122.874,+101.606,+20.513,+0.584
0,166,+10.000,+10.000,+8.000,+8.000,+99.021,+103.327,+99.490,+102.072,+117.085,+140.831,+103.010,+105.030,+103.337,+112.313,+101.806,+103.666,+5.188,+11.914,+1.092,+1.169,+10.000,+8.000,+101.174,+99.767,+122.836,+104.197,+107.825,+102.485,+7.520,+1.343
0,167,+5.000,+5.000,+7.000,+7.000,+98.858,+102.657,+98.433,+100.266,+104.229,+114.370,+102.082,+103.776,+102.910,+108.214,+99.439,+101.791,+2.081,+4.785,+1.232,+1.038,+5.000,+7.000,+100.757,+99.379,+109.300,+102.929,+105.562,+100.366,+3.212,+1.151
0,168,+6.000,+6.000,+6.000,+6.000,+100.243,+107.087,+100.709,+102.620,+114.632,+164.706,+102.620,+105.791,+105.337,+139.149,+101.665,+104.205,+4.995,+18.729,+0.956,+1.585,+6.000,+6.000,+105.569,+101.665,+139.669,+102.620,+122.243,+102.416,+10.243,+0.350
0,169,+9.000,+9.000,+12.000,+12.000,+97.939,+100.243,+99.400,+103.848,+102.320,+116.693,+106.509,+127.614,+101.061,+104.198,+103.670,+112.640,+1.352,+4.741,+1.701,+7.490,+9.000,+12.000,+99.091,+102.300,+109.506,+106.635,+102.629,+104.819,+2.808,+1.412
0,170,+7.000,+7.000,+1.000,+1.000,+98.206,+103.863,+104.866,+105.639,+104.050,+134.507,+104.866,+105.639,+101.781,+119.677,+104.866,+105.639,+1.875,+13.333,+0.000,+0.000,+7.000,+1.000,+102.499,+105.253,+118.813,+105.253,+110.729,+105.253,+6.646,+0.000
0,171,+3.000,+3.000,+4.000,+4.000,+95.541,+117.564,+100.936,+106.062,+100.684,+117.564,+101.438,+149.542,+98.554,+117.564,+101.208,+130.819,+2.191,+0.000,+0.232,+16.979,+3.000,+4.000,+106.552,+103.750,+109.124,+107.761,+108.059,+104.966,+1.095,+1.651
0,172,+6.000,+6.000,+10.000,+10.000,+99.875,+118.082,+98.648,+100.951,+103.108,+135.859,+103.656,+115.410,+101.752,+126.670,+100.441,+106.256,+1.135,+7.332,+1.451,+4.553,+6.000,+10.000,+110.201,+100.338,+119.089,+111.011,+114.211,+102.969,+3.672,+3.370
0,173,+3.000,+3.000,+4.000,+4.000,+96.396,+104.307,+100.781,+107.244,+101.438,+109.766,+106.695,+112.974,+99.757,+106.589,+103.858,+110.691,+2.377,+2.317,+2.723,+2.181,+3.000,+4.000,+100.352,+105.760,+105.602,+108.117,+103.173,+106.551,+2.162,+0.962
0,174,+3.000,+3.000,+6.000,+6.000,+97.161,+98.839,+101.176,+105.417,+98.019,+108.540,+103.661,+126.854,+97.447,+104.270,+101.933,+110.549,+0.404,+4.044,+0.929,+7.575,+3.000,+6.000,+98.000,+102.419,+103.279,+104.660,+100.858,+103.376,+2.177,+0.886
0,175,+7.000,+7.000,+12.000,+12.000,+98.183,+101.750,+99.495,+104.531,+105.061,+124.708,+106.109,+151.778,+100.131,+108.543,+102.256,+120.340,+2.280,+9.145,+2.234,+19.461,+7.000,+12.000,+100.591,+101.617,+114.884,+106.485,+104.337,+104.230,+5.615,+1.835
0,176,+14.000,+14.000,+3.000,+3.000,+99.213,+102.014,+98.841,+104.531,+145.708,+146.254,+100.885,+104.531,+108.348,+114.570,+99.971,+104.531,+12.048,+15.258,+0.848,+0.000,+14.000,+3.000,+100.613,+99.863,+145.981,+102.061,+111.459,+100.820,+13.155,+0.920
0,177,+8.000,+8.000,+6.000,+6.000,+96.443,+101.139,+102.372,+115.337,+101.139,+115.035,+104.531,+121.986,+99.529,+110.760,+103.615,+118.430,+1.920,+4.582,+0.932,+2.538,+8.000,+6.000,+101.082,+102.896,+108.087,+110.377,+105.144,+106.207,+2.471,+3.005
0,178,+3.000,+3.000,+9.000,+9.000,+98.176,+102.547,+99.660,+103.770,+101.139,+102.547,+103.778,+118.432,+99.915,+102.547,+101.848,+107.792,+1.263,+0.000,+1.507,+4.163,+3.000,+9.000,+100.362,+101.303,+101.843,+104.155,+101.231,+103.243,+0.632,+0.830
0,179,+4.000,+4.000,+3.000,+3.000,+97.964,+101.326,+96.669,+102.174,+104.531,+147.176,+102.174,+102.174,+102.245,+134.642,+99.161,+102.174,+2.542,+19.258,+2.278,+0.000,+4.000,+3.000,+99.645,+99.422,+125.403,+102.174,+118.444,+100.668,+10.872,+1.139
0,180,+3.000,+3.000,+3.000,+3.000,+98.367,+125.187,+96.194,+104.531,+108.689,+125.187,+96.194,+104.531,+101.925,+125.187,+96.194,+104.531,+4.785,+0.000,+0.000,+0.000,+3.000,+3.000,+111.777,+98.578,+116.938,+98.578,+113.556,+98.578,+2.392,+0.000
0,181,+5.000,+5.000,+6.000,+6.000,+100.431,+103.659,+98.839,+100.544,+107.320,+107.821,+98.839,+110.020,+102.478,+106.157,+98.839,+103.488,+2.746,+2.039,+0.000,+3.514,+5.000,+6.000,+102.045,+98.839,+107.571,+100.256,+104.317,+99.642,+2.152,+0.478
0,182,+6.000,+6.000,+5.000,+5.000,+99.046,+100.844,+98.561,+98.839,+106.150,+147.259,+99.773,+105.824,+102.369,+125.809,+98.991,+100.887,+2.778,+21.522,+0.534,+2.771,+6.000,+5.000,+99.945,+98.700,+126.705,+102.662,+114.089,+99.939,+11.724,+1.613
0,183,+12.000,+12.000,+6.000,+6.000,+100.122,+100.339,+98.202,+100.431,+115.841,+161.842,+100.402,+186.321,+105.066,+123.112,+99.850,+135.501,+4.085,+23.361,+0.778,+36.013,+12.000,+6.000,+100.230,+100.139,+134.631,+100.662,+114.089,+100.403,+12.363,+0.211
0,184,+10.000,+10.000,+7.000,+7.000,+97.024,+101.341,+97.193,+100.431,+110.635,+135.270,+101.820,+111.423,+102.214,+110.874,+99.660,+102.993,+4.187,+9.153,+2.174,+3.475,+10.000,+7.000,+99.550,+99.507,+122.952,+101.820,+106.544,+101.099,+6.439,+0.953
0,185,+3.000,+3.000,+9.000,+9.000,+101.252,+115.534,+97.885,+101.820,+114.455,+115.534,+101.820,+112.456,+107.274,+115.534,+100.246,+104.575,+5.452,+0.000,+1.700,+3.926,+3.000,+9.000,+108.393,+99.853,+114.994,+102.220,+111.404,+101.429,+2.726,+0.872
0,186,+6.000,+6.000,+0.000,+0.000,+97.040,+97.575,NaN,NaN,+103.560,+120.846,NaN,NaN,+99.951,+105.996,NaN,NaN,+2.408,+8.501,NaN,NaN,+6.000,+0.000,+97.308,NaN,+111.281,NaN,+102.974,NaN,+5.221,NaN
0,187,+12.000,+12.000,+8.000,+8.000,+98.592,+100.610,+100.432,+107.091,+106.116,+126.468,+106.189,+146.282,+101.090,+108.652,+102.360,+122.197,+1.838,+10.448,+2.015,+13.279,+12.000,+8.000,+100.206,+103.601,+114.310,+115.498,+104.871,+108.396,+5.415,+3.627
0,188,+15.000,+15.000,+6.000,+6.000,+97.249,+99.150,+98.559,+104.640,+105.056,+121.089,+104.472,+116.002,+101.527,+106.657,+101.832,+110.321,+2.103,+6.826,+2.060,+5.681,+15.000,+6.000,+98.199,+102.915,+113.073,+104.556,+104.092,+103.995,+4.143,+0.764
0,189,+9.000,+9.000,+0.000,+0.000,+98.777,+99.879,NaN,NaN,+102.062,+155.921,NaN,NaN,+100.705,+109.030,NaN,NaN,+1.348,+16.769,NaN,NaN,+9.000,+0.000,+99.630,NaN,+128.992,NaN,+104.868,NaN,+8.702,NaN
0,190,+6.000,+6.000,+3.000,+3.000,+97.168,+99.423,+97.808,+104.066,+107.540,+155.826,+97.808,+104.066,+103.023,+130.546,+97.808,+104.066,+3.245,+25.448,+0.000,+0.000,+6.000,+3.000,+98.295,+98.213,+130.520,+98.213,+116.784,+98.213,+13.458,+0.000
0,191,+9.000,+9.000,+2.000,+2.000,+96.376,+99.135,+96.695,+97.528,+105.878,+113.745,+96.695,+97.528,+101.110,+105.605,+96.695,+97.528,+2.864,+4.926,+0.000,+0.000,+9.000,+2.000,+97.755,+97.112,+108.365,+97.112,+103.358,+97.112,+3.540,+0.000
0,192,+5.000,+5.000,+3.000,+3.000,+99.182,+102.784,+97.528,+158.011,+103.014,+136.265,+97.528,+202.145,+101.553,+124.044,+97.528,+174.509,+1.623,+11.212,+0.000,+19.664,+5.000,+3.000,+101.405,+97.528,+117.724,+97.528,+112.798,+97.528,+5.797,+0.000
0,193,+3.000,+3.000,+0.000,+0.000,+99.347,+151.069,NaN,NaN,+99.347,+151.069,NaN,NaN,+99.347,+151.069,NaN,NaN,+0.000,+0.000,NaN,NaN,+3.000,+0.000,+125.208,NaN,+125.208,NaN,+125.208,NaN,+0.000,NaN
0,194,+0.000,+0.000,+9.000,+9.000,NaN,NaN,+97.528,+98.940,NaN,NaN,+104.066,+114.598,NaN,NaN,+100.309,+108.255,NaN,NaN,+2.377,+4.464,+0.000,+9.000,NaN,+98.779,NaN,+109.267,NaN,+102.432,NaN,+3.138
0,195,+7.000,+7.000,+7.000,+7.000,+97.694,+103.929,+102.154,+103.661,+118.751,+168.190,+104.066,+119.720,+103.275,+132.536,+103.073,+107.938,+7.002,+28.570,+0.807,+5.560,+7.000,+7.000,+101.452,+103.253,+141.048,+104.066,+117.906,+103.834,+15.615,+0.253
0,196,+9.000,+9.000,+12.000,+12.000,+97.551,+98.777,+97.528,+116.779,+104.521,+108.807,+117.539,+157.773,+99.529,+101.012,+103.632,+135.046,+1.968,+2.971,+5.503,+13.302,+9.000,+12.000,+98.271,+100.595,+106.664,+119.033,+100.271,+111.417,+2.453,+7.299
0,197,+8.000,+8.000,+6.000,+6.000,+97.090,+99.417,+100.407,+103.661,+102.671,+108.977,+103.661,+106.102,+99.888,+103.551,+102.034,+104.882,+1.887,+4.288,+1.627,+1.220,+8.000,+6.000,+98.254,+102.034,+105.824,+103.661,+101.720,+102.848,+3.030,+0.813
0,198,+14.000,+14.000,+12.000,+12.000,+96.215,+101.734,+101.468,+104.157,+109.290,+139.508,+103.531,+141.164,+102.764,+109.060,+103.057,+123.689,+3.284,+10.330,+0.743,+11.965,+14.000,+12.000,+99.443,+103.531,+121.952,+103.849,+105.912,+103.611,+6.262,+0.138
0,199,+9.000,+9.000,+3.000,+3.000,+98.746,+101.774,+102.296,+103.531,+104.179,+104.640,+102.751,+103.531,+100.712,+103.303,+102.448,+103.531,+1.957,+0.963,+0.215,+0.000,+9.000,+3.000,+100.454,+102.751,+104.312,+102.914,+102.007,+102.860,+1.356,+0.077
0,200,+6.000,+6.000,+7.000,+7.000,+97.375,+102.316,+101.335,+103.845,+103.750,+105.835,+105.095,+133.443,+100.045,+104.076,+102.670,+117.063,+2.039,+1.760,+1.343,+10.244,+6.000,+7.000,+100.616,+103.468,+104.793,+111.804,+102.060,+105.434,+1.576,+2.794
0,201,+9.000,+9.000,+3.000,+3.000,+96.205,+97.784,+100.337,+102.327,+104.590,+122.817,+101.335,+117.253,+100.376,+104.741,+101.002,+110.133,+2.884,+6.900,+0.471,+6.113,+9.000,+3.000,+96.994,+101.316,+113.268,+101.816,+102.559,+101.649,+4.477,+0.235
0,202,+7.000,+7.000,+6.000,+6.000,+98.871,+103.536,+99.671,+103.500,+116.465,+140.776,+100.536,+126.379,+106.461,+116.238,+99.838,+114.940,+6.159,+15.855,+0.316,+11.440,+7.000,+6.000,+101.204,+99.671,+127.062,+100.536,+111.350,+99.958,+9.923,+0.295
0,203,+7.000,+7.000,+5.000,+5.000,+97.260,+99.721,+97.364,+109.107,+102.045,+103.750,+109.934,+116.473,+99.926,+102.274,+101.361,+114.804,+1.334,+1.682,+5.160,+2.874,+7.000,+5.000,+99.633,+108.364,+102.328,+113.203,+101.100,+111.308,+1.077,+1.810
0,204,+4.000,+4.000,+12.000,+12.000,+98.220,+98.408,+96.625,+109.199,+102.380,+106.850,+108.081,+122.015,+101.085,+104.739,+101.180,+114.373,+1.672,+3.655,+2.939,+4.377,+4.000,+12.000,+98.314,+99.179,+104.615,+112.321,+102.912,+105.826,+2.657,+3.845
0,205,+5.000,+5.000,+11.000,+11.000,+98.948,+102.802,+97.706,+101.690,+101.166,+110.189,+102.382,+117.988,+100.292,+105.220,+100.314,+108.328,+0.925,+2.928,+1.757,+5.991,+5.000,+11.000,+101.909,+99.728,+104.811,+106.487,+102.756,+103.524,+1.094,+2.279
0,206,+4.000,+4.000,+12.000,+12.000,+97.160,+97.504,+97.087,+104.716,+99.408,+99.433,+110.173,+167.837,+97.722,+98.647,+103.714,+130.620,+0.974,+0.705,+4.890,+19.109,+4.000,+12.000,+97.332,+98.352,+99.421,+111.104,+98.184,+107.885,+0.763,+4.715
0,207,+4.000,+4.000,+11.000,+11.000,+99.204,+103.330,+98.329,+102.936,+104.596,+104.596,+104.716,+126.333,+101.963,+103.946,+101.800,+112.483,+2.294,+0.448,+2.469,+8.321,+4.000,+11.000,+101.267,+99.395,+104.596,+107.715,+102.954,+103.149,+1.339,+2.794
0,208,+6.000,+6.000,+6.000,+6.000,+99.529,+104.596,+98.007,+126.735,+105.385,+115.555,+103.217,+134.452,+102.366,+110.076,+98.941,+130.593,+2.607,+5.479,+1.914,+3.859,+6.000,+6.000,+102.062,+98.105,+110.470,+103.967,+106.221,+99.558,+3.496,+2.181
0,209,+3.000,+3.000,+12.000,+12.000,+97.221,+99.422,+97.348,+102.316,+97.763,+99.435,+104.716,+165.181,+97.583,+99.431,+100.459,+126.254,+0.256,+0.006,+2.282,+24.648,+3.000,+12.000,+98.328,+99.980,+98.599,+108.071,+98.507,+103.231,+0.126,+2.354
0,210,+12.000,+12.000,+6.000,+6.000,+97.232,+100.913,+97.062,+98.385,+112.129,+122.569,+99.044,+129.006,+104.473,+108.854,+97.803,+113.696,+4.769,+5.571,+0.599,+15.311,+12.000,+6.000,+99.073,+98.023,+113.603,+99.249,+106.664,+98.288,+3.953,+0.445
0,211,+6.000,+6.000,+10.000,+10.000,+97.109,+108.594,+98.430,+100.143,+116.071,+119.856,+100.704,+108.740,+104.410,+114.225,+99.674,+104.517,+6.016,+5.631,+0.979,+3.676,+6.000,+10.000,+103.924,+99.287,+117.964,+100.978,+109.317,+100.599,+4.551,+0.507
0,212,+6.000,+6.000,+7.000,+7.000,+97.675,+101.085,+97.265,+101.421,+106.445,+119.310,+101.873,+114.271,+100.526,+110.197,+99.422,+106.696,+3.038,+9.113,+1.926,+4.643,+6.000,+7.000,+99.380,+99.258,+112.877,+102.094,+105.362,+101.147,+5.752,+0.910
0,213,+7.000,+7.000,+3.000,+3.000,+98.353,+99.460,+95.628,+107.153,+99.630,+122.563,+98.665,+107.153,+99.375,+109.434,+97.180,+107.153,+0.424,+11.370,+1.241,+0.000,+7.000,+3.000,+99.460,+97.955,+111.096,+101.391,+104.404,+99.740,+5.590,+1.406
0,214,+14.000,+14.000,+0.000,+0.000,+98.376,+100.941,NaN,NaN,+102.949,+106.001,NaN,NaN,+100.977,+102.697,NaN,NaN,+1.508,+1.474,NaN,NaN,+14.000,+0.000,+99.897,NaN,+104.475,NaN,+101.837,NaN,+1.263,NaN
0,215,+6.000,+6.000,+5.000,+5.000,+96.252,+102.697,+98.140,+99.722,+100.049,+118.824,+99.351,+172.832,+98.059,+109.093,+98.697,+122.694,+1.099,+6.610,+0.385,+25.880,+6.000,+5.000,+100.338,+98.933,+108.401,+100.833,+103.576,+99.358,+3.061,+0.738
0,216,+6.000,+6.000,+8.000,+8.000,+96.051,+102.697,+100.115,+105.447,+102.316,+110.183,+106.610,+130.372,+98.054,+106.440,+103.969,+114.537,+2.335,+3.743,+2.258,+9.697,+6.000,+8.000,+99.374,+101.680,+106.249,+115.101,+102.247,+107.502,+2.526,+4.705
0,217,+6.000,+6.000,+3.000,+3.000,+98.006,+99.675,+96.981,+97.772,+102.283,+113.169,+98.234,+102.471,+99.206,+105.922,+97.399,+100.827,+1.526,+6.326,+0.591,+2.163,+6.000,+3.000,+98.841,+97.376,+106.400,+99.317,+102.564,+98.100,+3.724,+0.866
0,218,+11.000,+11.000,+3.000,+3.000,+99.351,+99.631,+99.459,+111.554,+102.316,+118.602,+101.085,+124.894,+100.395,+105.103,+100.001,+119.899,+1.212,+8.279,+0.766,+5.939,+11.000,+3.000,+99.491,+100.272,+110.459,+102.182,+102.749,+100.908,+4.733,+0.901
0,219,+14.000,+14.000,+6.000,+6.000,+95.473,+100.854,+96.160,+102.697,+109.282,+129.609,+97.775,+108.260,+103.968,+111.974,+97.371,+104.097,+4.490,+9.445,+0.571,+1.967,+14.000,+6.000,+98.163,+97.641,+119.092,+99.422,+107.971,+98.509,+6.430,+0.649
0,220,+6.000,+6.000,+9.000,+9.000,+100.585,+103.746,+97.913,+98.021,+104.142,+106.377,+110.964,+122.407,+101.571,+105.061,+103.553,+114.606,+1.330,+1.315,+4.904,+7.467,+6.000,+9.000,+102.165,+97.967,+105.260,+112.035,+103.316,+107.240,+1.053,+5.236
0,221,+5.000,+5.000,+12.000,+12.000,+100.159,+106.847,+97.032,+102.697,+104.904,+118.904,+103.767,+162.878,+102.499,+111.604,+101.396,+118.942,+1.872,+5.827,+2.383,+18.944,+5.000,+12.000,+103.503,+100.339,+111.904,+104.607,+107.051,+102.985,+3.194,+1.239
0,222,+12.000,+12.000,+6.000,+6.000,+98.797,+100.741,+100.111,+102.571,+108.926,+119.477,+103.848,+116.370,+101.805,+107.363,+101.534,+109.275,+2.832,+6.300,+1.169,+5.459,+12.000,+6.000,+99.769,+101.491,+114.202,+104.230,+104.584,+102.691,+4.246,+0.906
0,223,+10.000,+10.000,+9.000,+9.000,+98.439,+100.231,+95.937,+102.067,+101.902,+125.291,+105.349,+160.123,+100.456,+109.125,+99.799,+125.457,+1.336,+8.018,+2.522,+24.861,+10.000,+9.000,+99.335,+101.593,+113.257,+106.017,+104.790,+103.500,+4.277,+1.622
0,224,+12.000,+12.000,+6.000,+6.000,+98.823,+101.642,+97.850,+105.353,+128.464,+131.011,+105.548,+145.426,+105.164,+113.514,+100.966,+120.359,+7.882,+11.124,+3.393,+15.792,+12.000,+6.000,+100.232,+103.190,+129.738,+105.761,+109.339,+104.998,+8.919,+0.853
0,225,+3.000,+3.000,+8.000,+8.000,+100.016,+116.943,+99.489,+102.035,+101.642,+116.943,+104.088,+120.669,+101.100,+116.943,+101.238,+107.764,+0.766,+0.000,+1.746,+5.268,+3.000,+8.000,+108.480,+99.634,+109.292,+108.590,+109.021,+104.143,+0.383,+2.456
0,226,+15.000,+15.000,+3.000,+3.000,+98.051,+100.977,+98.681,+104.489,+105.026,+137.205,+103.678,+104.509,+100.530,+110.619,+101.297,+104.502,+1.873,+13.412,+2.047,+0.009,+15.000,+3.000,+100.147,+101.585,+120.307,+104.093,+105.575,+102.761,+6.998,+1.030
0,227,+13.000,+13.000,+10.000,+10.000,+101.081,+101.534,+101.806,+104.509,+113.604,+140.314,+113.908,+116.975,+103.546,+118.616,+104.141,+106.753,+3.228,+14.646,+3.816,+3.826,+13.000,+10.000,+101.534,+104.274,+124.147,+115.441,+111.081,+106.117,+8.057,+3.447
0,228,+6.000,+6.000,+12.000,+12.000,+97.797,+101.081,+101.280,+104.040,+107.991,+110.395,+104.602,+112.787,+101.005,+104.379,+102.721,+107.811,+3.449,+3.634,+1.069,+2.552,+6.000,+12.000,+99.439,+103.649,+109.193,+106.655,+102.692,+104.711,+3.395,+1.063
0,229,+14.000,+14.000,+6.000,+6.000,+98.874,+100.026,+96.075,+105.548,+107.520,+138.129,+112.664,+115.673,+101.252,+112.172,+101.699,+113.520,+2.292,+13.688,+5.459,+3.589,+14.000,+6.000,+99.450,+98.128,+119.073,+112.955,+106.712,+105.115,+7.489,+6.083
0,230,+15.000,+15.000,+9.000,+9.000,+96.960,+98.798,+99.431,+107.287,+107.520,+144.412,+104.602,+114.565,+100.162,+109.532,+102.753,+110.769,+2.399,+17.465,+1.807,+2.979,+15.000,+9.000,+98.544,+103.743,+125.966,+109.583,+104.847,+104.731,+9.520,+1.852
0,231,+9.000,+9.000,+6.000,+6.000,+98.904,+100.400,+100.707,+102.732,+101.299,+128.225,+103.033,+135.606,+100.821,+109.424,+102.178,+119.169,+0.732,+9.590,+0.905,+16.437,+9.000,+6.000,+99.652,+101.720,+114.762,+103.635,+105.122,+102.831,+4.961,+0.770
0,232,+8.000,+8.000,+4.000,+4.000,+96.803,+105.722,+96.388,+103.033,+107.520,+196.201,+105.217,+108.835,+101.137,+140.605,+101.396,+105.537,+3.565,+29.234,+3.239,+2.090,+8.000,+4.000,+101.688,+101.707,+147.963,+105.217,+120.871,+103.800,+15.460,+1.307
0,233,+3.000,+3.000,+5.000,+5.000,+99.798,+104.127,+97.186,+103.423,+101.008,+104.127,+101.096,+111.423,+100.201,+104.127,+99.340,+107.502,+0.571,+0.000,+1.296,+2.703,+3.000,+5.000,+101.962,+100.606,+102.568,+102.064,+102.164,+101.195,+0.285,+0.476
0,234,+3.000,+3.000,+3.000,+3.000,+96.286,+115.373,+95.511,+99.798,+99.484,+123.373,+97.511,+99.798,+97.354,+120.706,+96.178,+99.798,+1.506,+3.771,+0.943,+0.000,+3.000,+3.000,+107.428,+97.654,+109.832,+98.654,+109.030,+97.988,+1.133,+0.471
0,235,+6.000,+6.000,+0.000,+0.000,+99.484,+102.707,NaN,NaN,+105.967,+138.188,NaN,NaN,+101.340,+118.698,NaN,NaN,+2.358,+13.343,NaN,NaN,+6.000,+0.000,+101.095,NaN,+119.619,NaN,+110.019,NaN,+7.449,NaN
0,236,+14.000,+14.000,+6.000,+6.000,+98.666,+104.759,+98.101,+100.257,+124.373,+131.855,+99.725,+100.577,+104.327,+113.666,+99.098,+100.417,+6.612,+10.374,+0.653,+0.160,+14.000,+6.000,+101.997,+99.339,+128.114,+100.257,+108.996,+99.802,+7.875,+0.306
0,237,+3.000,+3.000,+0.000,+0.000,+101.400,+129.083,NaN,NaN,+104.200,+129.083,NaN,NaN,+102.603,+129.083,NaN,NaN,+1.177,+0.000,NaN,NaN,+3.000,+0.000,+115.242,NaN,+116.642,NaN,+115.843,NaN,+0.588,NaN
0,238,+10.000,+10.000,+4.000,+4.000,+95.660,+98.587,+101.092,+101.409,+117.495,+154.434,+103.444,+118.141,+101.286,+117.541,+102.356,+113.958,+6.282,+15.474,+1.095,+7.245,+10.000,+4.000,+97.871,+101.250,+126.268,+103.804,+109.414,+102.916,+8.492,+1.045
0,239,+10.000,+10.000,+3.000,+3.000,+98.752,+98.792,+99.982,+104.478,+109.794,+123.310,+103.295,+105.490,+103.360,+108.735,+102.191,+104.815,+3.351,+7.567,+1.562,+0.477,+10.000,+3.000,+98.772,+101.638,+114.950,+104.393,+106.047,+103.306,+5.002,+1.197
0,240,+15.000,+15.000,+0.000,+0.000,+95.804,+98.584,NaN,NaN,+106.470,+162.444,NaN,NaN,+101.908,+121.196,NaN,NaN,+3.157,+23.493,NaN,NaN,+15.000,+0.000,+97.950,NaN,+134.457,NaN,+111.552,NaN,+12.935,NaN
0,241,+14.000,+14.000,+0.000,+0.000,+98.786,+101.132,NaN,NaN,+106.470,+177.956,NaN,NaN,+102.776,+120.327,NaN,NaN,+2.474,+28.296,NaN,NaN,+14.000,+0.000,+100.104,NaN,+142.213,NaN,+111.551,NaN,+14.631,NaN
0,242,+6.000,+6.000,+0.000,+0.000,+101.016,+102.993,NaN,NaN,+102.596,+127.614,NaN,NaN,+101.596,+115.303,NaN,NaN,+0.596,+12.310,NaN,NaN,+6.000,+0.000,+102.005,NaN,+115.105,NaN,+108.450,NaN,+6.349,NaN
0,243,+9.000,+9.000,+0.000,+0.000,+100.512,+101.132,NaN,NaN,+102.596,+111.000,NaN,NaN,+101.506,+104.187,NaN,NaN,+0.744,+3.696,NaN,NaN,+9.000,+0.000,+100.936,NaN,+106.598,NaN,+102.846,NaN,+1.877,NaN
0,244,+11.000,+11.000,+3.000,+3.000,+96.798,+99.020,+98.826,+102.596,+102.028,+107.803,+99.132,+102.596,+99.795,+104.026,+99.030,+102.596,+1.772,+3.109,+0.144,+0.000,+11.000,+3.000,+98.375,+100.431,+104.916,+100.584,+101.911,+100.533,+2.048,+0.072
0,245,+3.000,+3.000,+9.000,+9.000,+98.811,+102.596,+98.826,+105.217,+100.669,+102.596,+108.256,+137.409,+99.862,+102.596,+104.016,+116.628,+0.778,+0.000,+4.372,+11.867,+3.000,+9.000,+100.704,+103.287,+101.632,+108.641,+101.229,+107.004,+0.389,+2.097
0,246,+12.000,+12.000,+4.000,+4.000,+97.834,+101.869,+101.418,+133.110,+107.902,+115.963,+103.606,+170.627,+102.594,+109.083,+102.129,+161.248,+2.306,+4.751,+0.863,+16.245,+12.000,+4.000,+100.066,+101.582,+111.933,+103.900,+105.839,+102.856,+3.266,+0.828
0,247,+9.000,+9.000,+4.000,+4.000,+99.423,+102.596,+99.934,+115.728,+103.060,+135.999,+106.837,+128.952,+101.197,+109.273,+102.606,+124.146,+1.664,+10.090,+2.577,+5.012,+9.000,+4.000,+101.009,+104.967,+119.529,+107.938,+105.235,+105.777,+5.465,+1.253
0,248,+7.000,+7.000,+3.000,+3.000,+99.032,+101.676,+98.005,+113.235,+105.837,+106.673,+100.452,+113.235,+102.915,+104.410,+98.821,+113.235,+2.307,+2.011,+1.154,+0.000,+7.000,+3.000,+101.046,+99.489,+106.255,+101.111,+103.662,+100.030,+2.030,+0.765
0,249,+5.000,+5.000,+8.000,+8.000,+99.204,+118.634,+96.198,+100.452,+104.755,+160.875,+99.882,+108.740,+102.340,+142.887,+98.298,+102.733,+1.780,+19.277,+1.067,+2.549,+5.000,+8.000,+111.306,+98.366,+131.728,+100.289,+122.613,+99.404,+9.138,+0.744
0,250,+3.000,+3.000,+1.000,+1.000,+98.760,+105.693,+98.190,+98.190,+101.401,+105.693,+98.190,+98.190,+100.204,+105.693,+98.190,+98.190,+1.092,+0.000,+0.000,+0.000,+3.000,+1.000,+102.226,+98.190,+103.547,+98.190,+102.948,+98.190,+0.546,+0.000
0,251,+11.000,+11.000,+3.000,+3.000,+99.135,+102.337,+98.190,+106.122,+102.571,+115.752,+100.639,+126.294,+100.871,+106.505,+99.441,+113.998,+1.230,+5.703,+1.001,+8.809,+11.000,+3.000,+100.972,+100.774,+109.162,+103.381,+103.688,+102.030,+3.115,+1.066
0,252,+9.000,+9.000,+9.000,+9.000,+102.026,+102.106,+98.190,+100.043,+125.249,+153.900,+103.217,+139.445,+107.022,+124.609,+100.920,+112.579,+7.435,+19.050,+2.145,+15.195,+9.000,+9.000,+102.066,+99.750,+128.724,+103.217,+115.815,+102.017,+11.009,+1.174
0,253,+12.000,+12.000,+3.000,+3.000,+101.102,+101.401,+102.480,+115.180,+102.580,+113.858,+102.480,+115.180,+101.786,+105.537,+102.480,+115.180,+0.442,+3.919,+0.000,+0.000,+12.000,+3.000,+101.401,+102.724,+107.992,+102.724,+103.662,+102.724,+1.942,+0.000
0,254,+9.000,+9.000,+4.000,+4.000,+102.126,+102.126,+97.269,+99.251,+105.243,+113.223,+98.946,+110.344,+102.541,+106.424,+98.461,+105.255,+0.964,+3.487,+0.694,+3.960,+9.000,+4.000,+102.126,+99.081,+107.792,+100.713,+104.482,+99.892,+1.896,+0.810
0,255,+3.000,+3.000,+7.000,+7.000,+102.680,+122.480,+102.129,+110.588,+103.151,+166.530,+109.751,+144.057,+102.923,+150.421,+103.221,+127.022,+0.193,+19.835,+2.666,+14.884,+3.000,+7.000,+112.815,+105.940,+134.734,+113.843,+126.672,+110.219,+9.842,+3.186
0,256,+15.000,+15.000,+3.000,+3.000,+98.063,+102.359,+101.716,+101.792,+107.572,+119.283,+101.792,+101.792,+103.327,+108.252,+101.741,+101.792,+2.633,+5.761,+0.036,+0.000,+15.000,+3.000,+100.232,+101.754,+112.679,+101.792,+105.789,+101.766,+3.594,+0.018
0,257,+17.000,+17.000,+5.000,+5.000,+97.832,+100.929,+100.645,+101.357,+113.263,+147.037,+105.201,+113.825,+101.839,+114.455,+102.139,+108.361,+3.297,+16.130,+1.902,+4.429,+17.000,+5.000,+99.381,+101.001,+125.002,+106.574,+108.147,+103.231,+8.649,+2.001
0,258,+9.000,+9.000,+0.000,+0.000,+98.223,+101.928,NaN,NaN,+105.329,+125.264,NaN,NaN,+100.524,+108.381,NaN,NaN,+1.988,+7.340,NaN,NaN,+9.000,+0.000,+100.443,NaN,+113.014,NaN,+104.453,NaN,+4.004,NaN
0,259,+8.000,+8.000,+3.000,+3.000,+96.859,+101.974,+100.556,+100.618,+103.650,+144.106,+100.556,+104.090,+101.043,+118.844,+100.556,+102.932,+2.200,+19.151,+0.000,+1.636,+8.000,+3.000,+99.416,+100.587,+123.250,+102.323,+109.944,+101.664,+9.778,+0.768
0,260,+9.000,+9.000,+6.000,+6.000,+97.804,+101.638,+96.966,+101.633,+112.605,+146.273,+100.245,+101.633,+103.096,+120.876,+99.174,+101.633,+3.828,+16.120,+1.068,+0.000,+9.000,+6.000,+99.721,+98.833,+129.439,+101.546,+111.986,+100.307,+9.243,+0.905
0,261,+15.000,+15.000,+4.000,+4.000,+100.040,+104.124,+101.616,+104.802,+135.442,+147.827,+104.557,+128.185,+105.217,+121.463,+102.666,+121.304,+8.297,+17.379,+1.121,+9.575,+15.000,+4.000,+102.082,+101.931,+140.135,+116.494,+113.340,+106.946,+11.150,+5.626
0,262,+11.000,+11.000,+4.000,+4.000,+97.805,+98.149,+104.843,+105.224,+107.048,+141.944,+106.073,+116.863,+102.702,+113.073,+105.151,+111.135,+2.735,+10.894,+0.533,+4.636,+11.000,+4.000,+97.977,+105.034,+121.937,+111.468,+107.888,+106.917,+5.959,+2.638
0,263,+3.000,+3.000,+1.000,+1.000,+98.660,+115.558,+101.688,+101.688,+105.673,+139.238,+101.688,+101.688,+100.997,+126.279,+101.688,+101.688,+3.306,+9.796,+0.000,+0.000,+3.000,+1.000,+110.616,+101.688,+118.949,+101.688,+113.638,+101.688,+3.767,+0.000
0,264,+3.000,+3.000,+9.000,+9.000,+98.039,+111.368,+95.845,+105.201,+102.375,+135.845,+101.688,+132.908,+100.287,+123.176,+98.842,+117.063,+1.773,+10.011,+1.869,+9.736,+3.000,+9.000,+104.704,+96.702,+119.110,+104.510,+111.731,+101.216,+5.886,+2.324
0,265,+3.000,+3.000,+6.000,+6.000,+96.884,+103.666,+97.729,+101.688,+99.718,+147.883,+101.688,+115.092,+98.005,+129.880,+100.208,+106.805,+1.230,+18.963,+1.786,+5.361,+3.000,+6.000,+101.692,+100.736,+122.384,+105.720,+113.943,+102.248,+8.866,+1.638
0,266,+6.000,+6.000,+7.000,+7.000,+99.180,+101.066,+96.025,+97.559,+105.329,+105.464,+103.213,+131.672,+101.604,+103.265,+100.136,+107.913,+2.405,+2.199,+2.566,+10.355,+6.000,+7.000,+100.123,+96.792,+105.396,+107.138,+102.434,+102.483,+2.259,+3.557
0,267,+11.000,+11.000,+9.000,+9.000,+97.590,+100.527,+97.751,+100.645,+104.519,+140.842,+101.570,+106.146,+100.735,+111.807,+99.871,+102.826,+1.862,+13.929,+1.357,+2.386,+11.000,+9.000,+99.259,+99.180,+120.399,+101.629,+106.271,+100.740,+7.354,+0.840
0,268,+11.000,+11.000,+9.000,+9.000,+102.938,+104.519,+99.959,+101.570,+122.629,+122.799,+102.844,+121.155,+108.722,+113.735,+101.398,+108.611,+5.508,+6.268,+0.955,+6.077,+11.000,+9.000,+104.519,+100.765,+122.714,+103.045,+111.229,+102.089,+5.316,+0.635
0,269,+8.000,+8.000,+3.000,+3.000,+99.421,+101.436,+98.278,+102.648,+106.805,+123.199,+102.006,+102.648,+103.854,+108.341,+99.672,+102.648,+2.809,+7.910,+1.660,+0.000,+8.000,+3.000,+100.429,+99.705,+115.002,+102.327,+106.097,+100.797,+5.013,+1.114
0,270,+9.000,+9.000,+11.000,+11.000,+95.355,+106.339,+102.648,+106.189,+107.897,+143.149,+109.488,+138.105,+101.576,+116.894,+105.431,+118.850,+3.891,+12.995,+2.493,+8.809,+9.000,+11.000,+100.847,+104.503,+125.523,+110.109,+109.235,+107.303,+7.347,+2.045
0,271,+2.000,+2.000,+12.000,+12.000,+101.436,+114.350,+98.085,+99.393,+101.436,+123.513,+104.384,+114.365,+101.436,+118.931,+101.059,+108.368,+0.000,+4.581,+2.319,+4.608,+2.000,+12.000,+107.893,+99.280,+112.474,+107.200,+110.184,+103.703,+2.291,+2.356
0,272,+11.000,+11.000,+3.000,+3.000,+100.776,+101.436,+100.371,+101.293,+146.580,+148.908,+103.156,+105.218,+106.212,+122.708,+101.607,+103.910,+12.860,+21.121,+1.159,+1.850,+11.000,+3.000,+101.436,+101.293,+147.389,+103.156,+114.460,+102.415,+14.625,+0.807
0,273,+10.000,+10.000,+0.000,+0.000,+98.792,+98.963,NaN,NaN,+102.148,+109.715,NaN,NaN,+100.517,+103.552,NaN,NaN,+1.197,+2.987,NaN,NaN,+10.000,+0.000,+98.878,NaN,+105.249,NaN,+102.034,NaN,+1.926,NaN
0,274,+0.000,+0.000,+5.000,+5.000,NaN,NaN,+98.732,+102.496,NaN,NaN,+103.290,+116.103,NaN,NaN,+100.555,+110.787,NaN,NaN,+2.233,+6.514,+0.000,+5.000,NaN,+101.966,NaN,+105.174,NaN,+103.561,NaN,+1.350
0,275,+12.000,+12.000,+12.000,+12.000,+96.414,+100.284,+96.340,+103.290,+125.607,+143.718,+112.737,+139.589,+104.723,+113.076,+102.103,+113.418,+8.868,+15.040,+3.847,+10.090,+12.000,+12.000,+98.349,+102.313,+129.125,+120.211,+108.900,+105.845,+11.560,+5.172
0,276,+6.000,+6.000,+6.000,+6.000,+97.644,+101.113,+100.292,+104.470,+102.696,+105.400,+104.375,+113.336,+99.742,+103.256,+102.302,+107.692,+1.695,+2.143,+1.565,+3.522,+6.000,+6.000,+99.378,+102.195,+104.048,+104.499,+101.499,+103.582,+1.453,+0.788
0,277,+3.000,+3.000,+6.000,+6.000,+98.776,+102.305,+97.644,+100.874,+102.375,+143.303,+100.555,+120.840,+100.405,+116.880,+98.947,+113.084,+1.489,+18.717,+1.339,+6.215,+3.000,+6.000,+100.540,+98.642,+121.683,+101.603,+108.642,+100.608,+9.311,+1.107
0,278,+7.000,+7.000,+3.000,+3.000,+97.057,+98.963,+100.555,+111.127,+99.826,+114.694,+100.555,+134.068,+98.136,+103.971,+100.555,+125.192,+1.172,+6.852,+0.000,+10.059,+7.000,+3.000,+98.010,+103.383,+107.260,+106.010,+101.054,+104.258,+3.973,+1.239
0,279,+12.000,+12.000,+3.000,+3.000,+96.719,+101.301,+99.826,+101.252,+105.856,+108.233,+99.826,+106.989,+100.996,+104.885,+99.826,+103.915,+2.943,+1.713,+0.000,+2.360,+12.000,+3.000,+99.010,+99.826,+106.766,+99.826,+102.940,+99.826,+2.219,+0.000
0,280,+9.000,+9.000,+0.000,+0.000,+96.910,+97.694,NaN,NaN,+100.312,+103.287,NaN,NaN,+98.582,+100.221,NaN,NaN,+1.301,+1.618,NaN,NaN,+9.000,+0.000,+97.302,NaN,+101.800,NaN,+99.401,NaN,+1.396,NaN
0,281,+6.000,+6.000,+4.000,+4.000,+100.707,+117.509,+102.269,+103.796,+123.890,+140.912,+107.816,+126.010,+107.114,+128.432,+105.266,+117.494,+7.859,+7.026,+2.570,+8.394,+6.000,+4.000,+110.813,+103.479,+125.313,+114.967,+117.773,+108.445,+4.961,+4.533
0,282,+6.000,+6.000,+5.000,+5.000,+96.834,+100.707,+105.613,+108.605,+101.922,+150.663,+111.318,+121.991,+100.073,+120.797,+107.740,+115.833,+1.979,+21.438,+1.923,+4.857,+6.000,+5.000,+98.771,+107.791,+126.292,+114.484,+110.435,+110.767,+11.595,+2.788
0,283,+9.000,+9.000,+8.000,+8.000,+101.179,+103.690,+99.245,+108.578,+112.204,+147.099,+114.392,+143.369,+103.233,+123.855,+105.964,+122.126,+3.436,+17.012,+6.157,+13.069,+9.000,+8.000,+102.921,+106.129,+129.651,+114.392,+113.544,+111.721,+9.766,+2.701
0,284,+9.000,+9.000,+0.000,+0.000,+96.039,+102.152,NaN,NaN,+109.532,+122.376,NaN,NaN,+101.497,+111.417,NaN,NaN,+4.303,+7.123,NaN,NaN,+9.000,+0.000,+99.096,NaN,+115.954,NaN,+106.457,NaN,+5.556,NaN
0,285,+5.000,+5.000,+3.000,+3.000,+97.725,+99.175,+101.655,+111.106,+103.016,+104.119,+106.188,+111.106,+99.626,+100.848,+103.344,+111.106,+1.848,+1.701,+2.022,+0.000,+5.000,+3.000,+98.944,+101.923,+103.568,+106.188,+100.237,+104.100,+1.708,+1.742
0,286,+9.000,+9.000,+9.000,+9.000,+96.893,+99.574,+101.068,+112.679,+102.490,+116.216,+106.188,+144.865,+99.379,+106.360,+103.498,+120.643,+1.704,+7.261,+2.098,+10.731,+9.000,+9.000,+99.112,+102.152,+109.353,+106.269,+102.869,+105.020,+3.983,+1.207
0,287,+6.000,+6.000,+9.000,+9.000,+96.355,+100.611,+97.651,+104.959,+106.188,+131.238,+104.787,+116.635,+99.353,+113.597,+101.800,+106.901,+3.164,+12.554,+3.141,+3.521,+6.000,+9.000,+99.631,+102.226,+115.627,+105.487,+106.475,+104.598,+7.026,+0.954
0,288,+13.000,+13.000,+9.000,+9.000,+97.088,+98.182,+100.498,+105.176,+109.523,+130.193,+102.870,+114.067,+102.979,+112.254,+102.001,+107.524,+4.599,+10.766,+0.662,+2.936,+13.000,+9.000,+97.635,+101.684,+119.677,+104.023,+107.617,+102.899,+7.126,+0.851
0,289,+6.000,+6.000,+6.000,+6.000,+97.355,+100.824,+102.867,+111.098,+126.765,+153.750,+135.640,+143.343,+103.605,+115.987,+111.897,+130.870,+10.435,+17.745,+13.183,+11.225,+6.000,+6.000,+99.090,+106.984,+140.258,+137.147,+109.796,+121.912,+13.980,+12.515
0,290,+13.000,+13.000,+7.000,+7.000,+97.596,+100.458,+101.798,+105.176,+121.028,+128.128,+114.479,+123.324,+104.563,+112.324,+106.975,+118.660,+5.599,+9.112,+4.927,+6.223,+13.000,+7.000,+99.027,+104.473,+124.578,+115.438,+108.443,+112.223,+6.275,+3.632
0,291,+5.000,+5.000,+2.000,+2.000,+97.021,+97.737,+98.942,+109.594,+106.574,+125.959,+103.533,+121.006,+99.847,+117.318,+101.237,+115.300,+3.584,+11.381,+2.296,+5.706,+5.000,+2.000,+97.379,+101.237,+113.182,+104.354,+108.582,+102.796,+5.787,+1.558
0,292,+0.000,+0.000,+6.000,+6.000,NaN,NaN,+105.176,+105.885,NaN,NaN,+105.311,+113.749,NaN,NaN,+105.198,+109.556,NaN,NaN,+0.051,+3.708,+0.000,+6.000,NaN,+105.243,NaN,+105.858,NaN,+105.368,NaN,+0.221
0,293,+5.000,+5.000,+7.000,+7.000,+96.603,+96.775,+102.764,+109.212,+103.434,+125.407,+117.208,+161.159,+99.899,+114.042,+110.144,+133.128,+2.890,+13.920,+4.838,+24.424,+5.000,+7.000,+96.689,+108.782,+114.420,+125.070,+106.971,+115.451,+8.223,+6.046
0,294,+7.000,+7.000,+9.000,+9.000,+99.081,+100.256,+98.724,+109.096,+122.869,+186.024,+109.791,+113.014,+105.202,+138.785,+105.553,+110.335,+7.550,+25.619,+4.010,+1.322,+7.000,+9.000,+99.668,+102.094,+144.656,+111.113,+121.994,+108.001,+14.254,+2.893
0,295,+9.000,+9.000,+5.000,+5.000,+101.887,+104.810,+97.846,+118.271,+105.696,+127.488,+103.133,+164.176,+103.365,+112.537,+101.807,+137.451,+1.256,+10.574,+2.046,+18.244,+9.000,+5.000,+103.359,+102.468,+116.592,+105.017,+107.951,+104.089,+5.576,+1.075
0,296,+4.000,+4.000,+3.000,+3.000,+96.283,+97.821,+102.940,+108.353,+98.574,+98.881,+103.133,+108.353,+97.198,+98.616,+103.004,+108.353,+0.943,+0.459,+0.091,+0.000,+4.000,+3.000,+97.094,+103.036,+98.728,+104.354,+97.907,+103.476,+0.621,+0.621
0,297,+9.000,+9.000,+10.000,+10.000,+95.737,+96.154,+98.409,+100.378,+104.810,+111.662,+102.940,+109.626,+100.588,+103.610,+100.462,+102.452,+2.553,+3.960,+1.037,+2.814,+9.000,+10.000,+95.945,+99.354,+106.097,+102.940,+102.099,+100.621,+2.718,+0.873
0,298,+6.000,+6.000,+11.000,+11.000,+98.285,+98.779,+95.626,+105.404,+100.761,+107.838,+127.187,+139.678,+99.654,+103.910,+105.280,+123.706,+0.855,+4.030,+9.352,+11.321,+6.000,+11.000,+98.532,+101.781,+104.300,+133.093,+101.782,+112.411,+2.364,+10.922
0,299,+11.000,+11.000,+1.000,+1.000,+98.362,+99.803,+104.023,+109.445,+110.174,+117.193,+104.023,+109.445,+103.699,+110.060,+104.023,+109.445,+3.556,+5.853,+0.000,+0.000,+11.000,+1.000,+99.083,+106.734,+112.646,+106.734,+106.880,+106.734,+4.362,+0.000
0,300,+11.000,+11.000,+3.000,+3.000,+100.195,+101.760,+96.428,+105.404,+122.565,+140.179,+96.428,+105.404,+103.514,+121.936,+96.428,+105.404,+6.448,+12.886,+0.000,+0.000,+11.000,+3.000,+101.620,+98.364,+131.372,+98.364,+112.725,+98.364,+8.378,+0.000
0,301,+13.000,+13.000,+10.000,+10.000,+99.596,+107.374,+99.302,+100.299,+120.669,+140.737,+103.057,+106.608,+107.305,+122.419,+100.065,+103.590,+6.045,+10.864,+1.074,+2.441,+13.000,+10.000,+103.485,+100.299,+130.703,+103.791,+114.862,+100.839,+7.619,+1.054
0,302,+3.000,+3.000,+12.000,+12.000,+99.661,+109.759,+99.902,+103.057,+102.965,+109.759,+106.434,+122.268,+100.762,+109.759,+103.514,+113.128,+1.557,+0.000,+2.220,+7.367,+3.000,+12.000,+104.710,+102.693,+106.362,+108.415,+105.261,+105.130,+0.779,+1.642
0,303,+9.000,+9.000,+12.000,+12.000,+102.350,+102.483,+99.069,+106.033,+107.068,+158.090,+106.911,+121.870,+104.494,+126.697,+102.778,+115.184,+2.205,+20.444,+2.522,+5.708,+9.000,+12.000,+102.417,+104.308,+130.240,+114.424,+115.595,+107.481,+10.816,+3.537
0,304,+4.000,+4.000,+6.000,+6.000,+97.065,+101.493,+97.110,+106.033,+109.759,+152.926,+106.033,+158.127,+103.984,+140.068,+100.870,+124.393,+5.832,+22.272,+4.014,+22.466,+4.000,+6.000,+99.279,+103.930,+131.343,+106.033,+122.026,+105.332,+13.304,+0.992
0,305,+3.000,+3.000,+3.000,+3.000,+97.596,+100.388,+101.389,+102.907,+100.286,+127.605,+102.124,+103.180,+99.313,+112.433,+101.879,+102.998,+1.218,+11.329,+0.347,+0.129,+3.000,+3.000,+100.222,+101.757,+113.945,+102.516,+105.873,+102.263,+5.858,+0.358
0,306,+0.000,+0.000,+6.000,+6.000,NaN,NaN,+97.937,+103.180,NaN,NaN,+101.389,+121.694,NaN,NaN,+99.663,+111.164,NaN,NaN,+1.726,+8.214,+0.000,+6.000,NaN,+99.663,NaN,+102.637,NaN,+101.906,NaN,+1.011
0,307,+6.000,+6.000,+6.000,+6.000,+96.141,+97.491,+97.965,+103.180,+99.139,+103.678,+104.943,+119.666,+98.196,+101.535,+101.710,+109.118,+1.190,+2.114,+2.088,+7.392,+6.000,+6.000,+96.816,+100.373,+101.409,+112.095,+99.865,+103.770,+1.644,+3.812
0,308,+12.000,+12.000,+12.000,+12.000,+96.763,+102.635,+97.308,+114.992,+133.928,+147.641,+113.802,+192.586,+105.146,+116.410,+103.702,+150.833,+9.236,+14.112,+5.267,+22.361,+12.000,+12.000,+100.808,+108.361,+140.784,+123.858,+110.778,+114.400,+10.842,+5.325
0,309,+3.000,+3.000,+9.000,+9.000,+101.511,+114.063,+98.011,+100.861,+103.814,+114.063,+100.861,+165.925,+102.860,+114.063,+99.630,+124.583,+0.981,+0.000,+1.196,+29.337,+3.000,+9.000,+107.787,+99.436,+108.939,+105.632,+108.462,+101.996,+0.490,+2.213
0,310,+5.000,+5.000,+12.000,+12.000,+97.478,+99.267,+97.537,+106.009,+98.907,+108.282,+106.872,+118.489,+98.567,+102.873,+102.836,+111.393,+0.546,+4.417,+3.428,+4.078,+5.000,+12.000,+99.042,+101.531,+103.595,+107.154,+100.720,+104.976,+2.068,+1.496
0,311,+11.000,+11.000,+20.000,+20.000,+98.260,+101.825,+97.608,+103.880,+112.516,+126.803,+107.561,+121.697,+101.345,+116.283,+103.536,+114.053,+4.628,+8.043,+3.183,+5.151,+11.000,+20.000,+100.043,+102.850,+116.442,+108.938,+108.814,+106.866,+5.086,+1.301
0,312,+0.000,+0.000,+14.000,+14.000,NaN,NaN,+97.371,+103.675,NaN,NaN,+106.516,+141.468,NaN,NaN,+102.580,+118.261,NaN,NaN,+3.307,+11.475,+0.000,+14.000,NaN,+102.264,NaN,+110.614,NaN,+106.094,NaN,+2.766
0,313,+4.000,+4.000,+9.000,+9.000,+97.601,+99.154,+96.737,+106.009,+101.825,+103.277,+104.785,+151.048,+98.922,+102.247,+101.224,+118.434,+1.731,+1.785,+2.406,+17.857,+4.000,+9.000,+98.907,+101.405,+102.551,+105.286,+100.584,+103.908,+1.297,+1.421
0,314,+9.000,+9.000,+7.000,+7.000,+98.070,+101.825,+97.185,+102.672,+103.277,+140.252,+101.825,+112.553,+101.107,+114.843,+99.083,+109.240,+1.648,+13.842,+1.814,+3.377,+9.000,+7.000,+99.947,+100.398,+121.039,+103.125,+107.975,+101.551,+7.257,+0.951
0,315,+0.000,+0.000,+13.000,+13.000,NaN,NaN,+98.342,+104.409,NaN,NaN,+104.684,+132.804,NaN,NaN,+101.380,+115.093,NaN,NaN,+2.602,+8.904,+0.000,+13.000,NaN,+102.858,NaN,+110.328,NaN,+104.775,NaN,+2.038
0,316,+6.000,+6.000,+12.000,+12.000,+98.021,+98.817,+100.904,+103.665,+99.854,+103.277,+104.345,+174.050,+98.327,+101.047,+103.064,+119.940,+0.683,+2.230,+1.116,+23.316,+6.000,+12.000,+98.419,+102.246,+101.565,+105.974,+99.687,+104.591,+1.304,+1.387
0,317,+0.000,+0.000,+12.000,+12.000,NaN,NaN,+98.026,+101.788,NaN,NaN,+105.263,+124.117,NaN,NaN,+99.898,+112.860,NaN,NaN,+2.861,+6.151,+0.000,+12.000,NaN,+100.477,NaN,+107.418,NaN,+103.072,NaN,+2.365
0,318,+15.000,+15.000,+12.000,+12.000,+98.878,+106.009,+98.937,+105.263,+113.579,+146.638,+105.213,+136.560,+105.321,+114.095,+102.476,+115.124,+3.902,+11.252,+2.486,+13.172,+15.000,+12.000,+102.443,+104.501,+130.108,+105.537,+109.708,+105.125,+7.253,+0.305
0,319,+0.000,+0.000,+6.000,+6.000,NaN,NaN,+102.828,+106.458,NaN,NaN,+105.010,+116.335,NaN,NaN,+104.031,+110.898,NaN,NaN,+0.884,+3.516,+0.000,+6.000,NaN,+103.727,NaN,+105.344,NaN,+104.536,NaN,+0.647
0,320,+5.000,+5.000,+11.000,+11.000,+98.592,+98.817,+100.274,+105.810,+105.671,+108.097,+104.820,+119.829,+100.261,+101.820,+102.238,+110.035,+2.719,+3.845,+1.525,+5.290,+5.000,+11.000,+98.705,+102.157,+106.884,+106.222,+101.041,+104.516,+3.174,+1.356
0,321,+3.000,+3.000,+13.000,+13.000,+96.074,+97.857,+99.486,+105.989,+98.592,+122.758,+106.501,+138.306,+97.659,+107.104,+103.113,+112.379,+1.127,+11.130,+2.205,+8.649,+3.000,+13.000,+96.965,+103.386,+110.675,+107.102,+102.382,+105.818,+5.955,+0.932
0,322,+5.000,+5.000,+3.000,+3.000,+100.007,+105.305,+98.047,+115.761,+105.957,+132.297,+98.047,+115.761,+103.050,+115.245,+98.047,+115.761,+2.239,+11.095,+0.000,+0.000,+5.000,+3.000,+103.438,+101.082,+116.152,+101.839,+109.148,+101.334,+5.432,+0.357
0,323,+0.000,+0.000,+15.000,+15.000,NaN,NaN,+97.360,+100.382,NaN,NaN,+101.052,+128.411,NaN,NaN,+99.550,+109.757,NaN,NaN,+1.392,+9.826,+0.000,+15.000,NaN,+99.147,NaN,+104.569,NaN,+102.400,NaN,+1.294
0,324,+2.000,+2.000,+0.000,+0.000,+97.975,+104.883,NaN,NaN,+97.975,+107.401,NaN,NaN,+97.975,+106.142,NaN,NaN,+0.000,+1.259,NaN,NaN,+2.000,+0.000,+101.429,NaN,+102.688,NaN,+102.058,NaN,+0.629,NaN
0,325,+0.000,+0.000,+11.000,+11.000,NaN,NaN,+95.491,+101.052,NaN,NaN,+101.160,+118.889,NaN,NaN,+98.860,+109.915,NaN,NaN,+2.044,+8.175,+0.000,+11.000,NaN,+98.335,NaN,+103.332,NaN,+101.770,NaN,+1.531
0,326,+3.000,+3.000,+9.000,+9.000,+100.382,+122.159,+99.112,+103.907,+105.257,+140.441,+102.192,+105.810,+102.007,+128.415,+100.161,+104.858,+2.298,+8.507,+1.186,+0.777,+3.000,+9.000,+111.513,+100.204,+120.412,+103.431,+115.211,+102.109,+3.785,+1.218
0,327,+6.000,+6.000,+8.000,+8.000,+98.592,+98.592,+97.857,+99.419,+98.817,+98.817,+99.950,+103.188,+98.705,+98.780,+98.817,+101.792,+0.113,+0.084,+0.843,+1.167,+6.000,+8.000,+98.592,+99.354,+98.817,+100.623,+98.742,+99.902,+0.084,+0.563
0,328,+8.000,+8.000,+12.000,+12.000,+95.144,+100.382,+98.181,+100.293,+101.313,+141.010,+100.605,+108.348,+99.204,+117.246,+99.449,+103.033,+1.945,+18.635,+0.784,+2.905,+8.000,+12.000,+97.763,+99.367,+121.161,+100.605,+108.225,+100.165,+9.954,+0.411
0,329,+3.000,+3.000,+12.000,+12.000,+98.817,+98.817,+100.185,+104.500,+98.817,+98.817,+104.632,+124.293,+98.817,+98.817,+102.539,+111.940,+0.000,+0.000,+1.399,+6.543,+3.000,+12.000,+98.817,+103.514,+98.817,+105.164,+98.817,+104.419,+0.000,+0.492
0,330,+4.000,+4.000,+15.000,+15.000,+98.959,+104.772,+98.979,+102.528,+103.071,+133.111,+104.412,+135.491,+100.666,+114.018,+101.683,+108.292,+1.777,+11.424,+1.691,+8.258,+4.000,+15.000,+102.314,+102.243,+116.035,+104.412,+107.342,+103.349,+5.432,+0.806
0,331,+3.000,+3.000,+5.000,+5.000,+98.959,+100.709,+96.954,+98.088,+105.499,+125.489,+100.315,+115.074,+101.139,+112.116,+98.298,+108.757,+3.083,+10.212,+1.646,+7.774,+3.000,+5.000,+99.834,+97.521,+115.494,+100.654,+106.627,+99.419,+6.559,+1.317
0,332,+5.000,+5.000,+13.000,+13.000,+98.537,+100.098,+97.349,+100.952,+102.595,+105.720,+104.256,+118.416,+100.545,+101.665,+100.643,+108.693,+1.349,+2.083,+2.288,+6.111,+5.000,+13.000,+99.317,+100.263,+104.157,+104.334,+101.105,+102.335,+1.662,+1.275
0,333,+0.000,+0.000,+3.000,+3.000,NaN,NaN,+98.496,+103.609,NaN,NaN,+99.774,+103.609,NaN,NaN,+98.922,+103.609,NaN,NaN,+0.603,+0.000,+0.000,+3.000,NaN,+98.920,NaN,+100.078,NaN,+99.306,NaN,+0.546
0,334,+3.000,+3.000,+15.000,+15.000,+96.870,+123.035,+98.026,+101.951,+108.651,+123.035,+102.537,+129.771,+101.446,+123.035,+99.963,+112.100,+5.156,+0.000,+1.279,+11.745,+3.000,+15.000,+109.952,+99.408,+115.843,+103.051,+112.240,+101.797,+2.578,+1.074
0,335,+4.000,+4.000,+14.000,+14.000,+101.006,+101.739,+98.226,+101.340,+103.011,+105.388,+105.563,+152.248,+101.507,+102.651,+101.285,+120.329,+0.869,+1.580,+2.179,+17.491,+4.000,+14.000,+101.372,+100.360,+104.200,+105.895,+102.079,+103.693,+1.224,+2.314
0,336,+0.000,+0.000,+21.000,+21.000,NaN,NaN,+98.184,+107.797,NaN,NaN,+105.925,+135.021,NaN,NaN,+101.147,+115.477,NaN,NaN,+2.374,+9.099,+0.000,+21.000,NaN,+103.350,NaN,+106.952,NaN,+106.222,NaN,+1.071
0,337,+6.000,+6.000,+7.000,+7.000,+98.959,+102.701,+96.138,+99.959,+117.410,+130.711,+100.285,+121.268,+105.437,+122.640,+98.523,+109.182,+6.274,+9.251,+1.480,+10.469,+6.000,+7.000,+100.830,+98.518,+122.079,+101.875,+114.038,+99.791,+6.494,+1.037
0,338,+3.000,+3.000,+9.000,+9.000,+101.993,+102.999,+97.370,+99.954,+102.603,+115.465,+99.954,+108.843,+102.197,+111.310,+98.618,+104.099,+0.287,+5.877,+0.623,+3.788,+3.000,+9.000,+102.496,+98.490,+109.034,+102.582,+106.753,+99.822,+3.013,+1.513
0,339,+0.000,+0.000,+9.000,+9.000,NaN,NaN,+96.979,+100.641,NaN,NaN,+101.715,+123.715,NaN,NaN,+99.154,+109.158,NaN,NaN,+1.417,+10.312,+0.000,+9.000,NaN,+99.347,NaN,+102.814,NaN,+100.473,NaN,+1.141
0,340,+3.000,+3.000,+11.000,+11.000,+98.959,+102.757,+96.925,+97.382,+101.043,+102.757,+106.157,+120.385,+100.349,+102.757,+101.445,+108.311,+0.983,+0.000,+2.188,+5.848,+3.000,+11.000,+100.858,+97.154,+101.900,+106.512,+101.553,+103.237,+0.491,+2.545
0,341,+9.000,+9.000,+8.000,+8.000,+100.226,+101.257,+98.817,+102.491,+105.760,+123.696,+102.640,+169.978,+102.233,+108.772,+100.408,+124.395,+1.981,+10.101,+1.713,+25.932,+9.000,+8.000,+100.741,+102.103,+114.728,+104.407,+105.502,+103.114,+6.003,+0.856
0,342,+0.000,+0.000,+18.000,+18.000,NaN,NaN,+98.169,+102.640,NaN,NaN,+106.939,+152.841,NaN,NaN,+102.438,+117.066,NaN,NaN,+2.446,+16.694,+0.000,+18.000,NaN,+102.086,NaN,+109.660,NaN,+105.849,NaN,+2.709
0,343,+3.000,+3.000,+15.000,+15.000,+97.557,+100.521,+98.578,+102.242,+103.394,+107.208,+104.710,+140.492,+99.612,+103.590,+101.193,+115.952,+2.678,+2.757,+1.677,+11.644,+3.000,+15.000,+99.202,+99.001,+105.301,+104.710,+101.601,+102.329,+2.654,+1.600
0,344,+3.000,+3.000,+15.000,+15.000,+98.959,+104.209,+102.242,+104.884,+100.074,+118.209,+105.530,+117.267,+99.330,+113.543,+104.109,+108.658,+0.526,+6.600,+1.055,+4.006,+3.000,+15.000,+101.584,+104.304,+109.142,+105.935,+106.437,+104.974,+3.439,+0.490
0,345,+9.000,+9.000,+15.000,+15.000,+98.365,+101.914,+100.011,+101.937,+128.615,+136.287,+104.710,+117.187,+109.561,+117.582,+102.669,+110.359,+10.961,+12.599,+1.352,+4.220,+9.000,+15.000,+100.139,+101.380,+132.451,+107.413,+113.572,+104.577,+10.722,+1.933
0,346,+4.000,+4.000,+17.000,+17.000,+98.830,+107.748,+98.719,+100.924,+102.048,+107.991,+101.937,+132.322,+101.087,+107.930,+100.021,+117.405,+1.309,+0.106,+0.975,+12.115,+4.000,+17.000,+103.411,+99.636,+105.020,+101.953,+104.509,+100.891,+0.642,+0.754
0,347,+6.000,+6.000,+14.000,+14.000,+95.639,+98.445,+99.468,+102.138,+105.412,+129.540,+104.380,+109.156,+98.592,+113.992,+101.496,+106.369,+3.318,+15.548,+1.423,+1.906,+6.000,+14.000,+97.042,+101.771,+117.476,+104.541,+106.292,+103.179,+9.097,+0.908
0,348,+6.000,+6.000,+12.000,+12.000,+96.011,+103.734,+96.591,+100.196,+103.788,+113.206,+104.389,+132.685,+100.766,+108.470,+100.062,+112.425,+2.550,+4.736,+2.360,+10.165,+6.000,+12.000,+101.361,+100.027,+108.497,+104.645,+104.618,+102.065,+2.605,+1.512
0,349,+5.000,+5.000,+12.000,+12.000,+98.863,+101.985,+98.432,+103.706,+103.398,+103.734,+101.873,+146.970,+101.533,+102.900,+99.634,+118.816,+1.797,+0.757,+1.209,+16.247,+5.000,+12.000,+100.424,+99.242,+103.534,+102.125,+102.217,+100.901,+1.262,+1.056
0,350,+0.000,+0.000,+7.000,+7.000,NaN,NaN,+97.854,+100.327,NaN,NaN,+103.831,+121.908,NaN,NaN,+100.553,+108.146,NaN,NaN,+2.108,+7.946,+0.000,+7.000,NaN,+99.091,NaN,+105.187,NaN,+101.953,NaN,+1.915
0,351,+3.000,+3.000,+12.000,+12.000,+101.984,+113.084,+99.439,+103.797,+109.966,+113.084,+101.851,+111.265,+105.830,+113.084,+100.890,+106.015,+3.265,+0.000,+0.800,+2.884,+3.000,+12.000,+107.534,+101.577,+111.525,+101.862,+109.457,+101.642,+1.633,+0.098
0,352,+6.000,+6.000,+12.000,+12.000,+98.250,+98.561,+97.216,+108.442,+99.537,+107.356,+101.577,+132.674,+99.053,+103.256,+100.550,+117.735,+0.434,+3.077,+1.172,+7.254,+6.000,+12.000,+98.406,+97.924,+103.158,+102.113,+101.154,+101.412,+1.620,+1.088
0,353,+9.000,+9.000,+1.000,+1.000,+98.959,+99.074,+97.217,+101.851,+106.083,+124.335,+97.217,+101.851,+101.162,+108.400,+97.217,+101.851,+2.677,+8.610,+0.000,+0.000,+9.000,+1.000,+99.017,+98.176,+112.489,+98.176,+104.781,+98.176,+4.727,+0.000
0,354,+5.000,+5.000,+11.000,+11.000,+96.721,+99.651,+97.679,+101.067,+101.417,+108.890,+101.067,+142.960,+100.035,+102.506,+99.852,+113.154,+1.686,+3.309,+1.230,+12.738,+5.000,+11.000,+98.186,+99.821,+104.667,+101.067,+101.271,+100.829,+2.093,+0.362
0,355,+6.000,+6.000,+19.000,+19.000,+99.868,+106.753,+97.520,+101.577,+104.563,+125.828,+103.446,+124.428,+101.035,+114.787,+100.857,+110.368,+1.592,+8.489,+2.032,+7.553,+6.000,+19.000,+103.311,+101.187,+115.196,+103.846,+107.911,+102.604,+4.778,+0.835
0,356,+6.000,+6.000,+6.000,+6.000,+96.723,+112.988,+97.692,+98.294,+137.060,+150.019,+101.590,+116.267,+114.758,+130.346,+98.615,+106.939,+13.959,+12.794,+1.380,+6.124,+6.000,+6.000,+104.855,+97.993,+139.845,+102.031,+122.552,+99.418,+12.426,+1.493
0,357,+11.000,+11.000,+10.000,+10.000,+98.573,+102.572,+97.488,+102.190,+105.750,+110.692,+102.473,+112.911,+102.097,+104.600,+100.553,+108.060,+2.130,+2.529,+2.018,+2.986,+11.000,+10.000,+100.776,+99.839,+108.221,+102.957,+103.348,+101.918,+2.073,+0.833
0,358,+3.000,+3.000,+17.000,+17.000,+99.568,+132.626,+98.326,+102.473,+130.568,+132.626,+107.058,+139.726,+116.843,+132.626,+103.148,+119.869,+12.902,+0.000,+2.182,+11.488,+3.000,+17.000,+116.097,+102.332,+131.597,+109.383,+124.735,+105.608,+6.451,+2.556
0,359,+6.000,+6.000,+21.000,+21.000,+95.188,+106.767,+99.551,+103.970,+103.918,+120.553,+109.424,+151.115,+97.651,+113.326,+104.494,+121.565,+3.298,+6.568,+2.597,+14.111,+6.000,+21.000,+100.977,+99.944,+112.235,+110.310,+105.489,+107.482,+3.931,+2.877
0,360,+3.000,+3.000,+8.000,+8.000,+97.121,+97.121,+100.614,+101.531,+99.413,+100.710,+103.080,+123.127,+98.337,+99.513,+101.683,+114.464,+0.941,+1.692,+1.140,+8.229,+3.000,+8.000,+97.121,+100.621,+100.061,+104.391,+98.925,+102.939,+1.290,+1.477
0,361,+6.000,+6.000,+15.000,+15.000,+100.768,+105.701,+99.620,+103.417,+109.767,+110.414,+105.701,+128.806,+105.266,+108.331,+102.252,+111.990,+3.431,+2.011,+2.071,+6.866,+6.000,+15.000,+103.235,+102.378,+110.090,+106.004,+106.798,+104.035,+2.450,+1.501
0,362,+10.000,+10.000,+3.000,+3.000,+96.916,+98.477,+97.744,+99.597,+103.648,+108.565,+101.757,+138.072,+99.799,+103.004,+100.118,+115.602,+2.345,+3.639,+1.719,+16.359,+10.000,+3.000,+97.697,+98.670,+104.790,+102.270,+101.401,+100.749,+2.742,+1.521
0,363,+3.000,+3.000,+15.000,+15.000,+95.647,+99.745,+99.224,+103.729,+95.899,+116.452,+109.355,+120.846,+95.797,+105.375,+102.665,+111.769,+0.108,+7.833,+2.682,+4.072,+3.000,+15.000,+97.788,+99.449,+106.176,+110.283,+100.586,+104.934,+3.953,+3.208
0,364,+6.000,+6.000,+16.000,+16.000,+95.076,+99.929,+98.648,+102.473,+103.648,+134.487,+107.547,+136.463,+101.227,+115.030,+102.581,+113.313,+3.192,+14.203,+2.356,+8.918,+6.000,+16.000,+99.503,+102.115,+119.067,+107.667,+108.129,+104.234,+8.128,+1.903
0,365,+8.000,+8.000,+8.000,+8.000,+101.068,+105.128,+97.033,+98.816,+109.228,+121.850,+100.613,+120.754,+104.836,+111.779,+98.740,+104.384,+2.935,+6.692,+1.085,+6.351,+8.000,+8.000,+103.098,+98.366,+115.476,+101.074,+108.307,+99.771,+4.122,+0.805
0,366,+2.000,+2.000,+11.000,+11.000,+95.674,+106.069,+99.959,+102.093,+97.916,+111.334,+104.589,+157.768,+96.795,+108.702,+101.873,+123.798,+1.121,+2.633,+1.065,+16.822,+2.000,+11.000,+101.992,+100.174,+103.504,+104.764,+102.748,+103.284,+0.756,+1.304
0,367,+3.000,+3.000,+15.000,+15.000,+98.501,+109.409,+99.648,+103.386,+102.501,+113.123,+107.581,+175.995,+100.097,+110.851,+102.773,+121.858,+1.730,+1.626,+2.505,+27.166,+3.000,+15.000,+104.260,+102.762,+106.205,+108.647,+105.474,+106.140,+0.864,+1.959
0,368,+3.000,+3.000,+9.000,+9.000,+95.803,+112.004,+97.355,+101.795,+102.304,+112.004,+106.787,+124.976,+100.000,+112.004,+101.844,+115.312,+2.972,+0.000,+2.860,+8.604,+3.000,+9.000,+103.904,+101.038,+107.154,+107.228,+106.002,+104.352,+1.486,+2.652
0,369,+3.000,+3.000,+18.000,+18.000,+100.249,+100.665,+100.298,+104.796,+102.468,+112.546,+106.803,+127.350,+101.089,+105.890,+104.125,+114.603,+0.983,+4.955,+2.103,+6.429,+3.000,+18.000,+100.607,+104.444,+107.507,+108.887,+103.489,+106.128,+2.929,+1.463
0,370,+6.000,+6.000,+3.000,+3.000,+101.113,+103.580,+101.573,+110.617,+121.039,+138.679,+102.291,+110.617,+112.037,+124.576,+101.963,+110.617,+6.303,+10.756,+0.296,+0.000,+6.000,+3.000,+102.346,+101.932,+129.859,+102.736,+118.306,+102.276,+8.128,+0.338
0,371,+3.000,+3.000,+15.000,+15.000,+99.422,+102.979,+98.418,+116.041,+103.181,+134.803,+108.236,+158.324,+101.020,+115.700,+102.966,+130.970,+1.585,+13.754,+2.595,+11.675,+3.000,+15.000,+101.718,+99.344,+118.992,+109.068,+108.360,+105.612,+7.596,+2.489
0,372,+9.000,+9.000,+18.000,+18.000,+97.772,+98.953,+100.270,+111.841,+102.861,+107.336,+115.970,+197.043,+99.455,+101.896,+105.869,+133.942,+1.578,+2.766,+3.511,+24.114,+9.000,+18.000,+98.362,+104.018,+103.708,+116.177,+100.676,+110.100,+1.969,+4.205
0,373,+6.000,+6.000,+9.000,+9.000,+103.946,+103.946,+96.912,+106.577,+112.155,+147.734,+103.271,+123.255,+105.950,+126.689,+100.901,+114.287,+2.926,+21.063,+1.982,+6.389,+6.000,+9.000,+103.946,+101.407,+129.944,+106.263,+116.319,+103.732,+11.001,+1.754
0,374,+3.000,+3.000,+12.000,+12.000,+101.231,+106.491,+97.058,+102.513,+106.244,+106.491,+102.513,+113.079,+103.461,+106.491,+100.993,+107.282,+2.083,+0.000,+1.576,+3.089,+3.000,+12.000,+103.861,+98.761,+106.367,+102.513,+104.976,+101.913,+1.042,+1.026
0,375,+3.000,+3.000,+5.000,+5.000,+97.431,+101.152,+98.334,+100.273,+101.152,+101.152,+101.922,+106.190,+99.168,+101.152,+100.545,+102.967,+1.529,+0.000,+1.329,+1.884,+3.000,+5.000,+99.292,+99.231,+101.152,+102.035,+100.160,+100.934,+0.765,+1.076
0,376,+5.000,+5.000,+17.000,+17.000,+99.534,+100.817,+97.509,+105.073,+102.413,+136.504,+108.082,+130.138,+100.686,+109.274,+100.658,+113.281,+1.411,+13.722,+2.992,+7.142,+5.000,+17.000,+100.175,+98.965,+119.459,+109.367,+104.980,+103.798,+7.373,+3.202
0,377,+6.000,+6.000,+12.000,+12.000,+99.449,+102.413,+97.948,+100.501,+106.007,+108.414,+105.069,+150.973,+101.418,+105.413,+100.239,+121.665,+2.178,+3.000,+1.985,+15.600,+6.000,+12.000,+100.931,+99.777,+107.210,+105.184,+103.416,+102.685,+2.338,+1.894
0,378,+12.000,+12.000,+3.000,+3.000,+95.844,+106.219,+96.026,+109.244,+125.051,+143.924,+96.667,+148.244,+106.559,+113.849,+96.240,+135.244,+6.775,+11.532,+0.302,+18.385,+12.000,+3.000,+101.757,+96.347,+127.174,+98.398,+110.204,+97.030,+8.025,+0.967
0,379,+10.000,+10.000,+11.000,+11.000,+101.742,+105.175,+100.128,+103.994,+110.652,+153.721,+109.817,+134.240,+106.091,+119.323,+103.633,+119.465,+2.958,+17.894,+3.192,+11.068,+10.000,+11.000,+104.362,+102.610,+132.187,+111.086,+112.707,+106.851,+9.734,+2.508
0,380,+6.000,+6.000,+10.000,+10.000,+99.310,+99.705,+98.105,+98.243,+105.370,+105.887,+105.574,+132.972,+102.106,+103.260,+102.251,+120.326,+2.563,+2.736,+2.440,+12.771,+6.000,+10.000,+99.705,+98.174,+105.629,+106.122,+102.683,+103.612,+2.606,+2.330
0,381,+6.000,+6.000,+4.000,+4.000,+98.920,+107.380,+96.789,+99.346,+105.393,+134.394,+100.511,+111.328,+102.527,+113.887,+99.019,+108.333,+2.724,+9.557,+1.367,+5.189,+6.000,+4.000,+104.939,+98.068,+116.657,+101.074,+108.207,+99.760,+3.945,+1.080
0,382,+6.000,+6.000,+12.000,+12.000,+98.920,+99.705,+103.320,+105.490,+109.817,+110.773,+112.067,+136.384,+102.851,+105.239,+107.680,+116.118,+4.946,+5.534,+2.946,+7.520,+6.000,+12.000,+99.312,+105.490,+110.295,+112.111,+104.045,+110.693,+4.921,+1.813
0,383,+3.000,+3.000,+8.000,+8.000,+98.920,+98.920,+97.966,+103.930,+98.920,+98.920,+107.148,+142.617,+98.920,+98.920,+102.931,+123.873,+0.000,+0.000,+3.373,+16.505,+3.000,+8.000,+98.920,+99.769,+98.920,+107.678,+98.920,+104.913,+0.000,+2.581
0,384,+9.000,+9.000,+16.000,+16.000,+98.470,+99.312,+99.984,+103.930,+102.509,+102.509,+114.619,+150.003,+100.515,+101.315,+104.268,+123.307,+1.156,+1.248,+3.598,+13.557,+9.000,+16.000,+98.891,+103.407,+102.509,+118.668,+100.915,+107.965,+1.135,+5.455
0,385,+3.000,+3.000,+13.000,+13.000,+100.361,+100.398,+99.308,+101.907,+109.033,+117.398,+109.372,+146.071,+103.259,+111.731,+101.951,+114.800,+4.083,+8.014,+3.422,+17.377,+3.000,+13.000,+100.390,+101.206,+113.216,+109.845,+107.495,+104.215,+5.327,+3.361
0,386,+6.000,+6.000,+9.000,+9.000,+99.469,+102.509,+96.617,+99.161,+100.361,+105.370,+103.836,+139.524,+99.629,+103.940,+99.476,+119.731,+0.328,+1.431,+2.227,+16.953,+6.000,+9.000,+100.989,+97.360,+102.866,+107.895,+101.784,+102.327,+0.808,+3.693
0,387,+6.000,+6.000,+6.000,+6.000,+99.000,+99.000,+96.945,+109.323,+99.469,+102.509,+100.336,+117.561,+99.156,+100.911,+98.613,+112.225,+0.221,+1.606,+1.670,+3.147,+6.000,+6.000,+99.000,+98.640,+100.989,+101.121,+100.033,+100.150,+0.884,+1.111
0,388,+2.000,+2.000,+6.000,+6.000,+101.077,+101.077,+98.534,+99.674,+101.479,+101.479,+99.767,+104.481,+101.278,+101.278,+99.150,+100.595,+0.201,+0.201,+0.617,+1.744,+2.000,+6.000,+101.077,+99.104,+101.479,+100.051,+101.278,+99.688,+0.201,+0.285
0,389,+5.000,+5.000,+15.000,+15.000,+99.663,+101.479,+98.608,+103.225,+101.077,+108.035,+102.280,+129.808,+100.627,+104.101,+99.594,+113.305,+0.517,+3.212,+0.875,+9.018,+5.000,+15.000,+101.069,+99.409,+104.556,+102.497,+102.364,+100.581,+1.520,+0.970
0,390,+3.000,+3.000,+12.000,+12.000,+100.554,+100.658,+99.729,+106.824,+100.658,+100.658,+105.816,+142.040,+100.624,+100.658,+101.564,+118.915,+0.049,+0.000,+2.257,+11.632,+3.000,+12.000,+100.606,+103.882,+100.658,+106.320,+100.641,+105.294,+0.025,+1.021
0,391,+3.000,+3.000,+16.000,+16.000,+95.337,+100.658,+95.435,+102.200,+99.841,+100.658,+105.495,+159.040,+98.281,+100.658,+102.124,+121.706,+2.083,+0.000,+2.838,+16.082,+3.000,+16.000,+97.998,+100.638,+100.250,+105.988,+99.469,+104.671,+1.041,+1.348
0,392,+2.000,+2.000,+12.000,+12.000,+97.658,+102.448,+100.029,+103.426,+98.727,+102.448,+103.544,+122.106,+98.193,+102.448,+102.079,+110.449,+0.535,+0.000,+1.141,+8.188,+2.000,+12.000,+100.053,+102.421,+100.588,+103.986,+100.320,+103.214,+0.267,+0.550
0,393,+6.000,+6.000,+18.000,+18.000,+102.811,+103.659,+95.788,+103.891,+109.565,+117.698,+104.428,+154.305,+105.452,+112.891,+100.711,+112.127,+2.221,+5.237,+3.271,+12.793,+6.000,+18.000,+103.235,+103.784,+112.815,+104.428,+109.172,+104.230,+3.426,+0.177
0,394,+3.000,+3.000,+10.000,+10.000,+99.452,+117.698,+96.299,+100.341,+104.428,+117.698,+102.653,+104.068,+101.111,+117.698,+100.178,+103.317,+2.346,+0.000,+2.280,+1.234,+3.000,+10.000,+108.575,+96.995,+111.063,+103.361,+109.404,+102.330,+1.173,+1.850
0,395,+3.000,+3.000,+12.000,+12.000,+102.810,+129.115,+98.874,+102.259,+107.519,+129.115,+104.547,+119.282,+104.940,+129.115,+102.679,+108.418,+1.948,+0.000,+1.388,+6.451,+3.000,+12.000,+115.962,+102.259,+118.317,+104.741,+117.027,+103.334,+0.974,+0.814
0,396,+0.000,+0.000,+15.000,+15.000,NaN,NaN,+96.318,+101.211,NaN,NaN,+103.158,+131.614,NaN,NaN,+100.201,+112.407,NaN,NaN,+2.167,+10.593,+0.000,+15.000,NaN,+101.101,NaN,+103.368,NaN,+102.684,NaN,+0.835
0,397,+3.000,+3.000,+12.000,+12.000,+103.595,+104.547,+100.157,+102.509,+104.547,+104.547,+101.896,+114.299,+104.082,+104.547,+100.988,+108.354,+0.389,+0.000,+0.357,+5.342,+3.000,+12.000,+104.071,+101.178,+104.547,+102.041,+104.315,+101.674,+0.194,+0.243
0,398,+0.000,+0.000,+21.000,+21.000,NaN,NaN,+95.586,+104.104,NaN,NaN,+108.856,+133.351,NaN,NaN,+103.303,+118.519,NaN,NaN,+3.793,+10.052,+0.000,+21.000,NaN,+101.676,NaN,+109.309,NaN,+105.729,NaN,+2.859
0,399,+6.000,+6.000,+15.000,+15.000,+104.868,+105.984,+96.279,+100.913,+114.656,+127.421,+101.603,+116.540,+107.006,+112.094,+99.804,+105.738,+3.534,+7.826,+1.408,+4.907,+6.000,+15.000,+105.426,+99.421,+121.038,+101.960,+109.550,+101.251,+5.629,+0.749
0,400,+3.000,+3.000,+6.000,+6.000,+97.857,+99.535,+100.247,+103.698,+104.126,+108.252,+103.279,+125.679,+100.089,+104.690,+101.744,+109.028,+2.860,+3.733,+1.238,+7.775,+3.000,+6.000,+98.696,+102.252,+106.189,+103.489,+102.390,+102.967,+3.060,+0.531
0,401,+4.000,+4.000,+7.000,+7.000,+99.017,+100.247,+98.366,+100.991,+120.332,+127.975,+100.991,+126.481,+107.061,+115.031,+99.852,+111.871,+7.985,+13.009,+1.136,+8.400,+4.000,+7.000,+99.632,+99.126,+124.153,+103.430,+111.046,+100.981,+9.775,+1.412
0,402,+6.000,+6.000,+12.000,+12.000,+104.971,+104.971,+100.052,+102.888,+109.819,+109.971,+103.504,+119.119,+106.431,+109.087,+101.626,+107.422,+1.766,+1.842,+1.193,+4.852,+6.000,+12.000,+104.971,+101.859,+109.819,+103.628,+107.759,+103.069,+1.481,+0.583
0,403,+0.000,+0.000,+11.000,+11.000,NaN,NaN,+100.045,+103.872,NaN,NaN,+104.143,+127.306,NaN,NaN,+101.648,+112.676,NaN,NaN,+1.286,+7.071,+0.000,+11.000,NaN,+102.794,NaN,+104.355,NaN,+103.721,NaN,+0.620
0,404,+8.000,+8.000,+16.000,+16.000,+99.178,+102.172,+100.128,+106.458,+104.567,+104.860,+111.181,+164.734,+102.554,+103.665,+105.774,+123.729,+1.726,+1.033,+2.692,+20.484,+8.000,+16.000,+100.675,+104.645,+104.714,+114.162,+103.110,+109.017,+1.331,+3.486
0,405,+0.000,+0.000,+10.000,+10.000,NaN,NaN,+99.299,+102.057,NaN,NaN,+104.914,+116.531,NaN,NaN,+100.985,+106.750,NaN,NaN,+1.527,+3.695,+0.000,+10.000,NaN,+100.513,NaN,+105.294,NaN,+102.563,NaN,+1.631
0,406,+6.000,+6.000,+11.000,+11.000,+98.591,+100.231,+97.126,+104.028,+107.074,+109.819,+105.950,+133.606,+100.370,+105.025,+100.613,+116.153,+3.005,+4.794,+3.126,+12.563,+6.000,+11.000,+99.411,+102.241,+108.446,+105.950,+102.698,+103.348,+3.379,+1.168
0,407,+9.000,+9.000,+13.000,+13.000,+99.468,+100.231,+96.673,+98.332,+142.950,+143.009,+104.116,+124.531,+106.733,+118.145,+99.768,+108.140,+13.022,+18.132,+1.597,+9.227,+9.000,+13.000,+100.138,+98.234,+142.980,+104.116,+112.439,+101.496,+13.423,+1.368
0,408,+7.000,+7.000,+16.000,+16.000,+99.463,+99.463,+95.734,+100.264,+101.422,+160.962,+108.397,+134.206,+100.302,+121.335,+99.453,+109.534,+0.757,+24.424,+2.654,+12.180,+7.000,+16.000,+99.463,+99.200,+130.212,+108.643,+110.818,+101.826,+12.001,+2.887
0,409,+3.000,+3.000,+13.000,+13.000,+99.156,+99.693,+98.475,+104.681,+99.156,+108.409,+103.389,+110.655,+99.156,+102.821,+101.059,+107.674,+0.000,+3.961,+1.914,+2.188,+3.000,+13.000,+99.425,+101.807,+103.783,+104.205,+100.989,+103.208,+1.980,+0.949
0,410,+9.000,+9.000,+6.000,+6.000,+102.782,+108.430,+98.907,+103.273,+124.877,+147.657,+103.273,+120.806,+112.747,+127.087,+102.303,+108.983,+8.355,+15.996,+1.534,+6.542,+9.000,+6.000,+105.606,+101.090,+136.267,+103.749,+119.917,+102.908,+10.168,+0.847
0,411,+9.000,+9.000,+12.000,+12.000,+103.389,+107.743,+97.070,+103.273,+112.698,+114.464,+103.878,+115.196,+106.483,+111.350,+99.959,+106.722,+3.150,+2.073,+2.332,+4.001,+9.000,+12.000,+105.676,+98.579,+113.554,+104.976,+108.917,+102.913,+2.317,+1.705
0,412,+6.000,+6.000,+7.000,+7.000,+100.360,+100.407,+96.592,+99.878,+100.630,+113.598,+101.900,+112.248,+100.458,+106.515,+99.448,+107.468,+0.123,+4.986,+2.004,+4.486,+6.000,+7.000,+100.384,+99.748,+107.114,+106.638,+103.487,+101.523,+2.553,+2.589
0,413,+7.000,+7.000,+15.000,+15.000,+100.407,+101.188,+100.309,+101.671,+106.594,+109.969,+105.800,+141.996,+102.320,+106.743,+101.872,+119.499,+2.382,+3.010,+1.417,+10.398,+7.000,+15.000,+100.797,+101.671,+107.617,+106.353,+104.531,+104.332,+2.159,+1.196
0,414,+3.000,+3.000,+3.000,+3.000,+98.362,+103.314,+102.066,+114.115,+100.407,+107.527,+102.066,+114.115,+99.726,+105.871,+102.066,+114.115,+0.964,+1.834,+0.000,+0.000,+3.000,+3.000,+101.860,+102.706,+103.967,+104.234,+102.798,+103.216,+0.875,+0.720
0,415,+7.000,+7.000,+13.000,+13.000,+96.998,+101.960,+98.967,+100.952,+105.863,+174.725,+104.482,+140.241,+101.936,+133.154,+100.944,+113.398,+3.316,+36.002,+1.741,+13.356,+7.000,+13.000,+99.479,+99.351,+140.294,+105.694,+117.545,+102.270,+19.593,+2.226
0,416,+13.000,+13.000,+11.000,+11.000,+100.407,+101.421,+95.978,+97.796,+110.433,+140.605,+100.787,+176.229,+104.734,+115.405,+98.700,+112.885,+3.249,+14.916,+1.895,+22.363,+13.000,+11.000,+100.914,+96.596,+125.041,+104.430,+110.070,+101.319,+8.717,+3.475
0,417,+0.000,+0.000,+12.000,+12.000,NaN,NaN,+103.391,+104.331,NaN,NaN,+105.217,+126.652,NaN,NaN,+104.328,+113.946,NaN,NaN,+0.476,+6.835,+0.000,+12.000,NaN,+104.124,NaN,+105.369,NaN,+104.839,NaN,+0.519
0,418,+4.000,+4.000,+12.000,+12.000,+95.800,+98.428,+96.823,+105.217,+106.813,+143.927,+104.189,+129.302,+99.572,+116.238,+101.630,+111.684,+4.312,+17.209,+1.724,+8.066,+4.000,+12.000,+97.114,+102.792,+125.370,+104.703,+107.905,+103.684,+10.635,+0.785
0,419,+3.000,+3.000,+10.000,+10.000,+100.691,+110.050,+98.747,+99.218,+105.105,+110.050,+100.352,+115.730,+103.633,+110.050,+99.231,+103.399,+2.081,+0.000,+0.436,+4.921,+3.000,+10.000,+105.370,+99.218,+107.577,+100.484,+106.842,+99.728,+1.040,+0.473
0,420,+9.000,+9.000,+3.000,+3.000,+100.677,+104.118,+101.178,+110.415,+105.105,+122.924,+101.762,+121.616,+103.526,+112.537,+101.491,+116.523,+1.373,+7.057,+0.240,+4.629,+9.000,+3.000,+102.397,+101.470,+113.440,+103.014,+108.031,+102.461,+3.788,+0.702
0,421,+11.000,+11.000,+14.000,+14.000,+95.383,+97.158,+97.437,+101.241,+104.132,+167.633,+102.905,+154.082,+101.904,+117.952,+100.153,+121.390,+3.213,+24.720,+1.949,+18.230,+11.000,+14.000,+96.271,+101.170,+135.883,+104.764,+109.928,+103.135,+13.240,+1.151
0,422,+8.000,+8.000,+4.000,+4.000,+100.898,+104.129,+100.976,+103.157,+111.778,+114.373,+103.283,+148.491,+104.856,+111.436,+102.206,+121.178,+3.607,+3.258,+0.819,+18.674,+8.000,+4.000,+104.129,+102.316,+113.076,+103.470,+108.146,+102.957,+2.697,+0.414
0,423,+0.000,+0.000,+10.000,+10.000,NaN,NaN,+97.413,+99.240,NaN,NaN,+103.463,+114.075,NaN,NaN,+100.816,+105.646,NaN,NaN,+1.944,+5.901,+0.000,+10.000,NaN,+99.209,NaN,+104.707,NaN,+101.668,NaN,+2.173
0,424,+0.000,+0.000,+3.000,+3.000,NaN,NaN,+99.201,+156.091,NaN,NaN,+101.400,+179.423,NaN,NaN,+100.667,+170.879,NaN,NaN,+1.037,+10.499,+0.000,+3.000,NaN,+102.153,NaN,+102.305,NaN,+102.254,NaN,+0.072
0,425,+9.000,+9.000,+6.000,+6.000,+98.298,+103.836,+105.105,+109.936,+104.381,+147.085,+107.815,+126.812,+101.724,+120.702,+106.104,+117.080,+2.119,+18.873,+1.227,+5.762,+9.000,+6.000,+101.067,+108.875,+125.733,+111.927,+111.213,+110.424,+9.573,+0.956
0,426,+7.000,+7.000,+14.000,+14.000,+100.624,+100.809,+96.640,+106.670,+104.381,+104.598,+105.105,+127.917,+102.515,+103.769,+102.715,+120.435,+1.297,+1.248,+2.427,+7.600,+7.000,+14.000,+100.717,+101.004,+104.489,+105.887,+103.142,+104.506,+1.177,+1.530
0,427,+3.000,+3.000,+17.000,+17.000,+101.327,+129.022,+96.438,+105.105,+104.192,+129.022,+107.432,+161.509,+103.148,+129.022,+103.585,+124.357,+1.293,+0.000,+3.202,+15.305,+3.000,+17.000,+115.174,+104.852,+116.607,+108.143,+116.085,+106.606,+0.646,+1.153
0,428,+3.000,+3.000,+9.000,+9.000,+100.321,+103.120,+100.052,+108.854,+101.368,+103.120,+106.186,+125.025,+100.670,+103.120,+103.552,+113.843,+0.494,+0.000,+1.936,+6.212,+3.000,+9.000,+101.720,+101.201,+102.244,+110.689,+101.895,+107.148,+0.247,+2.605
0,429,+10.000,+10.000,+9.000,+9.000,+100.440,+101.367,+99.437,+102.307,+104.609,+139.674,+105.106,+108.474,+103.675,+117.121,+102.826,+106.213,+1.287,+15.316,+1.859,+1.693,+10.000,+9.000,+100.903,+101.699,+121.854,+106.671,+110.398,+104.804,+7.798,+1.237
0,430,+3.000,+3.000,+7.000,+7.000,+104.951,+106.195,+96.125,+100.327,+105.200,+106.195,+100.062,+102.110,+105.117,+106.195,+98.390,+100.963,+0.117,+0.000,+1.382,+0.653,+3.000,+7.000,+105.573,+97.665,+105.697,+100.140,+105.656,+99.018,+0.059,+0.886
0,431,+3.000,+3.000,+8.000,+8.000,+100.218,+104.674,+103.015,+106.552,+104.588,+104.674,+110.184,+162.788,+102.272,+104.674,+105.702,+124.285,+1.793,+0.000,+2.134,+22.583,+3.000,+8.000,+102.446,+105.055,+104.631,+110.255,+103.473,+108.108,+0.897,+2.101
0,432,+5.000,+5.000,+6.000,+6.000,+96.701,+100.329,+100.810,+103.301,+104.858,+108.221,+102.777,+115.963,+100.071,+103.203,+102.345,+110.517,+2.729,+3.285,+0.723,+5.688,+5.000,+6.000,+99.741,+101.794,+105.437,+103.682,+101.637,+102.712,+2.118,+0.557
0,433,+6.000,+6.000,+11.000,+11.000,+98.167,+112.195,+96.860,+100.327,+101.891,+141.583,+102.483,+107.719,+100.404,+121.834,+99.591,+103.371,+1.227,+11.976,+1.360,+1.971,+6.000,+11.000,+105.181,+99.640,+120.901,+102.891,+111.119,+100.845,+5.982,+0.809
0,434,+3.000,+3.000,+15.000,+15.000,+100.676,+113.979,+96.620,+100.919,+106.628,+126.979,+107.775,+138.571,+102.660,+122.646,+101.435,+118.795,+2.806,+6.128,+3.548,+12.235,+3.000,+15.000,+107.327,+99.070,+116.804,+108.401,+112.653,+103.888,+3.957,+3.384
0,435,+6.000,+6.000,+10.000,+10.000,+96.657,+97.927,+95.521,+100.119,+102.210,+102.210,+100.798,+115.665,+98.791,+100.678,+98.855,+107.468,+2.075,+1.649,+1.834,+6.408,+6.000,+10.000,+97.292,+99.886,+102.210,+101.499,+99.735,+100.874,+1.663,+0.562
0,436,+0.000,+0.000,+15.000,+15.000,NaN,NaN,+96.874,+97.942,NaN,NaN,+103.736,+122.942,NaN,NaN,+101.475,+112.199,NaN,NaN,+2.119,+8.169,+0.000,+15.000,NaN,+97.584,NaN,+105.498,NaN,+103.512,NaN,+2.096
0,437,+3.000,+3.000,+14.000,+14.000,+96.807,+98.181,+96.518,+101.715,+97.378,+98.181,+105.959,+128.177,+97.188,+98.181,+100.374,+112.269,+0.269,+0.000,+2.912,+9.872,+3.000,+14.000,+97.494,+97.857,+97.780,+105.959,+97.684,+104.054,+0.135,+2.244
0,438,+6.000,+6.000,+6.000,+6.000,+97.539,+98.498,+97.593,+101.228,+107.909,+153.504,+103.551,+157.817,+100.419,+122.139,+99.629,+123.877,+3.712,+23.955,+2.314,+24.157,+6.000,+6.000,+98.019,+99.417,+127.609,+103.616,+111.279,+101.276,+13.385,+1.819
0,439,+3.000,+3.000,+6.000,+6.000,+101.715,+102.836,+98.657,+100.798,+101.715,+106.948,+101.678,+113.839,+101.715,+104.579,+99.958,+105.440,+0.000,+1.736,+1.364,+5.063,+3.000,+6.000,+102.275,+99.727,+104.331,+101.696,+103.147,+100.854,+0.868,+0.827
0,440,+3.000,+3.000,+15.000,+15.000,+97.705,+101.102,+101.376,+103.209,+101.225,+101.225,+103.736,+139.428,+98.878,+101.143,+102.003,+114.141,+1.659,+0.058,+0.573,+11.462,+3.000,+15.000,+99.404,+101.834,+101.225,+103.994,+100.011,+102.463,+0.858,+0.613
0,441,+5.000,+5.000,+8.000,+8.000,+100.771,+101.225,+96.751,+98.463,+105.341,+114.083,+102.648,+112.463,+101.957,+105.020,+98.868,+104.059,+1.701,+5.113,+2.127,+3.724,+5.000,+8.000,+101.225,+98.230,+109.712,+103.052,+103.488,+99.630,+3.299,+1.776
0,442,+9.000,+9.000,+6.000,+6.000,+102.082,+103.341,+96.465,+103.909,+103.468,+109.069,+102.459,+118.136,+103.088,+107.136,+99.511,+106.814,+0.540,+2.683,+2.068,+5.076,+9.000,+6.000,+103.341,+98.832,+106.269,+102.508,+105.112,+101.103,+1.278,+1.352
0,443,+3.000,+3.000,+10.000,+10.000,+98.754,+101.007,+100.787,+104.145,+101.007,+101.007,+102.395,+125.882,+100.256,+101.007,+102.177,+112.630,+1.062,+0.000,+0.468,+6.301,+3.000,+10.000,+99.881,+101.571,+101.007,+103.270,+100.631,+102.552,+0.531,+0.523
0,444,+0.000,+0.000,+18.000,+18.000,NaN,NaN,+99.535,+103.026,NaN,NaN,+104.542,+125.641,NaN,NaN,+102.872,+111.845,NaN,NaN,+1.556,+8.156,+0.000,+18.000,NaN,+103.026,NaN,+114.962,NaN,+104.998,NaN,+2.567
0,445,+12.000,+12.000,+11.000,+11.000,+99.627,+99.627,+96.015,+100.475,+121.352,+182.153,+103.389,+139.808,+102.686,+114.600,+99.113,+114.210,+6.002,+22.385,+2.405,+13.049,+12.000,+11.000,+99.627,+97.799,+151.752,+107.267,+108.643,+101.392,+14.039,+3.065
0,446,+0.000,+0.000,+9.000,+9.000,NaN,NaN,+97.884,+98.611,NaN,NaN,+100.475,+111.314,NaN,NaN,+99.415,+103.860,NaN,NaN,+0.710,+3.326,+0.000,+9.000,NaN,+98.247,NaN,+101.011,NaN,+100.079,NaN,+0.754
0,447,+0.000,+0.000,+7.000,+7.000,NaN,NaN,+97.457,+99.039,NaN,NaN,+100.475,+121.972,NaN,NaN,+99.042,+112.909,NaN,NaN,+1.377,+8.849,+0.000,+7.000,NaN,+98.248,NaN,+102.357,NaN,+100.007,NaN,+1.194
0,448,+6.000,+6.000,+6.000,+6.000,+99.530,+103.909,+100.032,+115.757,+108.332,+111.352,+111.645,+133.337,+102.548,+109.801,+102.209,+122.142,+3.326,+2.681,+4.224,+7.668,+6.000,+6.000,+101.719,+100.313,+109.149,+111.779,+106.175,+104.964,+2.426,+4.855
0,449,+6.000,+6.000,+17.000,+17.000,+99.025,+99.530,+96.737,+100.475,+101.713,+111.352,+101.853,+116.114,+100.026,+105.441,+99.600,+106.196,+1.094,+5.911,+1.529,+5.047,+6.000,+17.000,+99.277,+99.473,+106.533,+103.106,+102.733,+101.728,+3.463,+1.346
0,450,+5.000,+5.000,+3.000,+3.000,+101.713,+101.713,+98.078,+106.576,+104.206,+141.335,+98.745,+118.236,+102.403,+125.985,+98.382,+113.489,+0.975,+18.817,+0.276,+5.001,+5.000,+3.000,+101.713,+98.412,+122.771,+99.699,+114.194,+98.881,+9.513,+0.580
0,451,+3.000,+3.000,+6.000,+6.000,+99.632,+125.416,+99.674,+103.415,+99.632,+125.416,+102.301,+110.953,+99.632,+125.416,+100.748,+108.275,+0.000,+0.000,+1.153,+3.377,+3.000,+6.000,+112.524,+99.972,+112.524,+103.052,+112.524,+101.569,+0.000,+1.454
0,452,+5.000,+5.000,+10.000,+10.000,+96.465,+98.936,+97.498,+100.827,+100.380,+126.820,+103.251,+113.865,+98.249,+105.110,+98.886,+108.415,+1.546,+10.916,+1.754,+5.223,+5.000,+10.000,+97.700,+97.617,+112.912,+103.527,+101.680,+99.900,+5.756,+1.957
0,453,+3.000,+3.000,+15.000,+15.000,+97.883,+130.773,+99.658,+103.577,+110.283,+130.773,+103.819,+190.012,+103.990,+130.773,+101.937,+119.735,+5.064,+0.000,+1.685,+25.625,+3.000,+15.000,+114.328,+100.550,+120.528,+105.178,+117.381,+103.107,+2.532,+1.741
0,454,+13.000,+13.000,+13.000,+13.000,+99.658,+100.889,+96.693,+98.575,+110.773,+112.361,+105.548,+163.852,+105.589,+109.555,+99.038,+116.123,+3.367,+3.515,+2.255,+16.515,+13.000,+13.000,+100.274,+98.248,+111.466,+107.231,+107.572,+101.219,+3.132,+2.863
0,455,+6.000,+6.000,+17.000,+17.000,+95.658,+99.347,+96.436,+98.475,+104.356,+109.086,+105.306,+131.142,+99.841,+104.217,+98.998,+105.965,+3.288,+4.869,+2.546,+9.396,+6.000,+17.000,+97.502,+97.073,+106.721,+105.585,+102.029,+99.872,+3.911,+2.586
0,456,+0.000,+0.000,+9.000,+9.000,NaN,NaN,+99.343,+101.660,NaN,NaN,+101.932,+109.644,NaN,NaN,+101.340,+105.413,NaN,NaN,+0.742,+3.529,+0.000,+9.000,NaN,+101.304,NaN,+106.134,NaN,+102.586,NaN,+1.334
0,457,+3.000,+3.000,+6.000,+6.000,+98.280,+108.943,+97.544,+105.417,+101.767,+108.943,+103.823,+153.172,+99.442,+108.943,+101.782,+122.936,+1.644,+0.000,+2.103,+16.740,+3.000,+6.000,+103.611,+101.932,+105.355,+104.014,+104.193,+103.309,+0.822,+0.974
0,458,+0.000,+0.000,+11.000,+11.000,NaN,NaN,+95.869,+96.384,NaN,NaN,+103.842,+138.386,NaN,NaN,+99.858,+119.267,NaN,NaN,+2.877,+16.783,+0.000,+11.000,NaN,+96.331,NaN,+104.574,NaN,+102.185,NaN,+2.305
0,459,+3.000,+3.000,+8.000,+8.000,+99.178,+109.322,+95.242,+99.136,+107.421,+109.322,+99.424,+112.376,+101.925,+109.322,+97.222,+104.555,+3.886,+0.000,+1.586,+4.273,+3.000,+8.000,+104.250,+96.753,+108.372,+101.524,+105.624,+99.439,+1.943,+1.760
0,460,+3.000,+3.000,+6.000,+6.000,+98.044,+98.278,+96.186,+105.382,+98.245,+98.278,+103.823,+139.855,+98.178,+98.278,+98.988,+119.812,+0.095,+0.000,+3.036,+14.777,+3.000,+6.000,+98.161,+98.979,+98.262,+104.374,+98.228,+101.791,+0.048,+2.157
0,461,+0.000,+0.000,+6.000,+6.000,NaN,NaN,+98.245,+100.436,NaN,NaN,+98.752,+105.382,NaN,NaN,+98.485,+102.980,NaN,NaN,+0.241,+2.406,+0.000,+6.000,NaN,+100.150,NaN,+101.053,NaN,+100.685,NaN,+0.404
0,462,+6.000,+6.000,+12.000,+12.000,+98.116,+98.278,+98.584,+105.103,+100.062,+104.647,+105.855,+132.726,+98.479,+101.759,+101.877,+115.268,+0.710,+2.948,+2.277,+10.811,+6.000,+12.000,+98.197,+102.844,+101.433,+109.417,+100.119,+105.530,+1.418,+2.141
0,463,+8.000,+8.000,+9.000,+9.000,+98.116,+98.116,+96.648,+102.223,+103.894,+108.943,+115.337,+136.742,+100.353,+103.846,+103.368,+109.729,+2.522,+4.277,+4.933,+10.491,+8.000,+9.000,+98.116,+100.384,+106.419,+115.948,+102.100,+104.763,+3.088,+4.224
0,464,+8.000,+8.000,+15.000,+15.000,+100.129,+101.943,+98.742,+100.417,+107.794,+107.794,+101.943,+115.726,+102.995,+106.348,+100.469,+105.934,+2.299,+1.978,+1.198,+5.657,+8.000,+15.000,+101.457,+100.100,+107.794,+102.161,+104.672,+101.075,+1.849,+0.788
0,465,+9.000,+9.000,+9.000,+9.000,+98.945,+107.794,+98.608,+99.868,+116.120,+122.486,+101.641,+128.114,+105.368,+114.936,+100.264,+109.999,+4.521,+6.029,+0.938,+8.007,+9.000,+9.000,+103.370,+99.238,+119.303,+102.602,+110.152,+101.006,+4.950,+1.012
0,466,+8.000,+8.000,+10.000,+10.000,+101.943,+105.623,+98.121,+104.206,+115.961,+136.061,+105.961,+131.412,+106.543,+115.979,+101.239,+115.572,+4.862,+8.683,+2.592,+10.929,+8.000,+10.000,+104.835,+101.087,+120.870,+106.878,+111.261,+104.444,+5.220,+1.760
0,467,+3.000,+3.000,+4.000,+4.000,+99.443,+101.295,+98.487,+98.539,+100.122,+101.295,+107.971,+143.077,+99.874,+101.295,+104.452,+123.865,+0.306,+0.000,+3.649,+16.619,+3.000,+4.000,+100.369,+98.513,+100.708,+116.214,+100.584,+108.775,+0.153,+6.443
0,468,+9.000,+9.000,+2.000,+2.000,+98.427,+101.295,+97.566,+109.670,+104.678,+152.036,+97.566,+109.670,+102.327,+120.705,+97.566,+109.670,+2.078,+22.242,+0.000,+0.000,+9.000,+2.000,+99.861,+99.755,+128.357,+99.755,+111.516,+99.755,+11.184,+0.000
0,469,+7.000,+7.000,+12.000,+12.000,+98.798,+100.158,+99.037,+101.807,+103.954,+119.709,+104.355,+131.197,+102.384,+109.617,+101.068,+113.162,+1.621,+7.398,+1.444,+11.634,+7.000,+12.000,+99.478,+101.398,+111.117,+104.517,+106.000,+102.502,+3.932,+0.990
0,470,+11.000,+11.000,+9.000,+9.000,+95.957,+95.957,+98.943,+103.343,+108.042,+113.858,+102.909,+119.455,+101.333,+104.214,+101.484,+108.042,+3.688,+4.712,+1.254,+6.341,+11.000,+9.000,+95.957,+99.660,+109.506,+103.285,+102.774,+102.694,+3.808,+1.084
0,471,+12.000,+12.000,+3.000,+3.000,+99.355,+103.617,+97.690,+141.248,+117.518,+155.923,+102.842,+143.248,+107.041,+127.474,+101.125,+141.915,+6.595,+15.719,+2.429,+0.943,+12.000,+3.000,+101.486,+100.266,+136.721,+102.991,+117.257,+102.083,+9.746,+1.285
0,472,+6.000,+6.000,+6.000,+6.000,+102.217,+102.447,+97.388,+98.340,+105.924,+113.577,+99.054,+105.310,+103.181,+108.542,+98.238,+102.063,+1.367,+5.068,+0.499,+3.256,+6.000,+6.000,+102.332,+98.221,+109.751,+100.591,+105.861,+99.533,+3.052,+1.030
0,473,+7.000,+7.000,+0.000,+0.000,+96.496,+98.276,NaN,NaN,+105.924,+132.755,NaN,NaN,+102.075,+123.504,NaN,NaN,+3.076,+12.000,NaN,NaN,+7.000,+0.000,+97.386,NaN,+119.340,NaN,+112.790,NaN,+7.190,NaN
0,474,+12.000,+12.000,+5.000,+5.000,+95.855,+101.715,+98.745,+103.408,+108.753,+127.581,+101.824,+112.693,+101.487,+108.617,+100.765,+109.158,+3.581,+9.530,+1.326,+4.338,+12.000,+5.000,+98.785,+99.665,+118.167,+102.333,+105.052,+101.374,+6.317,+0.924
0,475,+12.000,+12.000,+3.000,+3.000,+96.791,+101.180,+99.879,+107.028,+101.393,+117.238,+99.879,+107.028,+99.581,+109.082,+99.879,+107.028,+1.561,+6.553,+0.000,+0.000,+12.000,+3.000,+99.574,+100.114,+109.316,+103.453,+104.331,+101.473,+3.350,+1.433
0,476,+11.000,+11.000,+4.000,+4.000,+97.805,+99.913,+99.879,+103.896,+112.831,+135.969,+100.538,+112.411,+102.350,+108.981,+100.043,+110.124,+4.535,+12.940,+0.286,+3.598,+11.000,+4.000,+99.683,+102.039,+124.400,+102.559,+105.665,+102.261,+8.680,+0.228
0,477,+4.000,+4.000,+0.000,+0.000,+97.396,+98.343,NaN,NaN,+100.339,+105.579,NaN,NaN,+98.551,+100.339,NaN,NaN,+1.113,+3.040,NaN,NaN,+4.000,+0.000,+97.870,NaN,+102.959,NaN,+99.445,NaN,+2.059,NaN
0,478,+15.000,+15.000,+3.000,+3.000,+95.061,+98.567,+99.879,+106.236,+119.994,+140.526,+99.879,+106.236,+103.745,+116.995,+99.879,+106.236,+7.869,+14.349,+0.000,+0.000,+15.000,+3.000,+96.814,+100.208,+128.111,+100.208,+110.370,+100.208,+9.529,+0.000
0,479,+16.000,+16.000,+9.000,+9.000,+96.087,+98.567,+100.538,+120.200,+116.732,+153.946,+110.391,+144.949,+102.665,+116.591,+104.219,+126.677,+6.471,+18.290,+3.572,+8.455,+16.000,+9.000,+97.492,+102.217,+135.339,+117.699,+109.628,+111.893,+12.065,+5.521
0,480,+1.000,+1.000,+4.000,+4.000,+98.884,+99.526,+101.415,+102.479,+98.884,+99.526,+101.972,+133.406,+98.884,+99.526,+101.833,+125.674,+0.000,+0.000,+0.241,+13.392,+1.000,+4.000,+99.205,+101.947,+99.205,+105.079,+99.205,+104.194,+0.000,+1.300
0,481,+8.000,+8.000,+0.000,+0.000,+95.416,+95.860,NaN,NaN,+99.798,+109.046,NaN,NaN,+97.670,+101.016,NaN,NaN,+1.624,+3.997,NaN,NaN,+8.000,+0.000,+95.638,NaN,+104.422,NaN,+99.343,NaN,+2.698,NaN
0,482,+9.000,+9.000,+0.000,+0.000,+97.525,+99.322,NaN,NaN,+104.504,+131.982,NaN,NaN,+100.122,+110.276,NaN,NaN,+1.792,+11.258,NaN,NaN,+9.000,+0.000,+98.424,NaN,+115.667,NaN,+105.199,NaN,+5.754,NaN
0,483,+7.000,+7.000,+3.000,+3.000,+99.185,+100.603,+96.376,+105.559,+116.976,+120.950,+99.526,+105.559,+103.052,+109.970,+98.476,+105.559,+5.796,+9.521,+1.485,+0.000,+7.000,+3.000,+99.895,+98.917,+118.963,+100.434,+106.511,+99.899,+6.887,+0.695
0,484,+4.000,+4.000,+5.000,+5.000,+96.431,+97.516,+98.059,+100.006,+98.651,+107.036,+98.466,+110.285,+96.986,+100.272,+98.222,+106.030,+0.961,+3.953,+0.200,+4.245,+4.000,+5.000,+96.973,+98.262,+102.844,+99.395,+98.629,+98.892,+2.453,+0.474
0,485,+5.000,+5.000,+8.000,+8.000,+98.271,+98.485,+98.466,+102.479,+103.147,+119.020,+104.441,+120.394,+100.112,+106.050,+100.944,+112.740,+2.261,+8.604,+2.260,+6.973,+5.000,+8.000,+98.378,+101.840,+110.810,+107.292,+103.081,+103.325,+5.399,+1.854
0,486,+2.000,+2.000,+14.000,+14.000,+101.774,+102.992,+95.950,+104.108,+103.523,+106.054,+105.802,+159.154,+102.649,+104.523,+101.480,+127.954,+0.875,+1.531,+2.808,+20.040,+2.000,+14.000,+102.383,+102.762,+104.789,+106.330,+103.586,+104.951,+1.203,+1.307
0,487,+11.000,+11.000,+9.000,+9.000,+100.261,+101.832,+102.224,+111.921,+144.036,+147.556,+130.728,+149.686,+106.268,+109.807,+113.771,+131.054,+12.033,+12.942,+7.606,+15.958,+11.000,+9.000,+101.299,+107.073,+145.796,+132.936,+108.037,+117.186,+12.301,+8.859
0,488,+8.000,+8.000,+12.000,+12.000,+97.044,+98.316,+97.683,+102.224,+104.960,+105.270,+103.047,+114.130,+101.371,+102.908,+100.181,+105.016,+2.625,+1.898,+1.545,+3.458,+8.000,+12.000,+97.870,+100.910,+105.115,+103.047,+102.139,+101.587,+2.154,+0.720
0,489,+2.000,+2.000,+6.000,+6.000,+98.536,+100.022,+99.079,+104.647,+102.267,+103.040,+103.047,+115.256,+100.402,+101.531,+101.293,+109.952,+1.866,+1.509,+1.652,+5.304,+2.000,+6.000,+99.279,+101.810,+102.654,+103.047,+100.967,+102.635,+1.687,+0.584
0,490,+8.000,+8.000,+4.000,+4.000,+100.043,+100.248,+101.303,+102.249,+104.121,+113.643,+101.866,+104.426,+101.027,+105.937,+101.669,+102.793,+1.332,+4.044,+0.216,+0.943,+8.000,+4.000,+100.187,+101.528,+106.843,+102.057,+103.482,+101.863,+2.204,+0.218
0,491,+3.000,+3.000,+9.000,+9.000,+97.887,+128.336,+96.884,+99.785,+97.887,+128.336,+101.866,+111.921,+97.887,+128.336,+99.374,+104.824,+0.000,+0.000,+1.867,+5.052,+3.000,+9.000,+113.112,+99.695,+113.112,+102.457,+113.112,+101.080,+0.000,+0.858
0,492,+3.000,+3.000,+8.000,+8.000,+101.818,+108.985,+99.670,+100.078,+105.213,+141.538,+100.677,+111.661,+103.817,+122.351,+100.150,+104.357,+1.450,+13.913,+0.438,+3.520,+3.000,+8.000,+107.099,+100.078,+121.678,+102.260,+113.084,+100.745,+6.231,+0.614
0,493,+5.000,+5.000,+6.000,+6.000,+102.685,+106.060,+96.027,+101.594,+104.421,+123.546,+100.078,+123.833,+104.068,+116.942,+98.053,+105.923,+0.692,+8.111,+2.026,+8.053,+5.000,+6.000,+105.241,+98.053,+113.983,+100.138,+110.505,+99.791,+3.930,+0.777
0,494,+8.000,+8.000,+9.000,+9.000,+96.751,+100.078,+95.189,+102.314,+107.735,+111.357,+101.073,+135.593,+101.623,+105.102,+98.780,+119.454,+3.112,+5.068,+2.572,+12.767,+8.000,+9.000,+98.592,+97.633,+109.546,+101.542,+103.363,+100.244,+3.771,+1.458
0,495,+3.000,+3.000,+12.000,+12.000,+98.327,+132.427,+96.591,+110.314,+101.254,+155.273,+112.448,+150.872,+100.027,+142.318,+105.172,+122.995,+1.241,+9.575,+5.559,+14.729,+3.000,+12.000,+116.841,+109.052,+127.886,+113.904,+121.172,+110.562,+4.814,+1.716
0,496,+4.000,+4.000,+9.000,+9.000,+101.446,+105.596,+96.114,+107.633,+109.638,+126.972,+104.883,+171.453,+103.494,+121.628,+98.943,+128.277,+3.547,+9.256,+3.921,+21.101,+4.000,+9.000,+103.521,+102.495,+118.305,+105.427,+112.561,+104.267,+5.481,+1.126
0,497,+7.000,+7.000,+6.000,+6.000,+98.840,+100.737,+98.097,+101.754,+102.454,+118.600,+103.684,+112.308,+100.762,+109.109,+100.332,+105.184,+1.135,+5.320,+1.899,+3.517,+7.000,+6.000,+99.789,+99.926,+109.927,+105.219,+104.936,+102.040,+3.015,+1.645
0,498,+3.000,+3.000,+6.000,+6.000,+98.602,+102.454,+96.675,+97.764,+102.089,+102.454,+100.077,+103.401,+100.745,+102.454,+98.299,+99.476,+1.532,+0.000,+1.631,+2.038,+3.000,+6.000,+100.528,+97.219,+102.272,+101.739,+101.599,+98.887,+0.766,+1.771
0,499,+14.000,+14.000,+13.000,+13.000,+98.022,+105.684,+96.699,+97.256,+120.686,+123.384,+100.970,+141.533,+107.418,+115.446,+98.710,+114.800,+6.368,+7.086,+1.597,+15.887,+14.000,+13.000,+102.306,+96.951,+120.950,+102.835,+111.432,+100.535,+6.216,+2.456
0,500,+10.000,+10.000,+16.000,+16.000,+101.126,+101.544,+96.476,+101.033,+107.005,+128.714,+105.815,+128.000,+103.107,+110.650,+100.837,+110.315,+2.032,+11.889,+2.556,+6.649,+10.000,+16.000,+101.335,+98.755,+117.859,+106.254,+106.879,+104.525,+6.753,+1.748
0,501,+6.000,+6.000,+12.000,+12.000,+100.836,+114.465,+97.259,+102.474,+118.072,+133.397,+105.174,+144.616,+107.517,+122.024,+99.063,+114.183,+5.853,+7.804,+2.036,+17.614,+6.000,+12.000,+107.651,+98.652,+122.561,+105.311,+114.770,+101.864,+5.285,+2.387
0,502,+12.000,+12.000,+6.000,+6.000,+99.539,+99.899,+96.704,+96.941,+104.381,+123.822,+102.474,+135.793,+101.695,+105.195,+100.538,+114.821,+1.948,+5.867,+2.186,+15.234,+12.000,+6.000,+99.719,+96.822,+112.474,+103.659,+103.445,+101.837,+3.198,+2.358
0,503,+1.000,+1.000,+9.000,+9.000,+101.428,+103.766,+97.783,+97.881,+101.428,+103.766,+101.775,+105.277,+101.428,+103.766,+99.969,+101.975,+0.000,+0.000,+1.603,+1.799,+1.000,+9.000,+102.597,+97.832,+102.597,+101.858,+102.597,+100.765,+0.000,+1.345
0,504,+4.000,+4.000,+5.000,+5.000,+100.512,+101.126,+97.868,+98.557,+101.166,+101.324,+102.474,+158.023,+100.675,+101.226,+99.383,+125.317,+0.283,+0.070,+1.702,+25.194,+4.000,+5.000,+100.819,+98.213,+101.196,+103.025,+100.950,+99.805,+0.146,+1.762
0,505,+6.000,+6.000,+6.000,+6.000,+95.960,+99.318,+96.988,+101.103,+101.978,+104.736,+101.103,+123.427,+100.100,+101.763,+99.558,+112.265,+1.925,+1.706,+1.414,+11.162,+6.000,+6.000,+97.639,+99.045,+103.357,+101.103,+100.931,+100.357,+1.735,+0.698
0,506,+8.000,+8.000,+6.000,+6.000,+98.797,+100.168,+99.989,+114.582,+101.812,+101.911,+103.422,+125.314,+100.097,+100.888,+101.882,+122.170,+0.833,+0.621,+1.226,+3.486,+8.000,+6.000,+99.962,+101.942,+101.862,+104.765,+100.493,+103.834,+0.633,+1.042
0,507,+4.000,+4.000,+15.000,+15.000,+98.697,+102.682,+97.540,+102.030,+102.795,+108.363,+106.529,+143.348,+101.162,+104.623,+100.568,+112.093,+1.510,+2.321,+2.474,+10.934,+4.000,+15.000,+100.690,+98.003,+105.579,+107.061,+102.893,+103.663,+1.775,+2.773
0,508,+17.000,+17.000,+3.000,+3.000,+97.980,+101.745,+98.277,+101.625,+122.169,+137.425,+101.193,+101.625,+105.531,+112.947,+99.249,+101.625,+5.589,+12.114,+1.375,+0.000,+17.000,+3.000,+101.123,+99.951,+129.797,+101.409,+109.239,+100.437,+8.289,+0.687
0,509,+11.000,+11.000,+4.000,+4.000,+100.572,+101.246,+96.699,+102.030,+107.925,+111.297,+99.978,+113.486,+104.721,+106.695,+98.244,+104.894,+2.270,+2.600,+1.196,+4.960,+11.000,+4.000,+100.909,+98.867,+107.991,+100.802,+105.708,+99.959,+2.238,+0.861
0,510,+7.000,+7.000,+0.000,+0.000,+101.246,+102.484,NaN,NaN,+109.529,+118.853,NaN,NaN,+102.602,+109.944,NaN,NaN,+2.858,+7.782,NaN,NaN,+7.000,+0.000,+101.865,NaN,+114.191,NaN,+106.273,NaN,+4.699,NaN
0,511,+14.000,+14.000,+4.000,+4.000,+96.467,+99.818,+96.793,+97.395,+110.891,+128.358,+99.782,+112.155,+101.602,+111.012,+98.272,+105.215,+3.664,+9.475,+1.480,+6.968,+14.000,+4.000,+99.024,+97.094,+116.964,+100.704,+106.307,+99.143,+5.918,+1.519
0,512,+11.000,+11.000,+0.000,+0.000,+99.458,+101.246,NaN,NaN,+102.071,+118.467,NaN,NaN,+101.523,+106.485,NaN,NaN,+0.725,+7.349,NaN,NaN,+11.000,+0.000,+100.352,NaN,+110.269,NaN,+104.004,NaN,+3.788,NaN
0,513,+6.000,+6.000,+4.000,+4.000,+98.726,+101.791,+99.155,+100.133,+101.904,+138.405,+99.206,+102.572,+100.764,+120.118,+99.168,+101.963,+1.153,+18.287,+0.022,+1.056,+6.000,+4.000,+101.610,+99.180,+120.154,+99.494,+110.441,+99.409,+8.824,+0.133
0,514,+5.000,+5.000,+3.000,+3.000,+100.703,+105.723,+97.436,+111.575,+101.847,+115.106,+97.436,+111.575,+101.499,+109.476,+97.436,+111.575,+0.438,+4.597,+0.000,+0.000,+5.000,+3.000,+103.537,+98.217,+108.426,+100.092,+105.487,+99.467,+2.194,+0.884
0,515,+0.000,+0.000,+6.000,+6.000,NaN,NaN,+99.155,+106.267,NaN,NaN,+102.475,+126.321,NaN,NaN,+100.279,+116.522,NaN,NaN,+1.245,+7.020,+0.000,+6.000,NaN,+100.815,NaN,+102.991,NaN,+101.998,NaN,+0.898
0,516,+4.000,+4.000,+4.000,+4.000,+95.664,+102.102,+98.064,+103.570,+102.411,+102.572,+99.782,+107.033,+98.351,+102.455,+98.899,+105.048,+2.857,+0.203,+0.774,+1.250,+4.000,+4.000,+99.118,+98.876,+102.492,+103.407,+100.403,+100.190,+1.405,+1.877
0,517,+9.000,+9.000,+3.000,+3.000,+97.650,+101.559,+98.467,+101.847,+104.249,+106.649,+101.501,+101.847,+101.167,+103.882,+100.357,+101.847,+2.285,+1.616,+1.346,+0.000,+9.000,+3.000,+100.353,+100.157,+105.436,+101.674,+102.525,+101.044,+1.820,+0.645
0,518,+9.000,+9.000,+3.000,+3.000,+98.467,+99.856,+98.550,+101.102,+103.007,+103.459,+98.550,+101.102,+100.857,+103.004,+98.550,+101.102,+1.612,+1.113,+0.000,+0.000,+9.000,+3.000,+99.162,+99.051,+103.233,+99.051,+101.930,+99.051,+1.200,+0.000
0,519,+12.000,+12.000,+5.000,+5.000,+96.412,+97.125,+97.904,+103.129,+101.498,+112.287,+99.860,+109.598,+99.101,+103.657,+99.422,+105.717,+1.468,+4.884,+0.760,+3.169,+12.000,+5.000,+96.768,+98.843,+106.295,+101.963,+101.379,+100.835,+2.979,+1.145
0,520,+5.000,+5.000,+3.000,+3.000,+98.255,+98.750,+99.013,+105.217,+110.139,+123.805,+100.986,+105.217,+103.612,+114.112,+99.974,+105.217,+4.379,+11.883,+0.806,+0.000,+5.000,+3.000,+98.502,+99.986,+116.972,+102.876,+108.862,+101.128,+7.982,+1.255
0,521,+11.000,+11.000,+3.000,+3.000,+96.944,+100.307,+98.063,+98.063,+106.034,+127.758,+99.425,+99.425,+101.403,+107.108,+98.926,+98.971,+2.522,+8.247,+0.612,+0.642,+11.000,+3.000,+99.181,+98.063,+116.117,+99.425,+104.255,+98.948,+4.848,+0.626
0,522,+11.000,+11.000,+0.000,+0.000,+96.653,+98.359,NaN,NaN,+103.588,+104.895,NaN,NaN,+99.926,+102.182,NaN,NaN,+1.958,+2.027,NaN,NaN,+11.000,+0.000,+97.506,NaN,+103.740,NaN,+101.054,NaN,+1.833,NaN
0,523,+9.000,+9.000,+3.000,+3.000,+99.604,+103.040,+98.305,+99.425,+104.514,+122.984,+98.305,+99.425,+101.679,+111.008,+98.305,+99.425,+1.586,+7.221,+0.000,+0.000,+9.000,+3.000,+102.198,+98.780,+112.634,+98.780,+106.344,+98.780,+3.750,+0.000
0,524,+13.000,+13.000,+4.000,+4.000,+97.614,+99.511,+98.126,+98.305,+106.020,+113.125,+104.627,+113.116,+100.688,+103.633,+100.915,+109.413,+1.974,+5.215,+2.864,+6.413,+13.000,+4.000,+99.195,+98.216,+109.573,+104.853,+102.161,+102.037,+3.228,+2.537
0,525,+6.000,+6.000,+6.000,+6.000,+98.724,+104.941,+98.755,+101.141,+105.611,+127.056,+102.971,+107.432,+103.245,+112.147,+100.617,+104.325,+2.450,+8.069,+1.469,+2.666,+6.000,+6.000,+102.167,+100.393,+115.499,+104.724,+107.696,+102.361,+4.429,+1.663
0,526,+13.000,+13.000,+2.000,+2.000,+98.141,+98.225,+98.333,+102.444,+104.907,+122.822,+98.333,+110.095,+102.806,+107.801,+98.333,+106.270,+2.014,+5.474,+0.000,+3.826,+13.000,+2.000,+98.183,+100.389,+113.632,+101.487,+105.304,+100.938,+3.337,+0.549
0,527,+7.000,+7.000,+3.000,+3.000,+95.608,+98.354,+100.298,+102.397,+105.457,+125.555,+100.298,+102.397,+101.563,+115.386,+100.298,+102.397,+3.866,+10.827,+0.000,+0.000,+7.000,+3.000,+97.059,+101.348,+114.219,+101.348,+108.474,+101.348,+7.127,+0.000
0,528,+18.000,+18.000,+4.000,+4.000,+99.778,+100.445,+98.256,+98.495,+111.932,+145.891,+98.305,+108.472,+104.722,+113.760,+98.280,+100.989,+3.524,+11.138,+0.025,+4.320,+18.000,+4.000,+100.112,+98.280,+124.481,+98.400,+109.241,+98.346,+6.554,+0.054
0,529,+11.000,+11.000,+6.000,+6.000,+96.927,+98.487,+98.256,+98.256,+118.775,+150.153,+98.256,+119.086,+101.460,+112.257,+98.256,+108.671,+5.848,+16.245,+0.000,+10.415,+11.000,+6.000,+97.707,+98.256,+125.746,+98.256,+106.859,+98.256,+9.618,+0.000
0,530,+7.000,+7.000,+4.000,+4.000,+95.720,+97.442,+98.518,+99.356,+99.635,+105.611,+102.397,+121.928,+97.044,+102.249,+99.684,+116.285,+1.342,+3.078,+1.590,+9.774,+7.000,+4.000,+96.581,+99.289,+101.558,+103.590,+99.647,+101.362,+1.519,+1.621
0,531,+17.000,+17.000,+9.000,+9.000,+99.749,+103.828,+98.958,+103.547,+105.954,+126.394,+105.585,+113.047,+102.617,+112.193,+102.445,+106.728,+2.080,+7.877,+1.911,+4.468,+17.000,+9.000,+102.158,+102.708,+116.174,+106.659,+107.405,+104.039,+4.039,+1.365
0,532,+0.000,+0.000,+12.000,+12.000,NaN,NaN,+102.487,+104.878,NaN,NaN,+107.576,+117.878,NaN,NaN,+104.895,+112.526,NaN,NaN,+1.892,+4.068,+0.000,+12.000,NaN,+104.407,NaN,+111.524,NaN,+107.642,NaN,+1.823
0,533,+6.000,+6.000,+9.000,+9.000,+98.397,+103.719,+102.031,+104.826,+104.008,+107.053,+105.523,+127.063,+100.774,+104.837,+102.956,+112.626,+1.725,+1.300,+1.127,+10.211,+6.000,+9.000,+101.202,+102.090,+104.008,+105.523,+102.805,+104.767,+0.915,+1.031
0,534,+5.000,+5.000,+3.000,+3.000,+99.623,+99.786,+98.190,+101.546,+101.767,+139.003,+98.190,+101.546,+100.065,+108.627,+98.190,+101.546,+0.851,+15.258,+0.000,+0.000,+5.000,+3.000,+99.704,+99.868,+119.323,+99.868,+104.346,+99.868,+7.575,+0.000
0,535,+5.000,+5.000,+12.000,+12.000,+97.786,+98.685,+96.155,+102.148,+103.680,+118.673,+106.616,+118.256,+99.665,+109.969,+101.638,+106.136,+2.423,+7.622,+3.491,+4.167,+5.000,+12.000,+98.235,+101.847,+108.867,+107.174,+104.817,+104.191,+4.009,+1.941
0,536,+7.000,+7.000,+6.000,+6.000,+100.618,+107.470,+96.768,+104.617,+112.716,+131.505,+102.490,+107.026,+107.808,+118.406,+98.877,+105.821,+3.514,+8.338,+1.995,+1.204,+7.000,+6.000,+105.115,+97.519,+120.734,+103.553,+113.107,+100.315,+5.576,+2.364
0,537,+0.000,+0.000,+0.000,+0.000,NaN,NaN,NaN,NaN,NaN,NaN,NaN,NaN,NaN,NaN,NaN,NaN,NaN,NaN,NaN,NaN,+0.000,+0.000,NaN,NaN,NaN,NaN,NaN,NaN,NaN,NaN
0,538,+9.000,+9.000,+3.000,+3.000,+100.489,+101.945,+100.510,+107.026,+106.160,+123.771,+100.510,+107.026,+102.476,+109.916,+100.510,+107.026,+2.227,+8.153,+0.000,+0.000,+9.000,+3.000,+101.319,+101.548,+114.552,+101.548,+106.196,+101.548,+4.894,+0.000
0,539,+12.000,+12.000,+3.000,+3.000,+100.481,+101.619,+100.510,+102.148,+108.539,+135.433,+100.510,+102.148,+103.857,+115.133,+100.510,+102.148,+3.011,+11.630,+0.000,+0.000,+12.000,+3.000,+101.050,+100.510,+121.986,+100.717,+109.495,+100.579,+7.023,+0.098
0,540,+2.000,+2.000,+12.000,+12.000,+97.408,+98.487,+97.527,+102.780,+97.408,+99.112,+104.296,+130.311,+97.408,+98.800,+101.884,+112.258,+0.000,+0.312,+2.081,+9.009,+2.000,+12.000,+97.948,+100.368,+98.260,+107.089,+98.104,+103.233,+0.156,+1.806
0,541,+5.000,+5.000,+9.000,+9.000,+96.032,+100.974,+96.024,+99.032,+107.026,+115.638,+99.476,+100.510,+99.922,+109.104,+98.770,+100.031,+4.216,+6.103,+1.021,+0.481,+5.000,+9.000,+98.503,+98.172,+111.332,+99.898,+104.513,+99.363,+4.646,+0.536
0,542,+11.000,+11.000,+3.000,+3.000,+97.498,+101.683,+97.067,+118.283,+109.217,+111.590,+100.397,+118.283,+102.966,+105.199,+98.875,+118.283,+2.977,+3.889,+1.374,+0.000,+11.000,+3.000,+99.993,+98.785,+109.854,+100.450,+104.082,+99.671,+3.085,+0.684
0,543,+6.000,+6.000,+4.000,+4.000,+100.381,+103.906,+96.296,+98.135,+106.037,+114.784,+98.553,+110.086,+103.126,+108.116,+97.469,+102.356,+2.485,+4.736,+0.799,+4.632,+6.000,+4.000,+102.144,+97.824,+110.411,+99.014,+105.621,+98.292,+3.492,+0.482
0,544,+20.000,+20.000,+6.000,+6.000,+99.476,+102.489,+96.463,+107.968,+128.955,+141.055,+99.372,+136.298,+106.908,+115.871,+98.520,+124.817,+7.939,+13.360,+0.953,+8.642,+20.000,+6.000,+101.588,+97.590,+135.005,+99.885,+111.389,+99.237,+9.697,+0.780
0,545,+4.000,+4.000,+3.000,+3.000,+98.396,+111.155,+96.621,+97.740,+103.653,+127.463,+97.781,+97.781,+101.828,+115.232,+97.008,+97.754,+2.150,+7.062,+0.547,+0.020,+4.000,+3.000,+104.775,+97.181,+115.558,+97.781,+108.530,+97.381,+4.165,+0.283
0,546,+8.000,+8.000,+6.000,+6.000,+98.242,+104.537,+96.742,+99.594,+103.259,+110.507,+101.864,+113.284,+100.770,+106.244,+99.899,+106.996,+1.775,+1.958,+1.564,+6.333,+8.000,+6.000,+101.390,+98.168,+105.132,+105.420,+103.507,+101.697,+1.502,+2.493
0,547,+6.000,+6.000,+11.000,+11.000,+98.535,+101.589,+97.741,+108.693,+101.616,+101.864,+108.537,+158.075,+99.356,+101.770,+103.424,+123.505,+1.071,+0.103,+3.486,+17.633,+6.000,+11.000,+100.128,+105.696,+101.740,+112.214,+100.563,+108.626,+0.551,+2.687
0,548,+6.000,+6.000,+3.000,+3.000,+96.124,+98.288,+98.757,+102.700,+101.589,+107.510,+102.700,+102.700,+99.532,+101.637,+101.386,+102.700,+2.221,+3.087,+1.859,+0.000,+6.000,+3.000,+97.206,+100.729,+103.906,+102.700,+100.585,+102.043,+2.413,+0.929
0,549,+9.000,+9.000,+10.000,+10.000,+101.589,+101.589,+98.230,+104.600,+103.309,+140.131,+104.600,+110.111,+102.096,+120.862,+103.017,+105.643,+0.722,+16.590,+2.416,+1.747,+9.000,+10.000,+101.589,+104.381,+121.379,+104.600,+111.479,+104.518,+8.339,+0.095
0,550,+6.000,+6.000,+9.000,+9.000,+99.904,+100.905,+96.776,+102.174,+125.834,+166.187,+102.700,+107.905,+105.512,+135.192,+99.895,+105.146,+9.266,+31.056,+2.375,+2.263,+6.000,+9.000,+100.404,+98.734,+146.011,+103.737,+120.352,+101.798,+18.309,+1.729
0,551,+11.000,+11.000,+9.000,+9.000,+97.654,+101.843,+98.926,+102.979,+106.616,+123.650,+105.204,+123.333,+102.742,+107.864,+102.490,+111.822,+2.789,+6.782,+1.913,+6.360,+11.000,+9.000,+99.818,+102.712,+113.553,+106.744,+105.303,+104.869,+4.445,+1.390
0,552,+15.000,+15.000,+14.000,+14.000,+101.798,+102.719,+95.235,+103.278,+109.212,+112.849,+105.204,+118.826,+104.522,+108.156,+101.764,+108.770,+1.995,+3.810,+2.836,+4.346,+15.000,+14.000,+102.627,+102.560,+111.031,+106.901,+106.339,+104.737,+2.389,+1.494
0,553,+12.000,+12.000,+3.000,+3.000,+100.330,+104.683,+100.065,+119.477,+115.103,+126.355,+102.833,+119.477,+106.176,+115.764,+101.910,+119.477,+4.174,+6.190,+1.305,+0.000,+12.000,+3.000,+102.507,+101.920,+117.784,+104.019,+110.970,+103.171,+4.334,+0.903
0,554,+4.000,+4.000,+6.000,+6.000,+96.075,+99.635,+99.228,+101.945,+102.434,+133.952,+102.833,+106.070,+98.784,+112.026,+101.631,+104.782,+2.749,+13.559,+1.700,+1.759,+4.000,+6.000,+97.855,+100.586,+115.065,+103.799,+105.405,+102.460,+6.561,+1.223
0,555,+7.000,+7.000,+12.000,+12.000,+97.779,+100.972,+99.350,+101.673,+105.530,+109.153,+102.701,+129.765,+102.372,+105.480,+100.947,+113.288,+2.619,+3.272,+1.516,+8.018,+7.000,+12.000,+99.376,+100.592,+107.342,+104.996,+103.926,+103.024,+2.893,+1.461
0,556,+12.000,+12.000,+3.000,+3.000,+102.010,+103.753,+97.117,+109.880,+106.391,+125.951,+99.201,+109.880,+103.948,+108.744,+97.948,+109.880,+1.310,+6.072,+0.902,+0.000,+12.000,+3.000,+102.882,+97.321,+114.378,+99.357,+106.346,+98.347,+3.213,+0.831
0,557,+3.000,+3.000,+8.000,+8.000,+96.640,+161.780,+96.880,+103.115,+141.024,+173.958,+106.331,+159.341,+113.430,+166.211,+102.420,+128.176,+19.664,+5.497,+2.956,+17.935,+3.000,+8.000,+129.210,+98.373,+157.491,+107.694,+139.821,+105.390,+12.579,+3.285
0,558,+3.000,+3.000,+8.000,+8.000,+98.159,+104.174,+99.071,+105.013,+102.088,+104.174,+111.083,+120.252,+100.322,+104.174,+103.744,+112.478,+1.629,+0.000,+4.175,+5.526,+3.000,+8.000,+101.166,+101.408,+103.131,+112.632,+102.248,+106.814,+0.814,+4.010
0,559,+4.000,+4.000,+6.000,+6.000,+99.298,+116.566,+98.354,+108.328,+101.015,+125.079,+106.728,+111.880,+100.441,+118.694,+105.307,+110.471,+0.701,+3.686,+3.110,+1.527,+4.000,+6.000,+108.500,+102.564,+112.189,+107.680,+109.568,+106.614,+1.518,+1.842
0,560,+9.000,+9.000,+9.000,+9.000,+97.809,+101.722,+96.006,+102.446,+102.626,+110.091,+105.286,+137.198,+100.809,+104.996,+100.224,+120.266,+2.010,+3.612,+2.891,+10.110,+9.000,+9.000,+100.177,+99.665,+106.358,+105.437,+102.902,+102.312,+2.534,+2.132
0,561,+3.000,+3.000,+12.000,+12.000,+96.624,+131.556,+96.322,+108.573,+100.857,+131.556,+115.704,+141.448,+98.446,+131.556,+103.573,+123.791,+1.778,+0.000,+4.876,+9.920,+3.000,+12.000,+114.090,+101.184,+116.207,+120.987,+115.001,+107.333,+0.889,+6.246
0,562,+1.000,+1.000,+7.000,+7.000,+98.700,+110.039,+95.920,+98.579,+98.700,+110.039,+101.269,+102.256,+98.700,+110.039,+97.932,+100.830,+0.000,+0.000,+2.055,+1.176,+1.000,+7.000,+104.369,+97.246,+104.369,+101.369,+104.369,+99.896,+0.000,+1.512
0,563,+10.000,+10.000,+13.000,+13.000,+95.286,+98.599,+96.453,+99.501,+101.024,+113.751,+100.640,+122.799,+99.061,+102.468,+99.074,+111.689,+1.608,+4.323,+1.321,+6.827,+10.000,+13.000,+96.996,+99.140,+107.133,+101.593,+100.765,+100.421,+2.723,+0.870
0,564,+13.000,+13.000,+14.000,+14.000,+98.756,+98.756,+101.269,+102.887,+114.921,+140.356,+103.187,+153.034,+101.637,+110.724,+102.088,+125.442,+4.056,+13.388,+0.671,+19.206,+13.000,+14.000,+98.756,+101.992,+123.139,+106.072,+106.181,+104.034,+7.948,+1.691
0,565,+6.000,+6.000,+19.000,+19.000,+97.460,+100.355,+98.405,+101.307,+102.890,+134.778,+109.089,+135.535,+100.947,+116.600,+101.930,+120.908,+2.386,+15.490,+3.003,+9.391,+6.000,+19.000,+98.907,+101.137,+118.662,+109.345,+108.774,+105.167,+8.614,+3.008
0,566,+3.000,+3.000,+10.000,+10.000,+96.587,+102.890,+96.114,+99.712,+102.205,+102.890,+101.111,+112.430,+98.460,+102.890,+99.540,+106.306,+2.649,+0.000,+1.602,+5.058,+3.000,+10.000,+99.738,+98.801,+102.547,+103.343,+100.675,+100.830,+1.324,+1.434
0,567,+3.000,+3.000,+6.000,+6.000,+100.843,+130.843,+97.334,+100.376,+101.037,+130.843,+100.840,+116.269,+100.908,+130.843,+99.691,+110.770,+0.092,+0.000,+1.169,+6.053,+3.000,+6.000,+115.843,+100.044,+115.940,+101.418,+115.875,+100.769,+0.046,+0.653
0,568,+0.000,+0.000,+9.000,+9.000,NaN,NaN,+97.016,+98.859,NaN,NaN,+100.857,+114.247,NaN,NaN,+99.212,+104.581,NaN,NaN,+1.304,+4.990,+0.000,+9.000,NaN,+98.072,NaN,+101.987,NaN,+100.124,NaN,+1.072
0,569,+2.000,+2.000,+10.000,+10.000,+102.132,+102.890,+99.808,+101.539,+102.132,+103.916,+102.385,+128.259,+102.132,+103.403,+101.125,+106.564,+0.000,+0.513,+0.998,+7.455,+2.000,+10.000,+102.511,+101.362,+103.024,+102.500,+102.767,+102.126,+0.257,+0.367
0,570,+4.000,+4.000,+7.000,+7.000,+100.455,+100.756,+97.449,+101.403,+109.297,+136.718,+100.840,+109.214,+104.276,+127.728,+100.035,+104.809,+3.276,+15.572,+1.118,+3.815,+4.000,+7.000,+100.605,+99.144,+123.008,+100.840,+116.002,+100.525,+8.971,+0.590
0,571,+4.000,+4.000,+15.000,+15.000,+97.323,+100.758,+97.498,+100.840,+100.843,+108.608,+101.494,+127.546,+99.389,+102.763,+100.182,+111.574,+1.517,+3.375,+1.077,+9.822,+4.000,+15.000,+99.041,+100.256,+103.578,+104.969,+101.076,+101.703,+1.621,+1.623
0,572,+10.000,+10.000,+6.000,+6.000,+98.248,+99.501,+95.843,+96.854,+103.862,+105.693,+103.379,+170.348,+100.283,+102.352,+98.895,+129.943,+1.590,+2.582,+3.154,+31.204,+10.000,+6.000,+98.875,+96.348,+104.172,+122.870,+101.317,+103.616,+1.847,+9.242
0,573,+8.000,+8.000,+8.000,+8.000,+100.253,+101.145,+98.170,+99.304,+109.503,+126.210,+106.728,+153.590,+102.360,+106.063,+100.574,+134.720,+2.891,+7.829,+3.032,+21.510,+8.000,+8.000,+100.994,+98.983,+117.856,+111.258,+104.211,+106.520,+5.304,+4.433
0,574,+2.000,+2.000,+9.000,+9.000,+101.011,+104.287,+101.777,+104.163,+101.011,+104.287,+102.935,+112.660,+101.011,+104.287,+102.163,+108.064,+0.000,+0.000,+0.546,+3.567,+2.000,+9.000,+102.649,+102.970,+102.649,+104.040,+102.649,+103.475,+0.000,+0.309
0,575,+6.000,+6.000,+9.000,+9.000,+101.086,+103.487,+98.495,+103.709,+107.189,+117.081,+101.777,+112.768,+102.952,+105.975,+100.872,+107.717,+1.956,+4.970,+1.042,+3.997,+6.000,+9.000,+102.412,+100.329,+112.135,+101.777,+104.463,+101.463,+3.439,+0.483
0,576,+12.000,+12.000,+11.000,+11.000,+98.616,+102.015,+98.240,+107.634,+115.645,+127.572,+104.261,+123.383,+106.838,+111.401,+102.262,+114.461,+4.841,+8.346,+1.604,+5.586,+12.000,+11.000,+100.316,+100.877,+121.328,+105.304,+109.120,+103.834,+6.147,+1.136
0,577,+6.000,+6.000,+7.000,+7.000,+101.227,+110.616,+100.728,+102.946,+108.524,+110.616,+102.946,+106.918,+104.068,+110.616,+101.881,+104.540,+2.204,+0.000,+0.933,+1.544,+6.000,+7.000,+105.922,+100.865,+109.570,+102.946,+107.342,+102.545,+1.102,+0.723
0,578,+5.000,+5.000,+9.000,+9.000,+97.236,+99.435,+97.649,+101.808,+101.804,+103.111,+102.026,+117.972,+99.452,+101.275,+99.715,+108.560,+1.851,+1.224,+1.774,+6.959,+5.000,+9.000,+98.335,+99.964,+102.457,+102.486,+100.364,+101.643,+1.472,+0.888
0,579,+3.000,+3.000,+9.000,+9.000,+96.347,+103.111,+97.935,+98.349,+103.733,+103.733,+101.337,+144.035,+98.809,+103.525,+99.147,+114.898,+3.482,+0.293,+1.439,+16.346,+3.000,+9.000,+99.729,+98.142,+103.733,+105.700,+101.167,+101.384,+1.819,+2.677
0,580,+6.000,+6.000,+12.000,+12.000,+100.829,+103.111,+97.935,+100.800,+103.902,+106.744,+103.044,+152.669,+102.165,+104.927,+100.375,+111.788,+0.952,+1.816,+1.094,+14.427,+6.000,+12.000,+101.970,+100.310,+105.323,+104.263,+103.546,+101.345,+1.178,+1.398
0,581,+9.000,+9.000,+9.000,+9.000,+100.167,+103.111,+99.598,+100.334,+109.954,+112.491,+100.436,+130.546,+104.545,+108.017,+100.237,+105.475,+3.211,+3.825,+0.272,+9.714,+9.000,+9.000,+101.639,+100.332,+110.235,+100.436,+106.281,+100.389,+3.153,+0.045
0,582,+3.000,+3.000,+9.000,+9.000,+96.048,+111.996,+98.335,+103.189,+101.711,+111.996,+102.946,+134.990,+99.156,+111.996,+100.579,+119.024,+2.345,+0.000,+1.392,+11.767,+3.000,+9.000,+104.022,+99.333,+106.853,+102.995,+105.576,+101.808,+1.172,+1.438
0,583,+10.000,+10.000,+9.000,+9.000,+99.496,+102.922,+95.892,+104.677,+105.467,+109.828,+102.946,+126.311,+102.623,+105.604,+100.188,+113.497,+1.834,+2.380,+2.386,+9.253,+10.000,+9.000,+101.209,+100.669,+107.648,+104.366,+104.113,+102.275,+2.046,+1.331
0,584,+9.000,+9.000,+10.000,+10.000,+102.299,+102.711,+96.197,+104.608,+105.037,+106.219,+111.973,+141.039,+104.194,+105.308,+103.717,+121.362,+1.032,+0.958,+3.707,+15.148,+9.000,+10.000,+102.684,+100.403,+105.628,+113.794,+104.751,+105.193,+0.885,+3.392
0,585,+4.000,+4.000,+5.000,+5.000,+99.967,+103.651,+101.162,+101.337,+112.526,+114.708,+101.744,+105.009,+103.949,+106.415,+101.418,+104.034,+5.103,+4.788,+0.269,+1.358,+4.000,+5.000,+101.809,+101.249,+113.617,+101.796,+105.182,+101.571,+4.909,+0.209
0,586,+8.000,+8.000,+5.000,+5.000,+98.982,+103.886,+96.605,+121.678,+105.485,+116.434,+101.658,+148.282,+101.974,+109.547,+98.002,+137.641,+2.178,+4.930,+1.975,+13.033,+8.000,+5.000,+101.434,+97.570,+108.875,+102.097,+105.760,+99.605,+2.846,+1.486
0,587,+12.000,+12.000,+0.000,+0.000,+97.070,+99.000,NaN,NaN,+103.093,+118.539,NaN,NaN,+99.382,+104.959,NaN,NaN,+1.789,+5.168,NaN,NaN,+12.000,+0.000,+98.037,NaN,+107.807,NaN,+102.170,NaN,+2.760,NaN
0,588,+7.000,+7.000,+0.000,+0.000,+98.922,+99.778,NaN,NaN,+101.337,+107.025,NaN,NaN,+100.334,+101.541,NaN,NaN,+1.062,+2.382,NaN,NaN,+7.000,+0.000,+99.350,NaN,+104.181,NaN,+100.938,NaN,+1.595,NaN
0,589,+15.000,+15.000,+6.000,+6.000,+98.880,+101.150,+95.955,+101.150,+104.195,+136.652,+104.608,+150.865,+101.192,+107.355,+98.748,+122.189,+1.536,+9.817,+3.383,+22.172,+15.000,+6.000,+100.015,+98.856,+118.954,+106.888,+104.273,+101.911,+5.036,+2.724
0,590,+8.000,+8.000,+8.000,+8.000,+96.010,+98.930,+96.726,+98.223,+101.521,+142.542,+101.625,+122.223,+99.905,+109.987,+97.888,+104.054,+1.815,+13.650,+1.510,+6.980,+8.000,+8.000,+97.842,+97.227,+122.031,+101.690,+104.946,+99.000,+7.346,+1.575
0,591,+10.000,+10.000,+6.000,+6.000,+99.093,+99.093,+101.421,+101.756,+104.301,+115.900,+102.313,+134.056,+100.501,+106.297,+101.862,+107.892,+2.021,+6.805,+0.296,+11.724,+10.000,+6.000,+99.093,+101.756,+110.100,+104.006,+103.399,+102.665,+4.298,+0.777
0,592,+12.000,+12.000,+14.000,+14.000,+99.416,+101.181,+96.406,+102.453,+104.151,+121.780,+104.426,+126.301,+102.172,+108.155,+100.089,+112.066,+1.487,+5.881,+2.518,+8.556,+12.000,+14.000,+101.181,+100.763,+110.647,+105.407,+105.163,+102.390,+2.930,+1.643
0,593,+6.000,+6.000,+4.000,+4.000,+101.181,+101.265,+97.004,+100.944,+101.181,+101.265,+104.068,+107.402,+101.181,+101.265,+99.977,+105.787,+0.000,+0.000,+2.736,+2.796,+6.000,+4.000,+101.223,+98.974,+101.223,+104.076,+101.223,+101.583,+0.000,+1.850
0,594,+14.000,+14.000,+12.000,+12.000,+100.764,+101.181,+101.684,+104.576,+107.036,+115.047,+104.426,+138.856,+103.019,+105.116,+103.221,+115.517,+2.296,+4.373,+1.004,+13.230,+14.000,+12.000,+100.973,+103.318,+109.672,+104.836,+104.068,+104.296,+3.185,+0.452
0,595,+7.000,+7.000,+7.000,+7.000,+101.181,+102.047,+96.921,+101.051,+106.368,+144.047,+98.235,+137.829,+102.758,+115.775,+97.487,+115.782,+1.728,+16.422,+0.464,+16.797,+7.000,+7.000,+101.614,+98.965,+123.589,+101.892,+109.266,+99.821,+8.138,+0.902
0,596,+6.000,+6.000,+8.000,+8.000,+96.108,+96.564,+97.544,+102.487,+104.940,+128.564,+101.375,+123.437,+100.082,+112.160,+98.817,+111.680,+3.898,+13.032,+1.409,+8.922,+6.000,+8.000,+96.336,+98.028,+116.752,+102.312,+106.121,+99.989,+8.382,+1.424
0,597,+4.000,+4.000,+9.000,+9.000,+98.158,+102.765,+99.643,+106.141,+102.765,+112.445,+102.509,+142.387,+100.848,+105.185,+101.508,+120.529,+1.698,+4.192,+0.872,+13.628,+4.000,+9.000,+101.798,+100.802,+105.302,+103.193,+103.017,+102.476,+1.363,+0.827
0,598,+7.000,+7.000,+3.000,+3.000,+97.594,+97.671,+102.765,+109.589,+109.696,+118.368,+102.765,+109.589,+101.034,+106.158,+102.765,+109.589,+4.019,+6.581,+0.000,+0.000,+7.000,+3.000,+97.632,+103.595,+114.032,+103.595,+103.596,+103.595,+5.123,+0.000
0,599,+3.000,+3.000,+3.000,+3.000,+100.094,+100.932,+96.331,+108.462,+100.857,+100.932,+96.331,+108.462,+100.400,+100.932,+96.331,+108.462,+0.329,+0.000,+0.000,+0.000,+3.000,+3.000,+100.513,+99.098,+100.895,+99.098,+100.666,+99.098,+0.165,+0.000
0,600,+15.000,+15.000,+3.000,+3.000,+95.549,+97.943,+96.474,+97.118,+107.301,+122.772,+100.458,+126.496,+101.126,+106.286,+99.130,+112.818,+3.519,+6.698,+1.878,+12.078,+15.000,+3.000,+96.746,+96.796,+112.582,+100.458,+103.706,+99.237,+4.635,+1.726
0,601,+3.000,+3.000,+1.000,+1.000,+98.042,+100.857,+100.458,+106.776,+100.413,+100.857,+100.458,+106.776,+99.324,+100.857,+100.458,+106.776,+0.978,+0.000,+0.000,+0.000,+3.000,+1.000,+99.449,+101.959,+100.635,+101.959,+100.090,+101.959,+0.489,+0.000
0,602,+4.000,+4.000,+9.000,+9.000,+96.570,+102.035,+98.318,+106.113,+99.516,+108.220,+105.916,+143.275,+98.042,+106.673,+103.106,+116.008,+1.041,+2.678,+2.470,+13.779,+4.000,+9.000,+100.038,+101.953,+103.868,+106.015,+102.358,+104.629,+1.437,+1.442
0,603,+5.000,+5.000,+3.000,+3.000,+95.106,+95.721,+97.462,+106.814,+98.042,+117.750,+106.318,+106.989,+96.280,+108.939,+101.912,+106.931,+1.438,+10.792,+3.616,+0.083,+5.000,+3.000,+95.414,+100.303,+107.896,+106.566,+102.609,+103.781,+5.900,+2.603
0,604,+14.000,+14.000,+2.000,+2.000,+99.520,+99.568,+99.516,+100.279,+106.718,+115.128,+99.516,+101.238,+101.713,+105.596,+99.516,+100.758,+2.081,+5.098,+0.000,+0.479,+14.000,+2.000,+99.568,+99.800,+109.696,+99.800,+103.654,+99.800,+3.154,+0.000
0,605,+6.000,+6.000,+5.000,+5.000,+98.018,+99.027,+99.187,+102.713,+103.973,+126.162,+103.240,+106.154,+99.272,+108.346,+100.760,+104.291,+2.171,+10.663,+1.334,+1.538,+6.000,+5.000,+98.522,+99.822,+112.839,+104.221,+103.809,+102.039,+5.637,+1.456
0,606,+8.000,+8.000,+9.000,+9.000,+96.642,+97.914,+95.475,+98.044,+100.851,+102.302,+108.722,+153.044,+98.567,+101.693,+103.766,+119.769,+1.342,+1.437,+3.523,+14.246,+8.000,+9.000,+97.621,+96.760,+101.576,+110.901,+100.130,+107.104,+1.138,+4.058
0,607,+12.000,+12.000,+17.000,+17.000,+97.927,+99.516,+96.799,+106.113,+111.701,+157.966,+104.511,+121.577,+103.664,+121.854,+101.720,+110.455,+4.832,+18.539,+2.653,+5.896,+12.000,+17.000,+98.890,+102.224,+128.741,+108.217,+112.759,+105.198,+10.143,+2.019
0,608,+0.000,+0.000,+12.000,+12.000,NaN,NaN,+98.944,+104.850,NaN,NaN,+113.031,+137.979,NaN,NaN,+101.740,+116.839,NaN,NaN,+4.135,+8.953,+0.000,+12.000,NaN,+103.444,NaN,+113.570,NaN,+106.337,NaN,+2.770
0,609,+3.000,+3.000,+17.000,+17.000,+98.259,+100.929,+96.837,+106.533,+99.192,+100.929,+106.533,+146.141,+98.881,+100.929,+101.202,+121.246,+0.440,+0.000,+2.785,+13.805,+3.000,+17.000,+99.594,+100.054,+100.060,+108.392,+99.905,+105.345,+0.220,+2.145
0,610,+10.000,+10.000,+17.000,+17.000,+98.315,+100.929,+97.778,+99.582,+111.272,+118.206,+104.362,+128.194,+102.476,+108.940,+100.055,+107.199,+3.554,+7.114,+1.672,+7.106,+10.000,+17.000,+99.877,+98.936,+114.739,+104.362,+105.708,+101.353,+4.787,+1.911
0,611,+0.000,+0.000,+6.000,+6.000,NaN,NaN,+97.313,+98.785,NaN,NaN,+99.582,+102.387,NaN,NaN,+98.227,+99.923,NaN,NaN,+0.735,+1.183,+0.000,+6.000,NaN,+98.155,NaN,+99.698,NaN,+98.892,NaN,+0.527
0,612,+9.000,+9.000,+13.000,+13.000,+99.192,+102.171,+97.992,+98.553,+106.693,+116.234,+99.582,+115.371,+100.302,+107.669,+98.650,+105.819,+2.350,+6.088,+0.471,+4.936,+9.000,+13.000,+100.689,+98.538,+111.464,+99.618,+103.985,+98.983,+3.681,+0.391
0,613,+6.000,+6.000,+6.000,+6.000,+100.649,+102.171,+99.582,+101.520,+108.224,+128.949,+101.826,+102.691,+103.359,+116.425,+100.602,+102.157,+2.491,+12.553,+1.025,+0.544,+6.000,+6.000,+102.171,+100.886,+118.586,+101.826,+109.892,+101.465,+6.798,+0.282
0,614,+3.000,+3.000,+6.000,+6.000,+97.867,+99.408,+97.344,+101.826,+102.853,+105.452,+101.520,+107.866,+100.872,+102.761,+99.319,+104.846,+2.160,+2.511,+1.626,+3.020,+3.000,+6.000,+98.638,+100.270,+104.152,+101.673,+101.816,+100.932,+2.329,+0.667
0,615,+6.000,+6.000,+8.000,+8.000,+96.030,+97.208,+101.625,+106.477,+103.422,+113.554,+109.387,+125.450,+98.596,+104.521,+106.928,+115.113,+3.242,+4.853,+2.332,+5.239,+6.000,+8.000,+96.619,+104.051,+104.792,+112.049,+101.559,+109.233,+2.927,+2.413
0,616,+3.000,+3.000,+5.000,+5.000,+98.817,+109.217,+99.582,+102.697,+100.346,+109.217,+102.767,+117.548,+99.837,+109.217,+100.607,+106.623,+0.721,+0.000,+1.315,+5.497,+3.000,+5.000,+104.017,+100.551,+104.782,+103.528,+104.527,+101.742,+0.360,+1.458
0,617,+12.000,+12.000,+9.000,+9.000,+98.306,+99.529,+96.992,+98.244,+106.194,+107.058,+101.520,+133.784,+101.339,+104.921,+98.916,+114.314,+2.905,+2.125,+1.566,+14.099,+12.000,+9.000,+98.918,+97.618,+106.626,+103.999,+103.130,+100.831,+2.187,+1.946
0,618,+3.000,+3.000,+1.000,+1.000,+97.774,+98.803,+96.177,+96.716,+102.143,+108.473,+96.177,+96.716,+100.054,+104.012,+96.177,+96.716,+1.789,+3.983,+0.000,+0.000,+3.000,+1.000,+98.288,+96.446,+104.358,+96.446,+102.033,+96.446,+2.674,+0.000
0,619,+9.000,+9.000,+3.000,+3.000,+97.698,+100.410,+100.910,+104.560,+103.452,+112.410,+102.853,+104.560,+100.016,+106.619,+101.557,+104.560,+1.750,+4.022,+0.916,+0.000,+9.000,+3.000,+100.034,+100.910,+107.931,+102.853,+103.318,+101.562,+2.398,+0.913
0,620,+5.000,+5.000,+6.000,+6.000,+96.169,+98.323,+97.572,+99.377,+101.312,+117.254,+98.511,+113.671,+97.901,+103.792,+98.021,+105.715,+2.182,+7.478,+0.451,+5.619,+5.000,+6.000,+97.246,+98.041,+108.469,+98.944,+100.846,+98.407,+4.628,+0.308
0,621,+11.000,+11.000,+8.000,+8.000,+96.550,+98.433,+99.606,+99.606,+106.671,+122.454,+102.853,+113.796,+99.725,+112.195,+100.234,+104.500,+3.123,+10.966,+1.083,+5.748,+11.000,+8.000,+97.492,+99.606,+114.273,+104.531,+105.960,+100.646,+6.767,+1.537
0,622,+3.000,+3.000,+6.000,+6.000,+101.880,+127.262,+96.565,+106.270,+106.590,+148.262,+102.790,+141.312,+104.950,+134.262,+101.052,+120.468,+2.173,+9.899,+2.527,+11.842,+3.000,+6.000,+114.571,+97.575,+127.426,+102.790,+119.606,+101.571,+5.605,+1.945
0,623,+6.000,+6.000,+8.000,+8.000,+97.374,+105.971,+96.286,+98.481,+104.937,+106.590,+110.946,+138.153,+101.736,+106.177,+101.726,+120.421,+2.556,+0.292,+5.469,+14.889,+6.000,+8.000,+101.672,+98.386,+105.764,+111.072,+103.957,+103.141,+1.372,+5.021
0,624,+9.000,+9.000,+10.000,+10.000,+96.753,+99.422,+96.538,+105.507,+101.804,+105.191,+108.986,+130.734,+100.647,+103.052,+102.988,+115.393,+1.586,+1.861,+4.059,+10.111,+9.000,+10.000,+98.088,+104.046,+103.406,+109.370,+101.850,+106.559,+1.464,+2.126
0,625,+9.000,+9.000,+6.000,+6.000,+97.132,+101.842,+98.202,+116.896,+105.362,+111.616,+105.706,+117.273,+103.628,+106.806,+103.232,+117.085,+2.421,+3.551,+2.921,+0.188,+9.000,+6.000,+99.487,+101.954,+108.489,+106.761,+105.217,+104.821,+2.539,+1.803
0,626,+6.000,+6.000,+2.000,+2.000,+96.881,+103.753,+97.478,+108.849,+104.263,+104.330,+99.620,+120.128,+101.236,+104.138,+98.549,+114.489,+3.023,+0.272,+1.071,+5.639,+6.000,+2.000,+100.317,+98.549,+104.296,+100.789,+102.687,+99.669,+1.619,+1.120
0,627,+7.000,+7.000,+3.000,+3.000,+97.310,+98.658,+97.777,+102.118,+104.263,+127.762,+101.937,+102.118,+99.677,+114.066,+100.397,+102.118,+2.229,+11.143,+1.862,+0.000,+7.000,+3.000,+98.657,+99.947,+116.012,+102.027,+106.871,+101.258,+5.893,+0.931
0,628,+9.000,+9.000,+11.000,+11.000,+96.761,+100.058,+97.533,+104.900,+103.929,+121.928,+107.816,+139.052,+101.375,+106.254,+103.933,+116.630,+2.274,+6.871,+3.603,+13.796,+9.000,+11.000,+98.409,+104.900,+111.703,+108.446,+103.814,+107.009,+3.895,+1.229
0,629,+12.000,+12.000,+19.000,+19.000,+98.458,+101.670,+101.139,+104.361,+104.928,+106.434,+109.593,+119.415,+102.053,+104.033,+104.652,+113.145,+2.040,+1.733,+2.503,+4.053,+12.000,+19.000,+100.064,+104.251,+105.165,+111.747,+103.043,+109.430,+1.677,+2.403
0,630,+3.000,+3.000,+6.000,+6.000,+95.511,+101.914,+98.865,+103.685,+97.783,+108.033,+107.523,+124.438,+96.754,+105.906,+103.049,+110.819,+0.940,+2.825,+3.067,+6.460,+3.000,+6.000,+98.713,+101.104,+102.908,+108.091,+101.330,+105.101,+1.864,+2.858
0,631,+6.000,+6.000,+0.000,+0.000,+98.618,+101.155,NaN,NaN,+101.821,+105.310,NaN,NaN,+100.085,+103.232,NaN,NaN,+0.951,+2.077,NaN,NaN,+6.000,+0.000,+100.441,NaN,+103.565,NaN,+101.659,NaN,+1.208,NaN
0,632,+3.000,+3.000,+1.000,+1.000,+98.802,+98.802,+97.746,+98.346,+98.802,+98.856,+97.746,+98.346,+98.802,+98.820,+97.746,+98.346,+0.000,+0.026,+0.000,+0.000,+3.000,+1.000,+98.802,+98.046,+98.829,+98.046,+98.811,+98.046,+0.013,+0.000
0,633,+7.000,+7.000,+11.000,+11.000,+97.575,+98.802,+98.364,+99.132,+105.045,+105.310,+100.901,+111.386,+99.210,+101.723,+98.949,+105.175,+2.422,+3.117,+0.750,+3.912,+7.000,+11.000,+98.216,+98.528,+105.177,+102.650,+100.466,+100.555,+2.349,+1.396
0,634,+5.000,+5.000,+9.000,+9.000,+99.439,+99.615,+98.059,+100.073,+106.646,+126.607,+104.736,+135.263,+101.764,+108.761,+99.773,+123.628,+2.523,+9.261,+2.007,+10.479,+5.000,+9.000,+99.527,+99.122,+116.626,+105.203,+105.262,+101.588,+5.884,+2.602
0,635,+3.000,+3.000,+12.000,+12.000,+95.828,+100.651,+96.515,+104.221,+100.261,+100.651,+105.669,+126.059,+98.319,+100.651,+99.892,+112.619,+1.851,+0.000,+3.069,+8.251,+3.000,+12.000,+98.239,+99.625,+100.456,+106.011,+99.485,+104.359,+0.925,+1.851
0,636,+6.000,+6.000,+10.000,+10.000,+97.031,+100.651,+98.650,+101.217,+100.261,+106.646,+108.236,+125.323,+99.510,+103.648,+101.052,+113.052,+1.135,+2.997,+2.479,+5.712,+6.000,+10.000,+98.841,+99.440,+103.453,+108.754,+101.579,+103.294,+1.778,+3.363
0,637,+9.000,+9.000,+9.000,+9.000,+98.640,+98.640,+96.738,+103.051,+103.362,+111.160,+101.128,+110.072,+101.118,+104.521,+99.599,+106.831,+1.321,+4.789,+1.462,+2.219,+9.000,+9.000,+98.640,+98.531,+107.261,+101.897,+102.819,+101.010,+2.886,+1.159
0,638,+3.000,+3.000,+9.000,+9.000,+99.858,+99.858,+96.723,+102.239,+100.261,+100.261,+103.703,+115.463,+99.992,+100.127,+100.276,+110.333,+0.190,+0.190,+2.452,+4.962,+3.000,+9.000,+99.858,+100.816,+100.261,+104.154,+100.059,+103.053,+0.165,+1.229
0,639,+6.000,+6.000,+7.000,+7.000,+100.183,+101.068,+99.843,+103.424,+104.566,+106.327,+101.269,+128.632,+102.672,+104.135,+100.607,+110.795,+1.305,+1.707,+0.614,+9.893,+6.000,+7.000,+100.625,+100.413,+104.811,+101.574,+103.404,+101.129,+1.422,+0.327
0,640,+3.000,+3.000,+14.000,+14.000,+100.321,+104.813,+97.823,+105.463,+101.391,+111.441,+106.459,+128.605,+101.034,+108.974,+102.094,+113.564,+0.505,+2.959,+2.177,+6.425,+3.000,+14.000,+103.102,+102.026,+106.416,+107.022,+105.004,+104.063,+1.396,+1.340
0,641,+0.000,+0.000,+5.000,+5.000,NaN,NaN,+97.854,+99.443,NaN,NaN,+104.317,+112.741,NaN,NaN,+101.079,+106.012,NaN,NaN,+2.121,+4.329,+0.000,+5.000,NaN,+98.873,NaN,+104.462,NaN,+101.989,NaN,+1.972
0,642,+5.000,+5.000,+9.000,+9.000,+97.279,+97.279,+99.202,+100.085,+99.339,+110.692,+104.317,+132.474,+97.753,+102.429,+100.976,+112.332,+0.796,+4.428,+1.484,+10.694,+5.000,+9.000,+97.279,+99.643,+103.985,+105.967,+100.091,+102.370,+2.194,+1.603
0,643,+9.000,+9.000,+9.000,+9.000,+98.702,+102.436,+99.138,+104.317,+104.375,+106.906,+104.317,+129.857,+102.512,+104.548,+102.327,+113.058,+1.604,+1.673,+2.350,+11.222,+9.000,+9.000,+101.388,+101.686,+105.641,+105.832,+103.530,+103.882,+1.338,+1.440
0,644,+5.000,+5.000,+9.000,+9.000,+97.130,+98.242,+97.057,+102.757,+102.507,+103.591,+105.773,+131.706,+100.168,+101.451,+100.583,+115.799,+2.246,+2.621,+3.330,+8.902,+5.000,+9.000,+97.686,+98.452,+103.049,+106.728,+100.810,+104.431,+2.426,+3.229
0,645,+9.000,+9.000,+7.000,+7.000,+97.398,+99.069,+96.063,+102.079,+99.142,+101.496,+104.324,+104.448,+98.313,+99.700,+98.430,+104.056,+0.802,+0.905,+3.067,+0.809,+9.000,+7.000,+98.234,+100.206,+100.154,+104.386,+99.007,+102.076,+0.763,+1.399
0,646,+9.000,+9.000,+7.000,+7.000,+97.550,+99.142,+96.305,+96.737,+101.766,+148.586,+102.560,+109.056,+99.219,+105.085,+99.060,+107.051,+1.028,+15.386,+1.776,+4.216,+9.000,+7.000,+98.491,+96.521,+125.176,+103.218,+102.152,+100.908,+8.148,+2.097
0,647,+3.000,+3.000,+7.000,+7.000,+97.491,+101.565,+97.507,+100.371,+100.304,+101.565,+102.152,+123.121,+98.428,+101.565,+98.975,+108.823,+1.326,+0.000,+1.875,+8.651,+3.000,+7.000,+99.528,+99.855,+100.934,+102.442,+99.996,+100.842,+0.663,+0.968
0,648,+5.000,+5.000,+9.000,+9.000,+98.043,+99.954,+99.142,+102.007,+101.565,+116.568,+102.007,+133.272,+100.538,+107.744,+100.518,+108.967,+1.395,+6.441,+1.024,+9.605,+5.000,+9.000,+99.954,+101.051,+107.418,+102.112,+104.141,+101.610,+3.001,+0.357
0,649,+3.000,+3.000,+0.000,+0.000,+100.212,+101.565,NaN,NaN,+101.565,+101.565,NaN,NaN,+100.663,+101.565,NaN,NaN,+0.638,+0.000,NaN,NaN,+3.000,+0.000,+100.888,NaN,+101.565,NaN,+101.114,NaN,+0.319,NaN
0,650,+11.000,+11.000,+7.000,+7.000,+96.196,+99.401,+95.585,+98.602,+104.199,+120.300,+102.103,+104.349,+99.640,+105.779,+99.793,+102.648,+1.805,+8.646,+2.097,+1.906,+11.000,+7.000,+97.799,+97.094,+111.691,+102.200,+102.709,+100.829,+4.940,+1.640
0,651,+4.000,+4.000,+3.000,+3.000,+97.414,+99.447,+101.578,+104.735,+105.608,+108.307,+101.578,+104.735,+101.324,+106.092,+101.578,+104.735,+2.903,+3.836,+0.000,+0.000,+4.000,+3.000,+98.431,+102.256,+106.958,+102.665,+103.708,+102.394,+3.181,+0.192
0,652,+9.000,+9.000,+5.000,+5.000,+99.849,+100.975,+97.608,+101.137,+102.448,+114.516,+100.765,+110.387,+100.927,+104.559,+98.641,+104.837,+0.870,+4.368,+1.316,+4.531,+9.000,+5.000,+100.412,+99.373,+107.679,+100.951,+102.743,+99.889,+2.422,+0.658
0,653,+9.000,+9.000,+11.000,+11.000,+98.112,+100.817,+98.698,+100.240,+107.452,+157.698,+105.711,+108.874,+100.776,+123.557,+100.631,+104.392,+2.713,+22.371,+1.760,+3.219,+9.000,+11.000,+99.464,+99.865,+129.337,+106.632,+112.167,+101.412,+11.226,+1.970
0,654,+7.000,+7.000,+6.000,+6.000,+98.781,+101.137,+100.495,+101.928,+101.137,+102.551,+104.219,+105.445,+100.708,+102.051,+102.249,+103.865,+0.790,+0.587,+1.142,+1.620,+7.000,+6.000,+100.615,+101.211,+101.844,+104.832,+101.379,+102.996,+0.418,+1.175
0,655,+11.000,+11.000,+13.000,+13.000,+96.596,+100.398,+99.714,+102.951,+106.913,+142.520,+111.904,+144.525,+101.150,+107.943,+103.197,+118.222,+3.030,+11.457,+2.911,+13.420,+11.000,+13.000,+99.284,+101.332,+124.717,+114.628,+104.547,+105.594,+6.892,+3.893
0,656,+3.000,+3.000,+8.000,+8.000,+97.578,+102.551,+100.933,+103.191,+98.741,+102.551,+104.293,+118.309,+97.966,+102.551,+102.218,+110.085,+0.548,+0.000,+1.304,+6.550,+3.000,+8.000,+100.065,+102.559,+100.646,+106.574,+100.259,+104.090,+0.274,+1.144
0,657,+8.000,+8.000,+0.000,+0.000,+95.257,+100.370,NaN,NaN,+102.448,+137.668,NaN,NaN,+98.955,+114.213,NaN,NaN,+3.118,+13.678,NaN,NaN,+8.000,+0.000,+97.813,NaN,+120.058,NaN,+106.584,NaN,+7.937,NaN
0,658,+6.000,+6.000,+13.000,+13.000,+99.641,+99.641,+101.294,+103.643,+101.270,+103.735,+116.294,+158.273,+100.333,+101.934,+104.219,+126.627,+0.734,+1.819,+4.011,+17.540,+6.000,+13.000,+99.641,+103.071,+102.502,+127.955,+101.134,+111.606,+1.160,+7.874
0,659,+3.000,+3.000,+6.000,+6.000,+98.052,+116.272,+99.774,+104.234,+100.534,+122.037,+104.234,+108.976,+99.707,+119.744,+101.804,+106.605,+1.170,+2.497,+1.892,+2.371,+3.000,+6.000,+108.403,+101.108,+110.728,+104.930,+109.725,+102.975,+0.976,+1.437
0,660,+2.000,+2.000,+3.000,+3.000,+99.972,+101.217,+96.530,+100.484,+101.505,+101.577,+99.363,+100.484,+100.738,+101.397,+98.363,+100.484,+0.767,+0.180,+1.297,+0.000,+2.000,+3.000,+100.594,+98.507,+101.541,+99.923,+101.067,+99.423,+0.473,+0.649
0,661,+10.000,+10.000,+3.000,+3.000,+97.156,+100.534,+99.248,+100.484,+101.944,+110.457,+100.484,+100.484,+100.829,+102.677,+99.738,+100.484,+1.535,+2.631,+0.536,+0.000,+10.000,+3.000,+98.845,+99.608,+105.999,+100.484,+101.753,+99.919,+1.700,+0.400
0,662,+2.000,+2.000,+6.000,+6.000,+95.267,+96.845,+99.295,+106.405,+96.455,+103.620,+102.169,+131.934,+95.861,+100.232,+100.400,+114.961,+0.594,+3.387,+1.251,+8.212,+2.000,+6.000,+96.650,+100.732,+99.444,+102.456,+98.047,+101.657,+1.397,+0.627
0,663,+12.000,+12.000,+3.000,+3.000,+98.915,+100.962,+97.077,+107.174,+110.903,+134.487,+102.742,+107.174,+101.218,+106.735,+98.965,+107.174,+3.055,+9.378,+2.671,+0.000,+12.000,+3.000,+100.308,+99.361,+117.996,+103.606,+103.976,+100.776,+5.513,+2.001
0,664,+8.000,+8.000,+6.000,+6.000,+97.294,+97.441,+95.426,+100.732,+102.382,+102.382,+100.312,+151.502,+98.833,+100.534,+97.869,+116.671,+2.019,+1.943,+2.443,+19.456,+8.000,+6.000,+97.368,+99.162,+102.382,+100.522,+99.683,+99.908,+1.690,+0.617
0,665,+4.000,+4.000,+3.000,+3.000,+96.066,+101.833,+98.845,+177.345,+100.226,+102.743,+98.845,+177.345,+97.593,+102.060,+98.845,+177.345,+1.715,+0.394,+0.000,+0.000,+4.000,+3.000,+98.949,+99.321,+101.029,+100.246,+99.827,+99.630,+0.775,+0.436
0,666,+10.000,+10.000,+1.000,+1.000,+97.810,+99.513,+101.646,+119.889,+102.717,+102.731,+101.646,+119.889,+100.168,+101.548,+101.646,+119.889,+1.720,+1.076,+0.000,+0.000,+10.000,+1.000,+98.661,+102.194,+102.724,+102.194,+100.858,+102.194,+1.301,+0.000
0,667,+6.000,+6.000,+5.000,+5.000,+102.401,+129.369,+100.622,+106.197,+109.080,+188.280,+101.646,+111.850,+103.591,+157.192,+101.253,+108.737,+2.456,+27.891,+0.482,+1.803,+6.000,+5.000,+115.955,+100.664,+147.132,+102.194,+130.392,+101.838,+14.508,+0.595
0,668,+12.000,+12.000,+12.000,+12.000,+98.822,+100.569,+95.514,+102.947,+110.881,+178.965,+100.941,+118.607,+102.708,+110.947,+99.577,+109.214,+3.489,+20.783,+1.522,+5.983,+12.000,+12.000,+99.696,+99.890,+144.923,+103.917,+106.827,+101.423,+11.779,+1.259
0,669,+4.000,+4.000,+5.000,+5.000,+98.807,+98.942,+99.840,+100.025,+100.072,+117.425,+103.528,+103.528,+99.440,+104.294,+101.280,+102.402,+0.632,+7.605,+1.268,+1.446,+4.000,+5.000,+98.875,+99.933,+108.748,+103.528,+101.867,+101.693,+4.005,+1.216
0,670,+9.000,+9.000,+3.000,+3.000,+101.040,+102.257,+96.667,+114.975,+103.693,+122.498,+101.613,+149.308,+101.837,+108.342,+99.964,+129.585,+0.696,+6.964,+2.332,+14.476,+9.000,+3.000,+101.649,+99.140,+112.065,+108.294,+105.090,+103.030,+3.503,+3.861
0,671,+1.000,+1.000,+5.000,+5.000,+97.259,+99.022,+101.701,+113.448,+97.259,+99.022,+106.931,+131.861,+97.259,+99.022,+103.621,+122.032,+0.000,+0.000,+2.367,+6.994,+1.000,+5.000,+98.141,+103.885,+98.141,+107.587,+98.141,+106.151,+0.000,+1.456
0,672,+9.000,+9.000,+6.000,+6.000,+98.414,+99.250,+99.725,+101.613,+104.966,+120.022,+102.182,+113.992,+101.478,+106.206,+101.202,+106.585,+1.740,+6.448,+0.836,+5.073,+9.000,+6.000,+98.832,+101.613,+112.494,+103.868,+103.842,+102.131,+3.969,+0.804
0,673,+6.000,+6.000,+3.000,+3.000,+96.110,+102.659,+101.613,+147.857,+103.189,+115.394,+101.613,+147.857,+98.497,+106.227,+101.613,+147.857,+2.388,+4.612,+0.000,+0.000,+6.000,+3.000,+99.384,+102.338,+109.291,+124.735,+102.362,+109.804,+3.225,+10.558
0,674,+11.000,+11.000,+6.000,+6.000,+97.456,+100.195,+103.063,+104.158,+104.689,+120.557,+108.457,+124.783,+101.151,+106.345,+104.483,+118.816,+2.436,+5.235,+1.919,+7.525,+11.000,+6.000,+98.825,+103.611,+110.750,+109.101,+103.748,+105.668,+3.093,+2.019
0,675,+5.000,+5.000,+8.000,+8.000,+97.699,+104.152,+107.346,+111.561,+102.224,+120.638,+114.185,+152.346,+100.512,+110.746,+109.816,+132.952,+1.702,+8.077,+1.985,+15.450,+5.000,+8.000,+102.883,+110.767,+110.025,+114.853,+105.629,+111.896,+3.253,+1.712
0,676,+11.000,+11.000,+6.000,+6.000,+97.409,+97.699,+97.113,+100.470,+104.152,+104.154,+102.767,+111.470,+100.330,+102.057,+100.725,+107.721,+2.342,+1.853,+1.933,+4.786,+11.000,+6.000,+97.554,+98.187,+104.153,+111.221,+101.193,+102.996,+1.982,+4.109
0,677,+2.000,+2.000,+6.000,+6.000,+98.739,+101.081,+97.617,+99.567,+98.739,+102.436,+105.800,+115.258,+98.739,+101.758,+100.140,+108.265,+0.000,+0.677,+2.641,+5.646,+2.000,+6.000,+99.910,+98.705,+100.588,+105.919,+100.249,+101.371,+0.339,+2.489
0,678,+7.000,+7.000,+6.000,+6.000,+95.127,+95.509,+100.094,+111.561,+99.719,+99.748,+103.372,+114.585,+98.254,+99.013,+101.500,+113.073,+1.983,+1.442,+1.426,+1.512,+7.000,+6.000,+95.318,+101.384,+99.720,+103.690,+98.633,+102.861,+1.587,+0.704
0,679,+2.000,+2.000,+13.000,+13.000,+96.709,+97.066,+97.636,+102.630,+96.709,+97.771,+110.606,+121.702,+96.709,+97.418,+102.749,+109.241,+0.000,+0.352,+3.815,+5.035,+2.000,+13.000,+96.888,+99.361,+97.240,+111.164,+97.064,+105.379,+0.176,+3.861
0,680,+6.000,+6.000,+7.000,+7.000,+97.123,+112.238,+96.967,+102.074,+103.877,+136.854,+104.746,+109.799,+99.102,+121.475,+100.239,+106.323,+2.435,+10.387,+2.145,+2.745,+6.000,+7.000,+104.680,+98.514,+120.365,+104.746,+110.288,+101.759,+6.088,+1.853
0,681,+14.000,+14.000,+12.000,+12.000,+96.627,+99.181,+98.716,+99.739,+103.208,+118.550,+106.251,+127.617,+99.172,+102.970,+101.724,+116.587,+1.718,+5.575,+2.288,+8.596,+14.000,+12.000,+97.904,+99.227,+110.879,+106.903,+101.071,+103.867,+3.528,+2.003
0,682,+6.000,+6.000,+10.000,+10.000,+98.938,+100.493,+98.835,+101.367,+102.423,+104.764,+102.074,+111.325,+100.862,+102.765,+100.632,+107.131,+1.404,+1.536,+1.143,+3.473,+6.000,+10.000,+99.716,+99.103,+103.594,+102.662,+101.814,+101.676,+1.345,+1.120
0,683,+9.000,+9.000,+10.000,+10.000,+97.675,+99.276,+97.745,+100.637,+100.637,+101.110,+100.879,+141.828,+98.998,+99.990,+99.525,+118.947,+1.067,+0.797,+1.091,+16.155,+9.000,+10.000,+98.548,+99.966,+100.874,+107.030,+99.494,+101.106,+0.887,+2.019
0,684,+8.000,+8.000,+10.000,+10.000,+96.077,+97.504,+97.382,+101.882,+103.118,+131.828,+103.616,+115.616,+99.147,+113.352,+101.214,+106.084,+1.888,+14.993,+2.162,+5.093,+8.000,+10.000,+97.477,+101.800,+115.668,+103.646,+106.249,+102.648,+7.861,+0.845
0,685,+0.000,+0.000,+9.000,+9.000,NaN,NaN,+101.274,+103.616,NaN,NaN,+104.046,+126.800,NaN,NaN,+103.158,+112.114,NaN,NaN,+0.981,+10.414,+0.000,+9.000,NaN,+102.445,NaN,+104.151,NaN,+103.640,NaN,+0.476
0,686,+4.000,+4.000,+2.000,+2.000,+99.507,+100.019,+95.387,+103.666,+99.847,+103.651,+95.387,+121.366,+99.592,+100.927,+95.387,+112.516,+0.147,+1.573,+0.000,+8.850,+4.000,+2.000,+99.763,+97.089,+101.749,+97.089,+100.259,+97.089,+0.860,+0.000
0,687,+7.000,+7.000,+13.000,+13.000,+97.632,+100.292,+97.615,+102.855,+100.292,+103.935,+102.855,+119.300,+99.499,+100.931,+100.837,+107.192,+1.182,+1.228,+1.813,+4.671,+7.000,+13.000,+99.045,+99.397,+100.784,+102.855,+100.215,+102.005,+0.503,+0.903
0,688,+6.000,+6.000,+7.000,+7.000,+95.769,+98.286,+97.159,+99.561,+99.713,+101.043,+104.304,+112.348,+98.190,+99.062,+100.378,+106.742,+1.188,+0.932,+2.183,+5.069,+6.000,+7.000,+97.028,+99.416,+100.378,+104.436,+98.626,+101.778,+0.984,+2.042
0,689,+4.000,+4.000,+9.000,+9.000,+95.219,+95.366,+99.250,+107.040,+98.286,+110.036,+102.577,+128.733,+96.753,+103.439,+100.325,+115.509,+1.534,+5.992,+1.257,+6.738,+4.000,+9.000,+95.293,+101.127,+103.288,+103.119,+100.096,+102.468,+3.183,+0.789
0,690,+0.000,+0.000,+11.000,+11.000,NaN,NaN,+98.287,+99.561,NaN,NaN,+103.661,+140.607,NaN,NaN,+101.052,+114.095,NaN,NaN,+1.866,+16.376,+0.000,+11.000,NaN,+99.152,NaN,+103.661,NaN,+102.474,NaN,+1.448
0,691,+5.000,+5.000,+6.000,+6.000,+99.713,+102.386,+99.283,+101.035,+104.142,+106.576,+102.334,+107.412,+101.198,+103.838,+100.750,+104.053,+1.874,+1.692,+1.004,+2.714,+5.000,+6.000,+101.049,+100.597,+104.642,+102.394,+102.518,+101.453,+1.721,+0.804
0,692,+9.000,+9.000,+4.000,+4.000,+95.829,+104.142,+96.350,+98.296,+106.012,+108.613,+103.184,+112.638,+102.135,+105.741,+101.051,+105.215,+3.686,+1.245,+2.736,+5.148,+9.000,+4.000,+100.921,+97.764,+107.312,+103.259,+103.938,+101.779,+2.010,+2.324
0,693,+3.000,+3.000,+7.000,+7.000,+96.307,+98.155,+96.058,+101.584,+103.799,+124.427,+101.584,+121.920,+98.804,+113.686,+98.860,+109.311,+3.532,+11.248,+2.055,+8.248,+3.000,+7.000,+97.231,+99.287,+111.137,+101.788,+106.245,+101.195,+6.382,+0.871
0,694,+5.000,+5.000,+7.000,+7.000,+97.298,+98.286,+96.985,+98.641,+104.420,+106.978,+101.584,+112.068,+99.315,+102.574,+99.983,+107.161,+2.581,+3.676,+1.816,+4.355,+5.000,+7.000,+98.286,+97.813,+105.121,+101.584,+100.944,+100.667,+2.635,+1.250
0,695,+11.000,+11.000,+10.000,+10.000,+97.218,+100.690,+99.267,+101.678,+103.496,+108.922,+106.560,+114.692,+100.754,+104.155,+102.158,+109.835,+2.248,+3.203,+2.372,+4.032,+11.000,+10.000,+98.954,+101.411,+106.209,+108.008,+102.454,+104.919,+2.463,+2.566
0,696,+12.000,+12.000,+10.000,+10.000,+98.332,+101.514,+97.290,+99.984,+103.496,+108.689,+102.866,+122.296,+100.726,+103.013,+99.445,+111.230,+1.748,+1.962,+1.603,+6.859,+12.000,+10.000,+99.923,+98.866,+103.574,+104.974,+101.869,+101.415,+1.117,+2.384
0,697,+3.000,+3.000,+9.000,+9.000,+99.120,+100.895,+96.961,+100.229,+101.976,+123.680,+102.462,+127.871,+100.116,+114.245,+99.533,+112.565,+1.316,+9.705,+1.930,+11.317,+3.000,+9.000,+100.008,+98.595,+112.828,+104.253,+107.180,+101.632,+5.344,+1.964
0,698,+3.000,+3.000,+11.000,+11.000,+96.725,+98.459,+96.062,+100.390,+98.988,+99.120,+101.595,+149.026,+97.480,+98.900,+100.415,+113.059,+1.067,+0.312,+1.570,+17.899,+3.000,+11.000,+97.592,+99.722,+99.054,+102.117,+98.190,+101.248,+0.626,+0.806
0,699,+3.000,+3.000,+12.000,+12.000,+99.449,+99.449,+100.429,+106.031,+100.204,+100.204,+104.038,+133.603,+99.701,+99.701,+102.014,+116.259,+0.356,+0.356,+0.874,+10.778,+3.000,+12.000,+99.449,+102.342,+100.204,+105.396,+99.701,+104.333,+0.356,+1.118
0,700,+5.000,+5.000,+9.000,+9.000,+98.988,+99.545,+99.410,+107.832,+99.201,+101.129,+106.755,+147.485,+99.073,+100.167,+102.523,+127.457,+0.104,+0.520,+2.768,+16.191,+5.000,+9.000,+99.373,+103.405,+100.165,+110.196,+99.620,+105.948,+0.278,+1.838
0,701,+6.000,+6.000,+7.000,+7.000,+98.988,+98.988,+100.743,+106.152,+99.241,+101.129,+103.539,+127.980,+99.115,+100.433,+103.139,+116.951,+0.127,+0.755,+0.978,+9.682,+6.000,+7.000,+98.988,+102.141,+100.185,+103.974,+99.774,+103.401,+0.432,+0.536
0,702,+4.000,+4.000,+12.000,+12.000,+99.561,+100.944,+100.345,+105.565,+103.227,+104.477,+104.928,+120.484,+100.478,+101.827,+102.626,+111.147,+1.587,+1.530,+1.459,+5.621,+4.000,+12.000,+100.253,+103.374,+103.852,+105.711,+101.152,+104.760,+1.559,+0.900
0,703,+6.000,+6.000,+7.000,+7.000,+96.471,+100.944,+97.064,+98.637,+103.227,+138.586,+98.722,+116.768,+100.442,+114.994,+97.400,+106.365,+3.027,+14.694,+0.550,+7.139,+6.000,+7.000,+98.707,+97.179,+120.907,+99.858,+107.718,+98.414,+8.278,+1.032
0,704,+6.000,+6.000,+3.000,+3.000,+100.240,+103.227,+99.080,+100.458,+103.532,+103.609,+99.932,+101.204,+100.941,+103.545,+99.648,+100.751,+1.177,+0.142,+0.402,+0.325,+6.000,+3.000,+101.733,+99.080,+103.570,+100.261,+102.243,+99.758,+0.611,+0.498
0,705,+6.000,+6.000,+6.000,+6.000,+98.962,+100.240,+99.341,+99.782,+100.240,+100.240,+101.872,+123.413,+99.995,+100.240,+100.166,+108.381,+0.463,+0.000,+0.829,+7.938,+6.000,+6.000,+99.601,+99.561,+100.240,+102.271,+100.118,+100.978,+0.231,+1.068
0,706,+6.000,+6.000,+6.000,+6.000,+96.255,+98.962,+98.277,+108.254,+103.081,+103.859,+102.128,+122.076,+99.386,+101.087,+100.081,+113.080,+2.021,+1.756,+1.820,+6.378,+6.000,+6.000,+98.244,+100.202,+103.081,+102.830,+100.237,+101.679,+1.712,+1.106
0,707,+0.000,+0.000,+2.000,+2.000,NaN,NaN,+96.266,+96.526,NaN,NaN,+97.245,+112.747,NaN,NaN,+96.756,+104.636,NaN,NaN,+0.490,+8.110,+0.000,+2.000,NaN,+96.396,NaN,+98.269,NaN,+97.333,NaN,+0.937
0,708,+0.000,+0.000,+11.000,+11.000,NaN,NaN,+96.954,+102.300,NaN,NaN,+104.474,+126.261,NaN,NaN,+101.118,+109.679,NaN,NaN,+2.503,+8.017,+0.000,+11.000,NaN,+99.679,NaN,+104.602,NaN,+102.957,NaN,+1.462
0,709,+0.000,+0.000,+10.000,+10.000,NaN,NaN,+102.805,+103.679,NaN,NaN,+105.783,+162.476,NaN,NaN,+103.623,+123.353,NaN,NaN,+0.787,+24.134,+0.000,+10.000,NaN,+103.150,NaN,+106.159,NaN,+104.595,NaN,+1.076
0,710,+0.000,+0.000,+7.000,+7.000,NaN,NaN,+96.324,+98.808,NaN,NaN,+98.722,+105.350,NaN,NaN,+97.470,+100.670,NaN,NaN,+1.117,+2.293,+0.000,+7.000,NaN,+97.644,NaN,+101.196,NaN,+98.758,NaN,+1.329
0,711,+3.000,+3.000,+15.000,+15.000,+99.414,+103.859,+100.499,+106.199,+103.532,+103.859,+106.821,+124.550,+102.159,+103.859,+104.343,+110.973,+1.942,+0.000,+1.917,+5.472,+3.000,+15.000,+101.636,+104.041,+103.696,+109.539,+103.009,+106.994,+0.971,+1.587
0,712,+6.000,+6.000,+8.000,+8.000,+98.898,+98.962,+96.711,+101.303,+102.512,+103.704,+103.092,+133.256,+100.135,+101.333,+99.314,+114.206,+1.681,+2.371,+2.056,+14.768,+6.000,+8.000,+98.930,+99.335,+103.108,+103.127,+100.734,+101.170,+1.878,+1.264
0,713,+3.000,+3.000,+13.000,+13.000,+98.898,+98.898,+95.071,+103.709,+98.898,+98.962,+103.432,+118.874,+98.898,+98.941,+100.621,+108.039,+0.000,+0.030,+3.344,+3.859,+3.000,+13.000,+98.898,+101.684,+98.930,+108.431,+98.919,+104.134,+0.015,+2.071
0,714,+6.000,+6.000,+10.000,+10.000,+98.588,+98.898,+98.722,+103.255,+102.884,+102.884,+108.288,+135.926,+99.997,+101.249,+102.295,+120.744,+1.642,+1.564,+2.904,+13.294,+6.000,+10.000,+98.743,+102.626,+102.884,+109.977,+100.623,+105.834,+1.478,+2.787
0,715,+0.000,+0.000,+7.000,+7.000,NaN,NaN,+98.907,+100.261,NaN,NaN,+100.175,+123.740,NaN,NaN,+99.963,+110.525,NaN,NaN,+0.433,+7.994,+0.000,+7.000,NaN,+99.541,NaN,+100.607,NaN,+100.154,NaN,+0.290
0,716,+6.000,+6.000,+8.000,+8.000,+96.248,+102.884,+97.251,+101.673,+102.884,+105.471,+99.960,+122.647,+99.785,+103.746,+98.377,+106.547,+2.383,+1.219,+1.201,+6.360,+6.000,+8.000,+99.566,+98.763,+102.884,+100.762,+101.766,+99.749,+1.187,+0.764
0,717,+0.000,+0.000,+13.000,+13.000,NaN,NaN,+96.781,+102.947,NaN,NaN,+101.167,+143.651,NaN,NaN,+99.698,+115.018,NaN,NaN,+1.484,+12.924,+0.000,+13.000,NaN,+99.964,NaN,+101.933,NaN,+101.146,NaN,+0.616
0,718,+0.000,+0.000,+9.000,+9.000,NaN,NaN,+95.205,+112.092,NaN,NaN,+109.646,+138.517,NaN,NaN,+102.294,+120.580,NaN,NaN,+4.078,+10.050,+0.000,+9.000,NaN,+99.949,NaN,+111.074,NaN,+107.057,NaN,+4.267
0,719,+0.000,+0.000,+9.000,+9.000,NaN,NaN,+96.135,+99.399,NaN,NaN,+101.135,+122.546,NaN,NaN,+99.097,+108.747,NaN,NaN,+1.638,+9.838,+0.000,+9.000,NaN,+97.976,NaN,+101.871,NaN,+100.368,NaN,+1.379
0,720,+3.000,+3.000,+12.000,+12.000,+100.747,+101.830,+97.435,+101.395,+108.649,+123.248,+100.747,+127.150,+104.998,+115.685,+99.332,+109.394,+3.254,+9.811,+1.062,+10.330,+3.000,+12.000,+101.289,+99.064,+115.313,+101.071,+110.341,+100.564,+6.412,+0.507
0,721,+3.000,+3.000,+22.000,+22.000,+99.396,+103.227,+97.650,+98.345,+101.435,+103.227,+105.751,+128.395,+100.405,+103.227,+100.173,+110.603,+0.833,+0.000,+2.531,+10.153,+3.000,+22.000,+101.311,+98.255,+102.331,+107.417,+101.816,+102.115,+0.416,+3.697
0,722,+7.000,+7.000,+10.000,+10.000,+98.255,+98.255,+98.255,+99.476,+100.384,+103.055,+102.239,+105.367,+99.331,+100.381,+100.129,+101.607,+0.942,+1.360,+1.305,+1.744,+7.000,+10.000,+98.255,+98.866,+100.808,+102.239,+99.856,+100.604,+0.832,+0.984
0,723,+3.000,+3.000,+3.000,+3.000,+97.615,+100.384,+99.700,+126.658,+100.189,+100.384,+100.874,+158.886,+99.331,+100.384,+100.453,+137.923,+1.213,+0.000,+0.533,+14.837,+3.000,+3.000,+99.000,+100.242,+100.287,+101.556,+99.858,+100.876,+0.607,+0.538
0,724,+6.000,+6.000,+15.000,+15.000,+99.959,+100.384,+98.467,+104.568,+99.959,+100.384,+110.892,+126.054,+99.959,+100.384,+103.598,+113.974,+0.000,+0.000,+3.056,+7.183,+6.000,+15.000,+100.172,+103.116,+100.172,+112.018,+100.172,+106.512,+0.000,+3.085
0,725,+0.000,+0.000,+14.000,+14.000,NaN,NaN,+99.928,+102.556,NaN,NaN,+106.903,+129.725,NaN,NaN,+102.546,+110.032,NaN,NaN,+2.180,+7.697,+0.000,+14.000,NaN,+101.764,NaN,+106.907,NaN,+104.324,NaN,+2.109
0,726,+3.000,+3.000,+5.000,+5.000,+104.517,+113.322,+95.581,+98.458,+104.833,+123.327,+107.403,+139.482,+104.637,+118.976,+99.765,+124.795,+0.140,+4.187,+4.466,+18.193,+3.000,+5.000,+108.941,+97.019,+114.080,+107.576,+111.806,+102.498,+2.139,+3.345
0,727,+0.000,+0.000,+19.000,+19.000,NaN,NaN,+98.486,+102.119,NaN,NaN,+105.941,+151.464,NaN,NaN,+102.053,+112.768,NaN,NaN,+2.662,+10.353,+0.000,+19.000,NaN,+99.864,NaN,+106.238,NaN,+104.192,NaN,+2.296
0,728,+6.000,+6.000,+2.000,+2.000,+97.794,+98.072,+98.913,+100.297,+100.192,+107.194,+103.465,+107.149,+99.489,+101.029,+101.189,+103.723,+0.837,+2.868,+2.276,+3.426,+6.000,+2.000,+97.933,+99.605,+103.693,+104.854,+100.259,+102.230,+1.714,+2.625
0,729,+3.000,+3.000,+11.000,+11.000,+100.297,+100.329,+97.022,+100.286,+100.297,+100.329,+102.907,+114.182,+100.297,+100.329,+100.439,+104.977,+0.000,+0.000,+2.389,+3.873,+3.000,+11.000,+100.313,+98.387,+100.313,+103.012,+100.313,+101.244,+0.000,+1.739
0,730,+10.000,+10.000,+7.000,+7.000,+99.959,+100.297,+100.677,+103.002,+105.146,+125.793,+104.310,+113.115,+101.093,+106.835,+102.669,+107.267,+1.931,+9.680,+1.025,+3.930,+10.000,+7.000,+100.128,+102.541,+115.267,+105.260,+103.964,+103.538,+5.534,+1.101
0,731,+0.000,+0.000,+14.000,+14.000,NaN,NaN,+97.224,+103.006,NaN,NaN,+104.495,+147.738,NaN,NaN,+101.073,+115.126,NaN,NaN,+1.765,+15.515,+0.000,+14.000,NaN,+101.948,NaN,+104.495,NaN,+102.810,NaN,+0.693
0,732,+1.000,+1.000,+20.000,+20.000,+104.209,+105.269,+96.215,+104.495,+104.209,+105.269,+109.026,+147.513,+104.209,+105.269,+104.035,+120.411,+0.000,+0.000,+3.382,+12.963,+1.000,+20.000,+104.739,+104.495,+104.739,+116.578,+104.739,+107.964,+0.000,+3.128
0,733,+3.000,+3.000,+12.000,+12.000,+98.175,+99.959,+96.641,+102.980,+99.345,+99.959,+101.277,+121.089,+98.565,+99.959,+99.388,+115.890,+0.551,+0.000,+1.288,+4.532,+3.000,+12.000,+99.067,+99.844,+99.652,+101.664,+99.262,+100.842,+0.276,+0.592
0,734,+2.000,+2.000,+18.000,+18.000,+98.175,+99.191,+101.295,+106.042,+98.175,+133.152,+112.130,+131.165,+98.175,+116.171,+104.670,+113.972,+0.000,+16.980,+2.370,+9.248,+2.000,+18.000,+98.683,+104.467,+115.663,+112.337,+107.173,+107.425,+8.490,+2.762
0,735,+4.000,+4.000,+12.000,+12.000,+105.151,+106.396,+97.591,+102.327,+108.031,+110.936,+103.687,+132.997,+106.689,+109.097,+100.491,+112.350,+1.026,+1.937,+2.219,+10.228,+4.000,+12.000,+105.773,+101.596,+108.919,+103.938,+107.893,+102.953,+1.266,+0.686
0,736,+3.000,+3.000,+3.000,+3.000,+96.904,+98.175,+98.614,+102.589,+96.904,+99.872,+98.614,+102.589,+96.904,+99.306,+98.614,+102.589,+0.000,+0.800,+0.000,+0.000,+3.000,+3.000,+97.540,+98.689,+98.388,+99.624,+98.105,+99.313,+0.400,+0.441
0,737,+3.000,+3.000,+12.000,+12.000,+100.658,+108.477,+97.043,+106.152,+102.108,+113.060,+104.002,+154.755,+101.624,+110.298,+100.871,+122.535,+0.684,+1.985,+2.241,+15.423,+3.000,+12.000,+105.292,+100.144,+106.859,+104.526,+105.961,+103.444,+0.659,+1.108
0,738,+5.000,+5.000,+5.000,+5.000,+99.853,+104.442,+97.120,+100.861,+109.218,+115.407,+100.267,+110.470,+101.737,+107.634,+98.815,+106.033,+3.740,+4.318,+1.429,+3.820,+5.000,+5.000,+102.157,+98.694,+112.313,+100.761,+104.686,+99.940,+3.927,+0.751
0,739,+3.000,+3.000,+6.000,+6.000,+99.521,+108.307,+97.794,+110.525,+99.521,+108.307,+101.629,+122.999,+99.521,+108.307,+99.174,+118.502,+0.000,+0.000,+1.504,+4.607,+3.000,+6.000,+103.914,+99.132,+103.914,+108.150,+103.914,+103.295,+0.000,+3.868
0,740,+10.000,+10.000,+9.000,+9.000,+100.623,+102.016,+98.127,+111.480,+108.216,+109.548,+105.299,+135.302,+103.208,+107.375,+101.273,+122.608,+2.514,+1.986,+1.808,+9.788,+10.000,+9.000,+101.320,+99.815,+108.882,+107.575,+105.292,+102.368,+1.915,+2.207
0,741,+6.000,+6.000,+10.000,+10.000,+98.126,+99.899,+102.435,+105.371,+99.191,+127.387,+107.554,+121.558,+98.562,+114.630,+103.795,+112.839,+0.419,+9.651,+1.533,+4.499,+6.000,+10.000,+99.545,+103.935,+112.781,+108.039,+106.596,+106.096,+4.752,+1.245
0,742,+13.000,+13.000,+14.000,+14.000,+95.304,+99.191,+98.755,+105.177,+108.661,+117.616,+114.003,+146.515,+99.805,+105.881,+103.619,+120.152,+4.127,+4.687,+3.778,+11.250,+13.000,+14.000,+97.247,+104.246,+109.927,+114.028,+102.843,+106.428,+3.891,+3.149
0,743,+3.000,+3.000,+17.000,+17.000,+95.875,+109.548,+97.123,+104.415,+98.854,+109.548,+108.090,+124.670,+96.868,+109.548,+102.380,+109.906,+1.404,+0.000,+3.309,+5.137,+3.000,+17.000,+102.711,+103.236,+104.201,+108.161,+103.208,+105.313,+0.702,+1.899
0,744,+3.000,+3.000,+9.000,+9.000,+96.295,+99.191,+96.762,+99.440,+98.175,+99.191,+104.477,+119.303,+97.052,+99.191,+99.008,+110.033,+0.810,+0.000,+2.211,+8.240,+3.000,+9.000,+97.743,+99.295,+98.683,+106.283,+98.121,+101.446,+0.405,+2.634
0,745,+7.000,+7.000,+9.000,+9.000,+95.864,+95.864,+100.312,+110.931,+99.465,+104.177,+108.090,+127.772,+97.758,+98.574,+102.839,+116.014,+1.197,+2.597,+3.031,+6.025,+7.000,+9.000,+95.864,+102.260,+101.821,+109.511,+98.166,+107.374,+1.854,+2.148
0,746,+4.000,+4.000,+8.000,+8.000,+98.177,+99.465,+97.318,+104.372,+120.112,+124.785,+101.324,+155.515,+108.282,+117.316,+99.652,+112.539,+7.860,+10.409,+1.041,+16.313,+4.000,+8.000,+98.821,+99.840,+120.515,+101.627,+112.799,+100.699,+8.306,+0.720
0,747,+3.000,+3.000,+12.000,+12.000,+98.175,+103.154,+96.466,+101.156,+98.175,+103.154,+108.518,+152.265,+98.175,+103.154,+101.210,+116.592,+0.000,+0.000,+3.449,+20.938,+3.000,+12.000,+100.664,+100.327,+100.664,+108.676,+100.664,+103.268,+0.000,+2.949
0,748,+6.000,+6.000,+9.000,+9.000,+101.588,+101.989,+95.478,+101.086,+103.594,+112.177,+101.311,+107.991,+102.566,+107.526,+98.540,+103.933,+0.874,+4.675,+2.020,+1.984,+6.000,+9.000,+101.788,+98.220,+107.885,+106.500,+105.046,+100.972,+2.548,+2.735
0,749,+10.000,+10.000,+10.000,+10.000,+103.557,+107.810,+96.468,+100.557,+113.557,+121.836,+105.008,+135.260,+110.014,+114.644,+100.147,+113.133,+3.249,+4.159,+2.744,+11.068,+10.000,+10.000,+106.716,+100.092,+117.697,+105.008,+112.329,+103.216,+3.340,+1.749
0,750,+4.000,+4.000,+12.000,+12.000,+98.713,+100.883,+97.522,+101.156,+107.437,+111.354,+105.008,+136.203,+103.334,+108.736,+99.849,+108.358,+3.095,+4.534,+2.004,+9.809,+4.000,+12.000,+99.798,+99.221,+109.395,+105.008,+106.035,+101.400,+3.686,+1.689
0,751,+3.000,+3.000,+1.000,+1.000,+98.854,+103.594,+95.850,+98.213,+103.354,+103.594,+95.850,+98.213,+100.354,+103.594,+95.850,+98.213,+2.122,+0.000,+0.000,+0.000,+3.000,+1.000,+101.224,+97.032,+103.474,+97.032,+101.974,+97.032,+1.061,+0.000
0,752,+6.000,+6.000,+3.000,+3.000,+95.900,+102.149,+100.469,+102.735,+139.619,+162.920,+100.916,+102.940,+113.234,+130.535,+100.618,+102.803,+16.219,+25.680,+0.211,+0.097,+6.000,+3.000,+99.024,+101.602,+151.270,+101.826,+121.885,+101.711,+18.905,+0.091
0,753,+14.000,+14.000,+14.000,+14.000,+98.509,+98.854,+100.685,+103.403,+109.616,+112.013,+106.044,+132.693,+101.836,+106.194,+102.549,+117.102,+3.726,+5.280,+1.487,+10.085,+14.000,+14.000,+98.854,+101.495,+110.579,+111.284,+104.015,+104.444,+3.969,+2.949
0,754,+6.000,+6.000,+9.000,+9.000,+99.760,+99.814,+96.286,+102.522,+99.760,+128.251,+101.862,+117.170,+99.760,+106.864,+99.768,+111.589,+0.000,+10.491,+2.479,+4.916,+6.000,+9.000,+99.787,+99.713,+114.005,+102.985,+103.312,+102.176,+5.245,+0.953
0,755,+3.000,+3.000,+13.000,+13.000,+100.517,+121.482,+96.478,+103.908,+106.319,+141.914,+104.283,+135.322,+102.718,+132.877,+101.029,+112.151,+2.567,+8.506,+2.819,+12.724,+3.000,+13.000,+111.000,+101.087,+124.116,+106.321,+117.798,+103.742,+5.366,+1.463
0,756,+4.000,+4.000,+0.000,+0.000,+102.610,+111.560,NaN,NaN,+108.196,+141.282,NaN,NaN,+104.914,+133.852,NaN,NaN,+2.047,+12.870,NaN,NaN,+4.000,+0.000,+107.085,NaN,+124.739,NaN,+119.383,NaN,+7.143,NaN
0,757,+8.000,+8.000,+10.000,+10.000,+97.210,+103.229,+99.171,+104.015,+111.933,+145.153,+103.908,+135.553,+105.324,+129.631,+102.132,+118.681,+4.878,+15.890,+1.763,+13.068,+8.000,+10.000,+100.219,+99.554,+128.543,+103.961,+117.478,+103.124,+10.221,+1.392
0,758,+0.000,+0.000,+11.000,+11.000,NaN,NaN,+96.144,+98.337,NaN,NaN,+100.445,+112.121,NaN,NaN,+98.637,+106.661,NaN,NaN,+1.578,+4.000,+0.000,+11.000,NaN,+97.072,NaN,+102.573,NaN,+100.175,NaN,+1.683
0,759,+6.000,+6.000,+4.000,+4.000,+97.212,+101.793,+98.559,+101.887,+103.150,+109.636,+99.850,+118.325,+101.217,+105.947,+99.073,+111.965,+1.870,+3.105,+0.547,+6.881,+6.000,+4.000,+101.615,+99.204,+105.775,+101.616,+103.582,+100.341,+1.599,+1.141
0,760,+5.000,+5.000,+15.000,+15.000,+101.509,+105.574,+96.808,+100.635,+109.774,+127.778,+110.766,+142.715,+103.978,+112.128,+102.077,+118.551,+3.199,+8.206,+3.767,+13.845,+5.000,+15.000,+103.541,+98.721,+114.643,+111.349,+108.053,+106.022,+4.110,+3.343
0,761,+3.000,+3.000,+10.000,+10.000,+99.668,+128.821,+99.472,+100.635,+102.571,+130.903,+103.908,+116.283,+101.249,+129.852,+102.060,+107.176,+1.200,+0.850,+1.703,+4.061,+3.000,+10.000,+114.244,+100.054,+116.206,+104.728,+115.551,+103.342,+0.924,+1.358
0,762,+3.000,+3.000,+11.000,+11.000,+101.508,+103.384,+97.998,+101.420,+102.290,+103.384,+102.834,+112.296,+102.030,+103.384,+100.368,+106.822,+0.369,+0.000,+1.820,+3.767,+3.000,+11.000,+102.446,+99.239,+102.837,+103.674,+102.707,+101.823,+0.184,+1.542
0,763,+3.000,+3.000,+20.000,+20.000,+99.533,+101.508,+97.974,+100.833,+101.380,+101.508,+102.834,+108.956,+100.149,+101.508,+100.674,+103.690,+0.871,+0.000,+1.531,+2.324,+3.000,+20.000,+100.521,+99.203,+101.444,+102.834,+100.829,+101.835,+0.435,+1.192
0,764,+3.000,+3.000,+9.000,+9.000,+101.386,+113.216,+99.125,+101.563,+110.761,+131.374,+101.819,+120.370,+106.503,+121.655,+100.847,+107.606,+3.875,+7.468,+0.950,+7.048,+3.000,+9.000,+110.289,+100.670,+121.068,+103.512,+114.079,+101.679,+4.948,+0.733
0,765,+0.000,+0.000,+9.000,+9.000,NaN,NaN,+99.799,+100.999,NaN,NaN,+102.131,+155.082,NaN,NaN,+101.314,+116.587,NaN,NaN,+0.869,+20.987,+0.000,+9.000,NaN,+100.954,NaN,+102.482,NaN,+102.043,NaN,+0.445
0,766,+0.000,+0.000,+14.000,+14.000,NaN,NaN,+96.112,+102.834,NaN,NaN,+105.292,+118.319,NaN,NaN,+101.691,+109.871,NaN,NaN,+2.743,+4.258,+0.000,+14.000,NaN,+102.345,NaN,+105.915,NaN,+103.562,NaN,+1.315
0,767,+5.000,+5.000,+16.000,+16.000,+97.695,+98.816,+96.339,+102.514,+101.227,+130.611,+104.331,+128.786,+98.415,+106.740,+101.154,+108.038,+1.406,+12.108,+2.405,+5.956,+5.000,+16.000,+98.256,+100.944,+114.165,+105.074,+102.577,+103.424,+6.032,+1.523
0,768,+1.000,+1.000,+18.000,+18.000,+99.497,+110.302,+97.447,+102.521,+99.497,+110.302,+102.501,+135.068,+99.497,+110.302,+100.752,+111.614,+0.000,+0.000,+1.691,+8.855,+1.000,+18.000,+104.899,+99.297,+104.899,+103.365,+104.899,+102.077,+0.000,+1.112
0,769,+3.000,+3.000,+3.000,+3.000,+104.331,+113.561,+96.914,+100.945,+110.988,+130.783,+100.945,+100.945,+108.769,+124.369,+98.556,+100.945,+3.138,+7.687,+1.729,+0.000,+3.000,+3.000,+112.275,+97.361,+120.886,+100.945,+116.569,+98.810,+3.515,+1.542
0,770,+10.000,+10.000,+9.000,+9.000,+99.109,+100.850,+96.256,+102.850,+110.289,+134.943,+98.017,+119.493,+102.257,+115.940,+97.097,+108.459,+3.010,+13.187,+0.796,+5.009,+10.000,+9.000,+100.807,+97.150,+118.688,+100.031,+109.098,+98.651,+6.927,+0.892
0,771,+3.000,+3.000,+15.000,+15.000,+100.048,+101.227,+96.606,+99.844,+100.764,+101.227,+102.743,+111.033,+100.526,+101.227,+98.972,+102.754,+0.338,+0.000,+1.678,+2.915,+3.000,+15.000,+100.637,+98.225,+100.996,+103.572,+100.876,+100.690,+0.169,+1.357
0,772,+3.000,+3.000,+14.000,+14.000,+100.617,+100.764,+97.599,+101.193,+100.617,+100.764,+104.889,+138.593,+100.617,+100.764,+101.162,+120.371,+0.000,+0.000,+2.307,+13.397,+3.000,+14.000,+100.691,+101.113,+100.691,+106.118,+100.691,+104.162,+0.000,+1.934
0,773,+4.000,+4.000,+6.000,+6.000,+99.478,+100.617,+98.080,+100.551,+100.617,+108.668,+100.252,+101.634,+100.332,+102.630,+99.208,+101.093,+0.493,+3.486,+0.651,+0.541,+4.000,+6.000,+100.047,+98.715,+104.642,+100.401,+101.481,+99.797,+1.840,+0.526
0,774,+1.000,+1.000,+7.000,+7.000,+99.615,+115.252,+101.079,+103.036,+99.615,+115.252,+102.036,+109.717,+99.615,+115.252,+101.690,+104.309,+0.000,+0.000,+0.299,+2.222,+1.000,+7.000,+107.434,+101.346,+107.434,+102.536,+107.434,+101.976,+0.000,+0.404
0,775,+3.000,+3.000,+9.000,+9.000,+99.337,+101.726,+96.018,+99.503,+100.617,+101.726,+100.339,+112.924,+99.763,+101.726,+97.837,+104.153,+0.603,+0.000,+1.486,+4.108,+3.000,+9.000,+100.531,+96.609,+101.171,+100.934,+100.745,+98.988,+0.302,+1.779
0,776,+3.000,+3.000,+12.000,+12.000,+103.641,+149.629,+98.118,+103.061,+110.306,+149.629,+103.491,+111.508,+107.907,+149.629,+101.252,+106.219,+3.024,+0.000,+2.188,+3.383,+3.000,+12.000,+126.635,+98.928,+129.968,+103.525,+128.768,+102.839,+1.512,+1.238
0,777,+3.000,+3.000,+17.000,+17.000,+97.727,+100.617,+98.114,+99.817,+100.617,+100.617,+102.891,+129.767,+99.653,+100.617,+100.000,+109.403,+1.362,+0.000,+1.231,+9.178,+3.000,+17.000,+99.172,+99.817,+100.617,+103.445,+100.135,+101.226,+0.681,+1.371
0,778,+3.000,+3.000,+14.000,+14.000,+98.831,+100.914,+100.743,+105.139,+100.617,+128.914,+106.179,+139.252,+100.021,+110.247,+102.490,+116.944,+0.842,+13.199,+1.710,+10.196,+3.000,+14.000,+100.765,+101.306,+113.872,+109.662,+105.134,+105.265,+6.179,+3.182
0,779,+3.000,+3.000,+9.000,+9.000,+100.256,+105.921,+95.801,+98.119,+100.617,+105.921,+100.079,+115.699,+100.376,+105.921,+98.252,+104.582,+0.170,+0.000,+1.747,+5.354,+3.000,+9.000,+103.089,+96.960,+103.269,+100.315,+103.149,+99.125,+0.085,+1.285
0,780,+9.000,+9.000,+9.000,+9.000,+96.327,+100.079,+95.362,+102.698,+109.048,+118.285,+103.362,+113.584,+100.128,+106.069,+100.368,+107.432,+3.469,+6.630,+2.191,+3.167,+9.000,+9.000,+98.203,+100.824,+112.304,+103.720,+103.098,+102.100,+4.603,+0.958
0,781,+9.000,+9.000,+3.000,+3.000,+98.482,+100.379,+102.772,+107.259,+108.240,+120.114,+104.058,+129.478,+102.228,+108.670,+103.333,+119.597,+3.616,+7.315,+0.537,+9.236,+9.000,+3.000,+99.430,+103.451,+111.768,+104.093,+105.449,+103.731,+4.908,+0.269
0,782,+0.000,+0.000,+5.000,+5.000,NaN,NaN,+100.158,+102.936,NaN,NaN,+100.237,+126.322,NaN,NaN,+100.174,+113.323,NaN,NaN,+0.031,+9.679,+0.000,+5.000,NaN,+100.158,NaN,+101.086,NaN,+100.715,NaN,+0.439
0,783,+6.000,+6.000,+6.000,+6.000,+101.249,+101.423,+95.957,+101.827,+105.424,+126.599,+104.268,+116.645,+102.447,+108.699,+100.753,+107.509,+1.622,+9.106,+2.532,+4.858,+6.000,+6.000,+101.336,+98.962,+114.031,+111.132,+105.573,+103.484,+4.797,+3.804
0,784,+9.000,+9.000,+5.000,+5.000,+98.494,+100.551,+95.906,+98.225,+106.764,+153.494,+97.132,+126.091,+101.601,+113.183,+96.397,+107.813,+2.566,+16.557,+0.600,+10.007,+9.000,+5.000,+100.188,+96.519,+125.994,+98.572,+107.392,+97.393,+7.839,+0.785
0,785,+6.000,+6.000,+14.000,+14.000,+95.133,+99.988,+97.012,+102.815,+101.351,+114.261,+110.403,+146.338,+99.712,+105.338,+102.174,+118.014,+2.108,+5.745,+3.981,+12.752,+6.000,+14.000,+98.446,+102.570,+107.125,+111.319,+102.525,+105.238,+3.277,+2.816
0,786,+9.000,+9.000,+7.000,+7.000,+99.988,+100.256,+97.292,+97.594,+106.611,+108.977,+102.015,+113.915,+101.136,+103.664,+99.463,+103.240,+2.171,+3.807,+1.939,+4.825,+9.000,+7.000,+100.122,+97.443,+107.794,+103.261,+102.400,+100.696,+2.801,+2.079
0,787,+6.000,+6.000,+9.000,+9.000,+98.629,+100.158,+99.611,+101.023,+108.794,+135.739,+100.826,+123.786,+101.088,+118.287,+100.313,+116.232,+3.514,+17.456,+0.389,+6.471,+6.000,+9.000,+99.900,+100.186,+122.267,+104.237,+109.687,+101.773,+9.807,+1.752
0,788,+12.000,+12.000,+2.000,+2.000,+97.548,+99.964,+100.761,+106.801,+104.584,+118.569,+100.761,+106.801,+100.791,+105.684,+100.761,+106.801,+2.577,+6.173,+0.000,+0.000,+12.000,+2.000,+99.360,+103.781,+111.184,+103.781,+103.237,+103.781,+4.218,+0.000
0,789,+5.000,+5.000,+6.000,+6.000,+98.454,+99.538,+95.976,+100.097,+100.139,+101.719,+99.611,+126.419,+99.458,+100.527,+97.191,+105.204,+0.646,+0.979,+1.166,+9.572,+5.000,+6.000,+99.142,+97.793,+100.929,+101.260,+99.993,+98.897,+0.758,+1.182
0,790,+0.000,+0.000,+10.000,+10.000,NaN,NaN,+97.240,+98.454,NaN,NaN,+99.644,+113.619,NaN,NaN,+98.362,+105.558,NaN,NaN,+1.040,+5.105,+0.000,+10.000,NaN,+98.087,NaN,+105.012,NaN,+100.872,NaN,+2.446
0,791,+6.000,+6.000,+10.000,+10.000,+99.830,+108.504,+99.314,+101.748,+106.162,+118.948,+110.040,+151.735,+100.886,+113.726,+101.928,+117.990,+2.360,+5.222,+3.066,+17.486,+6.000,+10.000,+104.167,+100.928,+112.555,+126.771,+107.306,+106.304,+3.311,+7.615
0,792,+4.000,+4.000,+5.000,+5.000,+96.932,+97.693,+95.694,+101.748,+98.948,+108.236,+99.312,+102.482,+97.940,+105.601,+97.648,+102.042,+1.008,+4.566,+1.608,+0.359,+4.000,+5.000,+97.312,+97.503,+103.592,+101.867,+101.770,+100.222,+2.606,+1.653
0,793,+8.000,+8.000,+3.000,+3.000,+98.697,+98.948,+96.116,+96.811,+104.534,+112.193,+96.811,+98.065,+99.915,+102.219,+96.568,+97.561,+1.934,+4.386,+0.320,+0.541,+8.000,+3.000,+98.822,+96.811,+108.363,+97.292,+101.067,+97.065,+3.136,+0.197
0,794,+9.000,+9.000,+8.000,+8.000,+98.616,+100.121,+96.052,+98.290,+101.638,+120.174,+97.454,+103.683,+100.286,+106.967,+97.043,+99.767,+1.048,+6.967,+0.393,+1.627,+9.000,+8.000,+99.856,+97.139,+110.477,+97.957,+103.626,+97.560,+3.797,+0.306
0,795,+9.000,+9.000,+6.000,+6.000,+98.087,+98.948,+99.505,+105.374,+99.047,+103.379,+100.702,+128.377,+98.855,+100.458,+99.992,+120.277,+0.305,+2.066,+0.532,+7.074,+9.000,+6.000,+98.517,+100.379,+101.213,+100.827,+99.657,+100.674,+1.111,+0.209
0,796,+11.000,+11.000,+4.000,+4.000,+97.567,+97.929,+100.682,+104.378,+99.792,+118.950,+107.974,+156.637,+99.072,+104.893,+104.931,+143.572,+0.593,+8.639,+2.771,+22.629,+11.000,+4.000,+97.748,+104.328,+108.998,+132.306,+101.983,+112.076,+4.327,+11.741
0,797,+12.000,+12.000,+4.000,+4.000,+96.283,+99.275,+97.784,+101.660,+101.489,+151.453,+102.044,+131.107,+99.081,+116.378,+100.026,+116.872,+1.531,+20.765,+2.024,+11.854,+12.000,+4.000,+99.161,+99.946,+125.438,+103.812,+107.729,+102.313,+10.182,+1.620
0,798,+12.000,+12.000,+12.000,+12.000,+97.884,+98.484,+99.959,+102.965,+106.866,+123.320,+106.645,+115.224,+101.664,+107.073,+101.361,+109.817,+2.705,+6.753,+1.874,+4.643,+12.000,+12.000,+98.305,+100.012,+115.093,+107.502,+104.368,+102.867,+4.472,+2.092
0,799,+6.000,+6.000,+7.000,+7.000,+99.047,+101.235,+98.252,+98.916,+102.772,+122.235,+114.705,+127.225,+100.344,+109.172,+103.499,+115.528,+1.721,+9.261,+6.518,+9.198,+6.000,+7.000,+100.141,+98.584,+110.809,+115.026,+104.758,+108.337,+4.334,+7.027
0,800,+4.000,+4.000,+4.000,+4.000,+101.154,+103.928,+96.465,+100.059,+103.967,+112.489,+99.645,+100.977,+101.877,+109.391,+97.260,+100.289,+1.206,+3.490,+1.377,+0.397,+4.000,+4.000,+102.562,+98.262,+106.822,+99.852,+105.634,+98.774,+1.783,+0.650
0,801,+13.000,+13.000,+12.000,+12.000,+97.403,+102.641,+95.064,+101.816,+103.900,+114.100,+108.381,+163.674,+101.909,+104.732,+99.122,+120.648,+1.678,+2.819,+3.546,+20.899,+13.000,+12.000,+100.795,+99.886,+107.931,+108.937,+103.321,+101.766,+1.649,+2.276
0,802,+9.000,+9.000,+8.000,+8.000,+97.161,+99.613,+98.214,+98.337,+118.669,+128.706,+104.851,+125.554,+102.955,+116.256,+100.943,+108.622,+5.923,+12.242,+2.449,+10.005,+9.000,+8.000,+98.387,+98.276,+119.559,+105.889,+109.605,+102.372,+7.781,+2.762
0,803,+6.000,+6.000,+3.000,+3.000,+96.814,+99.608,+97.201,+98.595,+101.208,+140.525,+97.201,+98.595,+98.667,+110.735,+97.201,+98.595,+1.977,+14.520,+0.000,+0.000,+6.000,+3.000,+98.211,+97.898,+118.669,+97.898,+104.701,+97.898,+7.269,+0.000
0,804,+15.000,+15.000,+6.000,+6.000,+96.774,+97.544,+98.944,+99.568,+102.993,+117.302,+99.565,+122.355,+101.102,+105.782,+99.111,+106.628,+1.899,+5.694,+0.220,+8.284,+15.000,+6.000,+97.228,+99.040,+109.722,+100.259,+103.442,+99.523,+3.485,+0.374
0,805,+12.000,+12.000,+4.000,+4.000,+97.076,+110.918,+99.077,+99.568,+117.695,+159.529,+100.702,+107.697,+103.498,+117.845,+100.296,+103.554,+4.857,+13.042,+0.703,+3.037,+12.000,+4.000,+104.546,+99.323,+132.329,+103.079,+110.671,+101.645,+7.399,+1.483
0,806,+6.000,+6.000,+12.000,+12.000,+95.837,+97.076,+99.077,+110.262,+105.129,+150.641,+114.535,+134.759,+98.834,+114.053,+106.082,+120.986,+3.600,+19.374,+4.745,+7.121,+6.000,+12.000,+96.456,+103.822,+126.383,+116.767,+106.443,+109.299,+11.076,+3.259
0,807,+0.000,+0.000,+6.000,+6.000,NaN,NaN,+101.628,+106.891,NaN,NaN,+108.737,+116.501,NaN,NaN,+105.207,+111.696,NaN,NaN,+2.768,+4.805,+0.000,+6.000,NaN,+102.296,NaN,+109.689,NaN,+105.917,NaN,+2.691
0,808,+11.000,+11.000,+9.000,+9.000,+99.441,+100.216,+99.593,+100.894,+111.531,+147.217,+102.117,+111.390,+103.409,+116.205,+100.941,+103.952,+3.557,+13.784,+1.054,+2.871,+11.000,+9.000,+99.828,+100.648,+126.173,+102.540,+109.807,+101.562,+7.665,+0.719
0,809,+2.000,+2.000,+3.000,+3.000,+99.509,+99.509,+100.967,+109.245,+100.268,+100.268,+103.587,+125.765,+99.889,+99.889,+102.386,+117.651,+0.380,+0.380,+1.081,+6.748,+2.000,+3.000,+99.509,+102.318,+100.268,+103.862,+99.889,+103.092,+0.380,+0.630
0,810,+4.000,+4.000,+5.000,+5.000,+100.288,+107.674,+98.906,+100.126,+102.124,+112.964,+99.815,+103.863,+101.237,+108.996,+99.270,+101.886,+0.888,+2.291,+0.446,+1.185,+4.000,+5.000,+103.981,+99.971,+107.544,+102.617,+105.117,+100.855,+1.448,+0.937
0,811,+3.000,+3.000,+6.000,+6.000,+99.964,+100.288,+100.085,+100.909,+100.288,+100.411,+100.909,+121.755,+100.180,+100.370,+100.584,+108.086,+0.153,+0.058,+0.279,+8.484,+3.000,+6.000,+100.187,+100.721,+100.349,+101.362,+100.275,+100.972,+0.067,+0.238
0,812,+11.000,+11.000,+10.000,+10.000,+97.208,+99.831,+102.331,+104.181,+103.150,+111.145,+109.293,+113.689,+99.800,+104.017,+105.542,+109.146,+1.346,+4.734,+2.761,+3.505,+11.000,+10.000,+99.507,+102.414,+107.147,+109.293,+101.908,+106.207,+2.614,+2.547
0,813,+12.000,+12.000,+5.000,+5.000,+100.367,+103.593,+99.964,+106.134,+107.387,+122.868,+105.821,+110.528,+103.569,+110.191,+102.019,+108.775,+1.715,+7.597,+2.558,+1.436,+12.000,+5.000,+102.073,+102.893,+113.714,+105.978,+106.880,+104.513,+4.142,+1.031
0,814,+7.000,+7.000,+0.000,+0.000,+98.251,+99.333,NaN,NaN,+101.574,+103.804,NaN,NaN,+100.059,+101.581,NaN,NaN,+1.344,+1.953,NaN,NaN,+7.000,+0.000,+98.792,NaN,+102.689,NaN,+100.820,NaN,+1.623,NaN
0,815,+6.000,+6.000,+6.000,+6.000,+100.238,+109.446,+100.533,+107.136,+105.729,+121.002,+107.387,+116.393,+102.212,+115.605,+102.696,+110.409,+2.386,+3.935,+2.507,+4.188,+6.000,+6.000,+105.482,+103.593,+113.366,+107.923,+108.909,+105.349,+2.563,+1.680
0,816,+18.000,+18.000,+0.000,+0.000,+99.964,+101.573,NaN,NaN,+115.333,+139.733,NaN,NaN,+103.834,+115.835,NaN,NaN,+3.723,+13.052,NaN,NaN,+18.000,+0.000,+100.768,NaN,+123.210,NaN,+109.834,NaN,+7.264,NaN
0,817,+6.000,+6.000,+4.000,+4.000,+103.920,+110.914,+102.574,+105.904,+114.713,+127.583,+103.768,+116.145,+106.622,+116.204,+103.470,+113.585,+4.056,+5.574,+0.517,+4.435,+6.000,+4.000,+107.417,+105.056,+115.752,+109.957,+111.413,+107.287,+3.445,+1.747
0,818,+3.000,+3.000,+3.000,+3.000,+98.349,+100.001,+98.117,+107.574,+99.826,+100.785,+102.004,+107.574,+98.841,+100.524,+100.326,+107.574,+0.696,+0.370,+1.630,+0.000,+3.000,+3.000,+99.175,+99.486,+100.305,+104.215,+99.682,+102.612,+0.469,+2.211
0,819,+3.000,+3.000,+4.000,+4.000,+99.826,+101.564,+99.697,+105.208,+100.232,+101.564,+104.207,+167.925,+99.961,+101.564,+101.371,+152.246,+0.191,+0.000,+1.755,+27.157,+3.000,+4.000,+100.695,+100.561,+100.898,+104.708,+100.763,+102.692,+0.096,+2.018
0,820,+4.000,+4.000,+3.000,+3.000,+99.109,+99.495,+103.114,+127.805,+99.137,+100.584,+104.207,+129.956,+99.116,+99.768,+103.479,+128.853,+0.012,+0.471,+0.515,+0.879,+4.000,+3.000,+99.302,+103.661,+99.846,+105.840,+99.442,+104.387,+0.234,+1.027
0,821,+12.000,+12.000,+11.000,+11.000,+100.015,+103.920,+98.325,+105.371,+105.358,+125.765,+104.207,+126.217,+103.577,+107.957,+101.584,+111.529,+1.839,+5.870,+2.125,+5.607,+12.000,+11.000,+101.968,+100.584,+114.842,+104.789,+105.767,+103.511,+3.366,+1.424
0,822,+7.000,+7.000,+3.000,+3.000,+96.059,+96.874,+99.635,+101.771,+102.968,+169.571,+99.635,+116.752,+99.851,+127.081,+99.635,+107.035,+2.252,+31.687,+0.000,+6.878,+7.000,+3.000,+96.467,+101.109,+136.269,+101.723,+113.466,+101.341,+16.701,+0.272
0,823,+6.000,+6.000,+3.000,+3.000,+96.705,+97.604,+103.688,+107.574,+100.418,+102.475,+103.688,+107.574,+99.214,+100.412,+103.688,+107.574,+1.353,+1.556,+0.000,+0.000,+6.000,+3.000,+97.155,+103.948,+101.446,+103.948,+99.813,+103.948,+1.402,+0.000
0,824,+10.000,+10.000,+6.000,+6.000,+99.826,+100.374,+98.293,+103.828,+105.330,+113.374,+103.688,+118.940,+102.213,+104.847,+100.457,+112.573,+2.083,+3.627,+2.413,+6.477,+10.000,+6.000,+100.100,+103.001,+109.352,+111.384,+103.530,+104.946,+2.751,+2.895
0,825,+3.000,+3.000,+5.000,+5.000,+98.459,+99.826,+96.652,+101.705,+99.826,+99.826,+101.705,+109.740,+99.370,+99.826,+99.658,+106.026,+0.644,+0.000,+1.645,+3.504,+3.000,+5.000,+99.143,+100.893,+99.826,+101.757,+99.598,+101.573,+0.322,+0.341
0,826,+9.000,+9.000,+9.000,+9.000,+95.586,+99.694,+99.033,+110.016,+101.705,+125.448,+107.184,+156.781,+99.297,+109.667,+102.117,+133.582,+1.815,+8.211,+3.563,+19.093,+9.000,+9.000,+99.213,+101.676,+112.090,+112.242,+104.482,+106.869,+4.388,+3.889
0,827,+9.000,+9.000,+9.000,+9.000,+98.467,+98.843,+98.666,+105.710,+102.968,+122.556,+104.753,+125.535,+100.981,+104.908,+101.265,+116.279,+1.843,+6.885,+1.849,+8.891,+9.000,+9.000,+98.655,+100.063,+112.762,+104.783,+102.945,+102.312,+4.098,+1.430
0,828,+5.000,+5.000,+9.000,+9.000,+97.447,+104.184,+96.338,+99.386,+100.748,+137.276,+101.705,+105.004,+98.781,+119.776,+99.600,+102.659,+1.090,+14.455,+1.647,+1.885,+5.000,+9.000,+101.458,+98.754,+117.760,+102.529,+109.278,+100.513,+6.881,+1.154
0,829,+3.000,+3.000,+9.000,+9.000,+97.881,+97.881,+98.920,+99.940,+98.732,+98.732,+100.184,+115.675,+98.449,+98.449,+99.291,+107.705,+0.401,+0.401,+0.457,+6.341,+3.000,+9.000,+97.881,+98.979,+98.732,+100.798,+98.449,+99.896,+0.401,+0.645
0,830,+9.000,+9.000,+4.000,+4.000,+99.914,+100.296,+97.320,+98.117,+105.188,+122.983,+98.768,+102.852,+102.749,+112.682,+97.846,+101.240,+2.216,+9.136,+0.549,+1.934,+9.000,+4.000,+100.105,+97.718,+112.792,+99.027,+107.715,+98.407,+5.486,+0.464
0,831,+11.000,+11.000,+3.000,+3.000,+101.245,+101.245,+96.076,+99.977,+106.691,+114.295,+98.469,+99.977,+102.762,+106.244,+97.154,+99.977,+1.640,+3.854,+0.991,+0.000,+11.000,+3.000,+101.245,+98.027,+108.113,+99.223,+104.503,+98.566,+2.279,+0.495
0,832,+6.000,+6.000,+6.000,+6.000,+98.143,+105.133,+95.814,+95.908,+103.318,+129.116,+100.517,+103.324,+100.918,+111.713,+97.539,+99.874,+2.024,+9.505,+1.611,+2.167,+6.000,+6.000,+101.638,+95.861,+115.607,+100.779,+106.315,+98.517,+5.374,+1.447
0,833,+3.000,+3.000,+12.000,+12.000,+97.617,+108.405,+96.339,+102.891,+99.977,+121.595,+102.099,+125.767,+98.463,+113.695,+100.621,+112.409,+1.073,+5.692,+1.575,+8.875,+3.000,+12.000,+104.191,+99.864,+109.606,+102.802,+106.079,+101.766,+2.496,+0.724
0,834,+6.000,+6.000,+3.000,+3.000,+97.054,+101.930,+96.269,+101.870,+103.113,+103.168,+101.081,+104.066,+100.042,+102.549,+99.477,+103.034,+2.989,+0.619,+2.268,+0.901,+6.000,+3.000,+99.492,+99.070,+103.141,+102.510,+101.296,+101.234,+1.804,+1.538
0,835,+9.000,+9.000,+4.000,+4.000,+97.135,+98.143,+96.780,+108.587,+102.790,+106.057,+98.780,+126.361,+99.668,+102.819,+97.693,+114.744,+2.087,+3.395,+0.921,+6.883,+9.000,+4.000,+97.969,+98.477,+104.424,+101.299,+101.244,+99.464,+2.504,+1.127
0,836,+3.000,+3.000,+19.000,+19.000,+99.977,+101.930,+98.166,+102.285,+99.977,+101.930,+104.889,+187.926,+99.977,+101.930,+101.802,+127.383,+0.000,+0.000,+2.096,+27.251,+3.000,+19.000,+100.954,+102.234,+100.954,+122.650,+100.954,+106.328,+0.000,+5.688
0,837,+8.000,+8.000,+10.000,+10.000,+99.395,+99.453,+98.104,+101.944,+103.656,+108.847,+103.149,+110.531,+100.099,+105.274,+99.722,+104.071,+1.398,+4.002,+1.379,+2.951,+8.000,+10.000,+99.424,+101.026,+106.016,+104.617,+102.687,+102.022,+2.320,+1.289
0,838,+9.000,+9.000,+5.000,+5.000,+98.488,+100.594,+95.639,+96.363,+102.237,+102.237,+98.040,+107.648,+100.750,+101.831,+96.820,+102.363,+0.909,+0.485,+1.021,+3.581,+9.000,+5.000,+99.541,+96.001,+102.237,+99.985,+101.291,+98.110,+0.678,+1.465
0,839,+0.000,+0.000,+8.000,+8.000,NaN,NaN,+98.096,+101.930,NaN,NaN,+101.930,+109.184,NaN,NaN,+100.511,+106.107,NaN,NaN,+1.112,+2.819,+0.000,+8.000,NaN,+100.423,NaN,+101.955,NaN,+101.277,NaN,+0.591
0,840,+0.000,+0.000,+8.000,+8.000,NaN,NaN,+97.156,+102.506,NaN,NaN,+100.949,+126.628,NaN,NaN,+100.239,+110.928,NaN,NaN,+1.188,+9.267,+0.000,+8.000,NaN,+99.053,NaN,+104.105,NaN,+101.158,NaN,+1.298
0,841,+6.000,+6.000,+5.000,+5.000,+96.044,+100.864,+96.051,+100.001,+105.390,+124.005,+100.636,+112.380,+101.215,+112.434,+98.249,+104.741,+3.050,+11.571,+1.476,+4.535,+6.000,+5.000,+98.454,+99.034,+114.698,+101.699,+106.825,+99.732,+6.969,+1.008
0,842,+9.000,+9.000,+6.000,+6.000,+99.156,+100.864,+97.261,+104.345,+105.325,+126.970,+100.619,+109.642,+102.651,+110.877,+100.059,+106.311,+1.996,+10.224,+1.251,+2.159,+9.000,+6.000,+100.414,+100.619,+115.268,+101.275,+106.764,+100.947,+5.573,+0.328
0,843,+9.000,+9.000,+6.000,+6.000,+101.637,+103.472,+98.196,+106.204,+105.020,+106.119,+102.173,+145.045,+103.574,+104.839,+100.228,+123.470,+1.142,+0.669,+1.149,+12.947,+9.000,+6.000,+102.983,+99.113,+105.106,+102.483,+104.206,+101.229,+0.800,+1.212
0,844,+9.000,+9.000,+6.000,+6.000,+97.679,+99.135,+101.167,+104.772,+104.222,+125.736,+104.666,+123.434,+99.682,+109.113,+102.715,+116.196,+2.166,+11.770,+1.406,+8.036,+9.000,+6.000,+98.639,+102.457,+114.979,+105.439,+104.398,+104.345,+6.871,+1.105
0,845,+3.000,+3.000,+9.000,+9.000,+98.946,+105.052,+98.904,+102.595,+100.811,+105.052,+107.359,+143.289,+99.718,+105.052,+103.359,+113.382,+0.794,+0.000,+3.145,+10.934,+3.000,+9.000,+101.999,+100.965,+102.932,+109.655,+102.385,+106.244,+0.397,+3.037
0,846,+7.000,+7.000,+12.000,+12.000,+97.228,+98.946,+95.845,+103.446,+103.296,+105.953,+104.973,+137.673,+100.428,+102.196,+101.430,+114.111,+2.283,+2.057,+2.198,+9.127,+7.000,+12.000,+98.946,+99.822,+104.625,+112.017,+101.312,+104.084,+1.941,+2.815
0,847,+3.000,+3.000,+12.000,+12.000,+100.263,+102.818,+95.155,+105.605,+102.432,+102.818,+105.785,+117.896,+101.709,+102.818,+103.522,+109.430,+1.022,+0.000,+3.177,+3.578,+3.000,+12.000,+101.540,+99.876,+102.625,+105.834,+102.263,+105.258,+0.511,+1.632
0,848,+9.000,+9.000,+10.000,+10.000,+102.432,+103.959,+98.433,+102.903,+105.785,+109.766,+101.512,+140.057,+104.248,+106.002,+100.368,+112.798,+1.374,+2.084,+1.113,+10.838,+9.000,+10.000,+103.196,+99.664,+107.668,+102.234,+105.125,+101.457,+1.622,+0.884
0,849,+9.000,+9.000,+7.000,+7.000,+96.518,+105.400,+98.103,+100.852,+105.339,+105.423,+105.099,+112.960,+101.039,+105.418,+101.481,+106.613,+3.526,+0.010,+2.333,+3.934,+9.000,+7.000,+100.959,+100.535,+105.381,+105.150,+103.229,+102.738,+1.763,+1.989
0,850,+11.000,+11.000,+12.000,+12.000,+95.656,+99.396,+96.568,+100.923,+102.069,+117.642,+104.245,+131.968,+100.409,+104.012,+101.775,+114.196,+1.883,+5.696,+2.478,+9.374,+11.000,+12.000,+98.544,+98.745,+109.855,+105.759,+102.211,+103.639,+3.347,+2.104
0,851,+6.000,+6.000,+9.000,+9.000,+98.776,+99.390,+101.053,+103.029,+101.118,+102.267,+113.658,+116.248,+100.615,+101.156,+105.678,+110.572,+0.829,+0.971,+4.288,+4.577,+6.000,+9.000,+99.083,+102.041,+101.692,+113.761,+100.886,+106.906,+0.865,+4.508
0,852,+12.000,+12.000,+5.000,+5.000,+98.855,+100.784,+96.507,+102.317,+104.355,+132.371,+103.591,+132.571,+101.397,+108.191,+100.876,+113.419,+1.507,+9.702,+2.572,+10.627,+12.000,+5.000,+100.133,+98.967,+116.216,+103.979,+104.794,+102.024,+4.984,+1.862
0,853,+6.000,+6.000,+12.000,+12.000,+98.547,+99.437,+97.858,+104.293,+103.109,+106.067,+104.440,+132.105,+100.610,+101.736,+101.954,+114.837,+1.620,+2.109,+2.505,+8.198,+6.000,+12.000,+98.992,+103.063,+104.588,+107.143,+101.173,+104.157,+1.823,+0.989
0,854,+9.000,+9.000,+8.000,+8.000,+95.974,+97.160,+99.368,+106.229,+98.547,+101.024,+109.301,+121.480,+97.501,+99.103,+103.861,+111.220,+1.040,+1.517,+3.585,+6.126,+9.000,+8.000,+96.567,+101.791,+99.786,+110.610,+98.302,+106.430,+0.947,+2.769
0,855,+11.000,+11.000,+11.000,+11.000,+96.879,+96.879,+95.616,+97.632,+101.261,+125.542,+104.397,+114.901,+98.040,+106.447,+99.289,+105.509,+1.411,+11.799,+2.803,+4.492,+11.000,+11.000,+96.879,+97.266,+113.401,+105.271,+102.244,+101.421,+6.348,+2.423
0,856,+5.000,+5.000,+7.000,+7.000,+99.016,+100.924,+97.874,+98.445,+105.737,+112.601,+102.388,+125.217,+100.836,+104.362,+100.294,+110.115,+2.618,+4.312,+2.099,+9.981,+5.000,+7.000,+99.970,+98.160,+109.169,+103.218,+102.599,+101.835,+3.461,+1.594
0,857,+6.000,+6.000,+7.000,+7.000,+97.433,+97.433,+97.063,+97.874,+101.914,+115.473,+103.336,+108.878,+98.261,+103.700,+99.002,+104.472,+1.643,+8.327,+2.698,+3.884,+6.000,+7.000,+97.433,+97.521,+108.693,+105.857,+100.980,+101.485,+4.709,+3.136
0,858,+3.000,+3.000,+3.000,+3.000,+96.372,+98.422,+98.213,+116.470,+96.372,+98.422,+103.401,+117.470,+96.372,+98.422,+99.942,+116.804,+0.000,+0.000,+2.445,+0.471,+3.000,+3.000,+97.397,+99.307,+97.397,+104.969,+97.397,+101.195,+0.000,+2.669
0,859,+8.000,+8.000,+6.000,+6.000,+98.200,+98.422,+101.162,+101.270,+102.377,+110.575,+101.576,+106.856,+99.580,+102.767,+101.292,+104.963,+1.377,+4.042,+0.184,+2.514,+8.000,+6.000,+98.422,+101.216,+106.476,+103.092,+101.174,+101.660,+2.595,+0.648
0,860,+5.000,+5.000,+0.000,+0.000,+96.768,+100.267,NaN,NaN,+99.773,+102.800,NaN,NaN,+98.076,+100.786,NaN,NaN,+0.964,+1.007,NaN,NaN,+5.000,+0.000,+98.518,NaN,+100.373,NaN,+99.431,NaN,+0.681,NaN
0,861,+12.000,+12.000,+8.000,+8.000,+96.898,+97.445,+98.041,+100.135,+106.840,+129.306,+99.482,+108.078,+98.873,+106.929,+98.807,+103.323,+2.606,+10.558,+0.613,+3.214,+12.000,+8.000,+97.172,+98.468,+113.602,+100.893,+102.901,+99.549,+5.657,+0.895
0,862,+13.000,+13.000,+2.000,+2.000,+96.413,+96.696,+96.649,+101.068,+103.472,+108.026,+96.649,+113.001,+98.420,+101.040,+96.649,+107.035,+1.808,+3.894,+0.000,+5.967,+13.000,+2.000,+96.554,+97.384,+105.749,+97.384,+99.730,+97.384,+2.275,+0.000
0,863,+6.000,+6.000,+15.000,+15.000,+96.900,+100.267,+99.198,+110.232,+119.954,+137.100,+113.299,+126.587,+102.620,+118.684,+108.524,+118.197,+8.169,+18.416,+3.638,+5.185,+6.000,+15.000,+98.584,+101.643,+128.527,+113.562,+110.652,+110.380,+12.129,+3.327
0,864,+9.000,+9.000,+0.000,+0.000,+98.670,+99.663,NaN,NaN,+102.400,+105.901,NaN,NaN,+100.125,+101.935,NaN,NaN,+1.087,+1.684,NaN,NaN,+9.000,+0.000,+99.663,NaN,+102.829,NaN,+101.030,NaN,+1.014,NaN
0,865,+9.000,+9.000,+6.000,+6.000,+99.057,+99.228,+99.051,+104.088,+118.465,+131.871,+103.741,+117.654,+104.887,+112.031,+100.490,+108.521,+6.490,+14.126,+1.701,+5.184,+9.000,+6.000,+99.142,+101.099,+125.168,+104.488,+108.459,+102.026,+10.152,+1.172
0,866,+9.000,+9.000,+9.000,+9.000,+99.119,+100.871,+104.583,+105.622,+103.482,+105.098,+107.030,+111.028,+100.907,+102.775,+105.758,+107.536,+1.570,+1.751,+0.808,+1.857,+9.000,+9.000,+99.995,+105.492,+104.290,+107.925,+101.841,+106.627,+1.572,+0.836
0,867,+8.000,+8.000,+7.000,+7.000,+97.194,+98.768,+98.163,+101.164,+103.779,+113.727,+104.738,+105.361,+99.137,+101.852,+102.429,+104.495,+2.043,+4.581,+2.290,+1.390,+8.000,+7.000,+97.981,+98.261,+108.753,+104.738,+100.494,+102.813,+3.256,+2.317
0,868,+12.000,+12.000,+6.000,+6.000,+99.632,+101.842,+99.447,+105.002,+105.289,+111.599,+104.421,+125.850,+101.945,+105.032,+100.978,+110.927,+1.669,+2.576,+1.895,+7.694,+12.000,+6.000,+101.217,+100.000,+106.104,+104.441,+103.488,+102.649,+1.701,+1.912
0,869,+9.000,+9.000,+8.000,+8.000,+100.856,+100.986,+97.302,+97.335,+102.783,+105.446,+104.370,+130.014,+101.728,+102.704,+100.582,+119.195,+0.678,+1.358,+2.360,+12.672,+9.000,+8.000,+100.921,+97.319,+103.679,+104.396,+102.216,+102.282,+0.942,+2.199
0,870,+8.000,+8.000,+3.000,+3.000,+95.788,+98.445,+97.492,+98.595,+102.627,+104.351,+98.213,+98.595,+98.846,+101.088,+97.973,+98.595,+2.205,+2.567,+0.340,+0.000,+8.000,+3.000,+97.116,+97.853,+103.489,+98.404,+99.967,+98.220,+2.323,+0.260
0,871,+6.000,+6.000,+0.000,+0.000,+100.094,+104.734,NaN,NaN,+100.669,+118.039,NaN,NaN,+100.319,+112.744,NaN,NaN,+0.257,+5.694,NaN,NaN,+6.000,+0.000,+102.414,NaN,+109.066,NaN,+106.531,NaN,+2.886,NaN
0,872,+6.000,+6.000,+6.000,+6.000,+96.162,+96.202,+98.444,+105.503,+99.650,+111.870,+101.809,+114.503,+98.480,+102.181,+100.621,+109.192,+1.303,+4.997,+1.416,+3.810,+6.000,+6.000,+96.182,+99.926,+105.760,+105.590,+100.331,+103.467,+3.004,+1.720
0,873,+4.000,+4.000,+11.000,+11.000,+96.427,+97.462,+99.400,+103.305,+98.163,+104.255,+107.109,+117.759,+97.589,+102.557,+103.431,+111.449,+0.708,+2.942,+2.660,+4.882,+4.000,+11.000,+96.945,+102.746,+101.209,+107.467,+100.073,+105.435,+1.810,+1.895
0,874,+7.000,+7.000,+8.000,+8.000,+98.163,+101.416,+97.333,+97.992,+105.813,+111.214,+99.262,+112.036,+100.626,+106.451,+98.102,+102.722,+2.833,+2.625,+0.697,+3.778,+7.000,+8.000,+101.398,+97.663,+106.274,+100.447,+103.538,+99.086,+1.783,+1.005
0,875,+3.000,+3.000,+10.000,+10.000,+98.163,+98.936,+98.804,+101.911,+98.163,+105.160,+104.665,+144.105,+98.163,+101.011,+101.234,+123.634,+0.000,+2.934,+1.764,+17.056,+3.000,+10.000,+98.549,+99.447,+101.661,+105.296,+99.587,+102.977,+1.467,+1.956
0,876,+7.000,+7.000,+7.000,+7.000,+99.725,+100.112,+95.894,+101.829,+101.774,+107.188,+101.629,+107.574,+100.101,+102.866,+100.516,+105.183,+0.689,+2.260,+1.941,+2.179,+7.000,+7.000,+100.016,+99.476,+103.456,+102.673,+101.484,+101.396,+1.102,+0.927
0,877,+8.000,+8.000,+5.000,+5.000,+96.871,+100.346,+96.843,+100.459,+102.966,+111.662,+101.629,+117.284,+99.917,+103.325,+98.808,+106.580,+2.203,+4.057,+1.743,+7.157,+8.000,+5.000,+99.254,+98.651,+107.314,+102.150,+101.621,+100.039,+2.924,+1.202
0,878,+3.000,+3.000,+7.000,+7.000,+102.188,+117.768,+98.523,+102.966,+102.218,+117.768,+100.615,+132.134,+102.198,+117.768,+99.498,+111.941,+0.014,+0.000,+0.763,+10.945,+3.000,+7.000,+109.978,+99.337,+109.993,+102.438,+109.983,+100.481,+0.007,+1.336
0,879,+8.000,+8.000,+10.000,+10.000,+96.409,+100.001,+95.942,+98.457,+102.218,+117.925,+99.110,+110.011,+100.112,+105.394,+97.750,+101.531,+2.285,+7.119,+0.959,+2.994,+8.000,+10.000,+98.252,+97.885,+109.528,+100.240,+102.753,+98.813,+4.143,+0.644
0,880,+6.000,+6.000,+6.000,+6.000,+100.511,+118.467,+97.814,+99.790,+106.569,+136.278,+101.113,+121.143,+102.722,+127.372,+98.575,+108.202,+2.313,+8.905,+1.147,+6.480,+6.000,+6.000,+109.489,+98.214,+120.779,+101.254,+115.047,+99.276,+4.558,+1.402
0,881,+7.000,+7.000,+11.000,+11.000,+100.956,+101.170,+96.292,+99.306,+102.188,+102.188,+102.367,+137.922,+101.627,+101.923,+98.587,+112.269,+0.501,+0.422,+1.714,+9.603,+7.000,+11.000,+101.170,+98.830,+102.188,+103.837,+101.775,+100.184,+0.397,+1.416
0,882,+5.000,+5.000,+13.000,+13.000,+96.903,+101.170,+97.057,+104.923,+101.170,+122.495,+103.696,+115.697,+99.463,+109.700,+101.240,+108.046,+2.091,+10.447,+1.610,+2.959,+5.000,+13.000,+99.036,+101.716,+111.833,+103.768,+104.582,+102.729,+5.971,+0.869
0,883,+5.000,+5.000,+3.000,+3.000,+97.453,+98.339,+100.204,+103.696,+100.052,+115.245,+100.204,+103.696,+99.128,+105.482,+100.204,+103.696,+1.146,+7.524,+0.000,+0.000,+5.000,+3.000,+97.896,+100.413,+107.648,+100.621,+102.305,+100.552,+4.217,+0.098
0,884,+0.000,+0.000,+9.000,+9.000,NaN,NaN,+99.081,+101.203,NaN,NaN,+104.133,+146.144,NaN,NaN,+102.523,+114.843,NaN,NaN,+1.536,+16.278,+0.000,+9.000,NaN,+100.142,NaN,+104.663,NaN,+103.298,NaN,+1.490
0,885,+7.000,+7.000,+6.000,+6.000,+96.540,+106.238,+95.635,+102.416,+103.079,+130.595,+102.544,+144.158,+101.331,+114.970,+100.902,+113.956,+2.012,+6.922,+2.382,+15.231,+7.000,+6.000,+101.389,+101.868,+116.080,+114.724,+108.150,+104.296,+3.991,+4.677
0,886,+9.000,+9.000,+12.000,+12.000,+101.170,+101.170,+95.779,+102.727,+106.763,+133.065,+103.405,+105.757,+104.154,+112.385,+100.074,+104.130,+2.210,+10.359,+2.271,+1.047,+9.000,+12.000,+101.170,+98.348,+119.299,+103.428,+108.269,+102.186,+5.680,+1.385
0,887,+3.000,+3.000,+14.000,+14.000,+100.683,+112.431,+97.185,+100.808,+101.694,+112.431,+104.664,+154.344,+101.182,+112.431,+100.971,+114.992,+0.413,+0.000,+1.686,+18.048,+3.000,+14.000,+106.557,+98.997,+107.062,+104.664,+106.806,+102.601,+0.206,+2.009
0,888,+6.000,+6.000,+9.000,+9.000,+101.468,+102.145,+98.100,+102.507,+105.243,+109.681,+100.561,+122.899,+102.987,+105.047,+99.308,+105.052,+1.563,+2.359,+0.903,+6.342,+6.000,+9.000,+101.807,+99.544,+107.462,+101.534,+104.017,+100.780,+1.865,+0.881
0,889,+10.000,+10.000,+3.000,+3.000,+99.013,+99.093,+96.645,+98.660,+103.700,+138.423,+96.645,+98.660,+100.355,+110.332,+96.645,+98.660,+1.293,+10.712,+0.000,+0.000,+10.000,+3.000,+99.053,+97.582,+121.062,+97.652,+105.343,+97.606,+5.896,+0.033
0,890,+6.000,+6.000,+17.000,+17.000,+100.374,+104.356,+96.916,+102.650,+103.700,+118.334,+104.141,+111.537,+101.543,+111.057,+100.771,+106.887,+1.269,+5.087,+2.175,+2.951,+6.000,+17.000,+102.365,+99.783,+109.354,+104.989,+106.300,+103.521,+2.840,+1.551
0,891,+3.000,+3.000,+12.000,+12.000,+99.118,+113.205,+96.880,+100.630,+100.374,+131.205,+102.513,+113.862,+99.872,+119.205,+98.490,+105.246,+0.543,+8.485,+1.472,+3.719,+3.000,+12.000,+106.161,+97.122,+115.664,+104.331,+109.538,+100.194,+4.339,+2.174
0,892,+3.000,+3.000,+11.000,+11.000,+96.915,+123.942,+96.839,+99.917,+104.883,+123.942,+100.123,+109.792,+100.305,+123.942,+99.084,+102.911,+3.360,+0.000,+0.829,+2.830,+3.000,+11.000,+110.429,+98.017,+114.413,+100.978,+112.124,+99.756,+1.680,+0.786
0,893,+6.000,+6.000,+9.000,+9.000,+99.118,+104.860,+97.706,+100.038,+103.700,+117.503,+100.509,+116.430,+101.409,+111.182,+99.316,+104.316,+2.291,+6.322,+1.041,+4.816,+6.000,+9.000,+101.989,+98.647,+110.602,+102.291,+106.295,+100.583,+2.982,+1.406
0,894,+3.000,+3.000,+4.000,+4.000,+102.140,+102.550,+98.287,+101.084,+102.550,+103.061,+101.221,+120.461,+102.413,+102.891,+100.096,+115.617,+0.193,+0.241,+1.094,+8.390,+3.000,+4.000,+102.550,+99.686,+102.805,+101.854,+102.652,+100.714,+0.111,+0.784
0,895,+3.000,+3.000,+6.000,+6.000,+100.946,+133.361,+98.479,+103.037,+100.946,+133.361,+102.513,+112.472,+100.946,+133.361,+99.806,+106.496,+0.000,+0.000,+1.461,+3.823,+3.000,+6.000,+117.154,+99.502,+117.154,+102.775,+117.154,+101.355,+0.000,+1.013
0,896,+3.000,+3.000,+10.000,+10.000,+98.955,+102.513,+98.301,+102.513,+101.158,+102.513,+105.568,+120.636,+100.424,+102.513,+100.723,+107.270,+1.038,+0.000,+2.108,+5.294,+3.000,+10.000,+100.734,+100.035,+101.835,+105.604,+101.468,+102.076,+0.519,+1.584
0,897,+4.000,+4.000,+9.000,+9.000,+98.438,+100.860,+98.836,+100.667,+101.158,+111.660,+101.187,+108.376,+100.366,+108.960,+99.914,+104.091,+1.117,+4.676,+0.845,+2.778,+4.000,+9.000,+99.649,+99.500,+106.409,+101.279,+104.663,+100.656,+2.895,+0.588
0,898,+9.000,+9.000,+0.000,+0.000,+100.527,+102.073,NaN,NaN,+105.301,+107.073,NaN,NaN,+101.762,+103.195,NaN,NaN,+1.496,+1.489,NaN,NaN,+9.000,+0.000,+101.334,NaN,+106.187,NaN,+102.478,NaN,+1.425,NaN
0,899,+3.000,+3.000,+9.000,+9.000,+100.946,+112.852,+97.141,+101.863,+104.411,+112.852,+100.131,+135.423,+102.101,+112.852,+98.568,+109.922,+1.633,+0.000,+1.164,+10.642,+3.000,+9.000,+106.899,+98.195,+108.631,+101.324,+107.476,+99.519,+0.817,+1.037
0,900,+3.000,+3.000,+14.000,+14.000,+98.859,+103.163,+97.257,+100.131,+100.860,+106.408,+102.048,+127.388,+99.526,+104.244,+99.973,+110.113,+0.943,+1.530,+1.108,+11.394,+3.000,+14.000,+101.011,+100.101,+102.634,+102.284,+101.885,+100.716,+0.668,+0.866
0,901,+5.000,+5.000,+6.000,+6.000,+98.341,+102.059,+97.941,+101.431,+102.059,+103.033,+101.908,+108.575,+99.828,+102.526,+100.125,+104.109,+1.821,+0.309,+1.443,+2.690,+5.000,+6.000,+100.427,+98.803,+102.546,+102.524,+101.177,+100.988,+0.932,+1.363
0,902,+3.000,+3.000,+12.000,+12.000,+100.207,+140.471,+100.844,+102.048,+103.773,+140.471,+102.520,+119.536,+101.396,+140.471,+101.186,+110.123,+1.681,+0.000,+0.606,+6.254,+3.000,+12.000,+120.339,+100.956,+122.122,+102.873,+120.934,+101.912,+0.840,+0.731
0,903,+12.000,+12.000,+15.000,+15.000,+102.093,+105.899,+98.903,+107.245,+119.894,+122.806,+111.307,+132.866,+108.330,+113.834,+102.250,+119.045,+5.948,+6.927,+3.175,+8.100,+12.000,+15.000,+103.996,+102.364,+121.350,+112.617,+111.082,+106.993,+6.087,+3.123
0,904,+6.000,+6.000,+5.000,+5.000,+100.844,+101.558,+100.054,+105.064,+104.128,+188.339,+105.570,+107.631,+101.560,+145.003,+103.231,+105.897,+1.170,+43.336,+2.380,+0.891,+6.000,+5.000,+101.283,+100.390,+146.233,+105.584,+123.281,+104.170,+21.948,+1.936
0,905,+7.000,+7.000,+9.000,+9.000,+98.354,+114.664,+95.900,+97.890,+118.190,+135.294,+104.400,+121.130,+105.914,+123.040,+100.066,+111.948,+5.535,+8.190,+2.162,+7.888,+7.000,+9.000,+109.449,+97.876,+120.742,+104.400,+114.477,+101.294,+3.974,+2.209
0,906,+3.000,+3.000,+5.000,+5.000,+104.696,+104.810,+96.753,+98.744,+104.766,+104.978,+99.283,+100.684,+104.742,+104.922,+98.104,+99.908,+0.033,+0.079,+0.807,+0.950,+3.000,+5.000,+104.788,+98.374,+104.872,+99.983,+104.832,+98.987,+0.034,+0.710
0,907,+7.000,+7.000,+9.000,+9.000,+97.886,+102.719,+97.063,+102.601,+104.696,+105.281,+100.633,+131.948,+101.421,+103.983,+98.349,+117.368,+2.033,+1.131,+1.619,+10.921,+7.000,+9.000,+100.496,+97.207,+104.989,+100.695,+102.702,+99.740,+1.307,+1.186
0,908,+15.000,+15.000,+1.000,+1.000,+101.801,+102.779,+95.675,+96.988,+109.134,+127.850,+95.675,+96.988,+104.506,+108.587,+95.675,+96.988,+2.199,+5.851,+0.000,+0.000,+15.000,+1.000,+102.406,+96.192,+118.492,+96.192,+106.547,+96.192,+3.851,+0.000
0,909,+6.000,+6.000,+4.000,+4.000,+99.124,+102.111,+99.385,+102.273,+102.111,+125.137,+104.696,+110.616,+100.787,+113.624,+101.957,+108.530,+1.063,+11.513,+1.880,+3.612,+6.000,+4.000,+100.618,+102.040,+113.624,+105.007,+107.205,+103.421,+5.947,+1.054
0,910,+15.000,+15.000,+9.000,+9.000,+98.478,+102.513,+96.435,+102.758,+106.491,+134.862,+97.372,+152.052,+102.988,+112.017,+96.782,+122.012,+2.695,+11.920,+0.369,+21.537,+15.000,+9.000,+100.618,+96.575,+119.779,+98.732,+107.502,+97.509,+6.520,+0.887
0,911,+5.000,+5.000,+1.000,+1.000,+100.737,+103.311,+102.428,+103.650,+113.306,+113.306,+102.428,+103.650,+106.641,+109.308,+102.428,+103.650,+5.672,+4.896,+0.000,+0.000,+5.000,+1.000,+102.024,+103.039,+113.306,+103.039,+107.974,+103.039,+5.083,+0.000
0,912,+3.000,+3.000,+9.000,+9.000,+100.633,+123.596,+99.995,+111.007,+103.311,+123.596,+103.797,+139.436,+101.526,+123.596,+102.226,+123.311,+1.263,+0.000,+1.118,+10.360,+3.000,+9.000,+112.114,+102.485,+113.454,+103.980,+112.561,+103.380,+0.631,+0.564
0,913,+18.000,+18.000,+7.000,+7.000,+99.611,+102.111,+99.774,+104.721,+104.167,+126.055,+108.860,+117.127,+101.547,+107.195,+103.901,+112.230,+1.703,+6.688,+3.004,+4.611,+18.000,+7.000,+101.088,+103.287,+115.111,+108.957,+104.371,+105.409,+3.858,+2.297
0,914,+6.000,+6.000,+6.000,+6.000,+99.908,+103.705,+99.487,+107.044,+103.058,+114.880,+106.507,+124.901,+101.222,+107.580,+102.690,+113.276,+1.332,+4.372,+2.074,+5.793,+6.000,+6.000,+101.806,+102.253,+108.969,+106.776,+104.401,+103.835,+2.453,+1.809
0,915,+6.000,+6.000,+7.000,+7.000,+100.059,+103.029,+98.507,+99.919,+103.058,+124.029,+101.519,+107.531,+101.496,+114.524,+100.403,+104.394,+1.410,+7.435,+1.071,+3.072,+6.000,+7.000,+102.801,+99.919,+112.072,+103.258,+108.010,+101.566,+3.269,+1.192
0,916,+3.000,+3.000,+0.000,+0.000,+99.463,+114.453,NaN,NaN,+102.429,+121.379,NaN,NaN,+100.769,+118.741,NaN,NaN,+1.237,+3.059,NaN,NaN,+3.000,+0.000,+107.434,NaN,+111.410,NaN,+109.755,NaN,+1.690,NaN
0,917,+14.000,+14.000,+4.000,+4.000,+97.027,+102.429,+96.445,+109.254,+104.938,+111.972,+101.421,+111.437,+101.468,+104.875,+100.141,+110.891,+1.739,+2.898,+2.134,+0.945,+14.000,+4.000,+100.874,+98.518,+106.307,+103.236,+103.172,+102.048,+1.577,+2.038
0,918,+3.000,+3.000,+3.000,+3.000,+100.115,+104.007,+97.279,+144.867,+100.890,+104.007,+106.415,+144.867,+100.373,+104.007,+101.440,+144.867,+0.365,+0.000,+3.774,+0.000,+3.000,+3.000,+102.061,+100.420,+102.448,+114.764,+102.190,+109.017,+0.183,+6.193
0,919,+9.000,+9.000,+5.000,+5.000,+96.191,+99.203,+101.519,+104.007,+103.058,+104.007,+103.804,+109.758,+99.746,+102.406,+102.166,+105.864,+2.299,+2.264,+0.898,+2.380,+9.000,+5.000,+97.697,+102.662,+103.532,+105.672,+101.076,+103.494,+2.157,+1.119
0,920,+6.000,+6.000,+12.000,+12.000,+99.177,+103.927,+98.046,+106.719,+103.503,+104.007,+117.052,+143.940,+101.250,+103.967,+105.387,+121.968,+2.074,+0.040,+5.035,+12.259,+6.000,+12.000,+101.592,+102.681,+103.715,+117.443,+102.608,+110.566,+1.017,+5.164
0,921,+4.000,+4.000,+10.000,+10.000,+99.865,+100.370,+97.051,+97.179,+101.860,+101.860,+105.905,+107.594,+101.361,+101.487,+100.609,+103.171,+0.864,+0.645,+3.122,+3.636,+4.000,+10.000,+100.117,+97.115,+101.860,+106.631,+101.424,+102.217,+0.754,+3.434
0,922,+8.000,+8.000,+5.000,+5.000,+99.865,+102.306,+102.315,+106.674,+102.384,+126.641,+105.569,+111.064,+101.177,+106.364,+103.995,+109.268,+1.030,+7.786,+1.459,+1.434,+8.000,+5.000,+101.086,+104.145,+114.513,+105.772,+103.771,+105.447,+4.194,+0.651
0,923,+7.000,+7.000,+3.000,+3.000,+100.555,+101.370,+98.898,+99.865,+101.564,+101.564,+99.474,+99.865,+101.330,+101.537,+99.155,+99.865,+0.324,+0.068,+0.239,+0.000,+7.000,+3.000,+101.060,+99.186,+101.564,+99.670,+101.434,+99.380,+0.164,+0.209
0,924,+11.000,+11.000,+5.000,+5.000,+98.735,+100.555,+99.213,+103.708,+102.823,+117.129,+99.537,+112.181,+100.767,+105.172,+99.434,+109.634,+1.090,+5.173,+0.113,+3.391,+11.000,+5.000,+100.265,+99.505,+109.250,+99.701,+102.970,+99.577,+2.848,+0.089
0,925,+6.000,+6.000,+7.000,+7.000,+99.320,+101.796,+99.859,+102.996,+101.977,+131.947,+104.688,+129.202,+101.255,+114.871,+101.762,+112.844,+0.900,+13.674,+1.582,+10.244,+6.000,+7.000,+101.558,+101.662,+116.962,+107.319,+108.063,+104.628,+6.870,+2.098
0,926,+3.000,+3.000,+12.000,+12.000,+98.420,+100.789,+97.915,+112.892,+99.865,+100.789,+117.667,+145.105,+99.383,+100.789,+107.247,+127.202,+0.681,+0.000,+5.840,+10.430,+3.000,+12.000,+99.605,+105.403,+100.327,+126.650,+100.086,+115.476,+0.341,+4.945
0,927,+1.000,+1.000,+3.000,+3.000,+98.040,+100.365,+100.700,+109.585,+98.040,+100.365,+102.703,+109.585,+98.040,+100.365,+101.689,+109.585,+0.000,+0.000,+0.818,+0.000,+1.000,+3.000,+99.202,+101.701,+99.202,+103.276,+99.202,+102.387,+0.000,+0.659
0,928,+8.000,+8.000,+7.000,+7.000,+99.327,+99.865,+99.643,+104.373,+104.048,+104.911,+103.849,+141.253,+100.635,+102.250,+101.541,+123.830,+1.500,+1.816,+1.333,+15.345,+8.000,+7.000,+99.865,+100.282,+104.479,+104.849,+101.442,+102.402,+1.558,+1.664
0,929,+0.000,+0.000,+6.000,+6.000,NaN,NaN,+99.643,+105.896,NaN,NaN,+103.162,+131.068,NaN,NaN,+101.311,+115.797,NaN,NaN,+1.321,+9.861,+0.000,+6.000,NaN,+101.403,NaN,+104.583,NaN,+103.413,NaN,+1.089
0,930,+0.000,+0.000,+9.000,+9.000,NaN,NaN,+95.743,+100.930,NaN,NaN,+101.618,+132.787,NaN,NaN,+99.992,+110.204,NaN,NaN,+1.762,+10.685,+0.000,+9.000,NaN,+97.840,NaN,+103.376,NaN,+100.877,NaN,+1.455
0,931,+0.000,+0.000,+12.000,+12.000,NaN,NaN,+99.958,+102.005,NaN,NaN,+102.374,+107.480,NaN,NaN,+101.120,+103.301,NaN,NaN,+0.730,+1.504,+0.000,+12.000,NaN,+100.982,NaN,+102.978,NaN,+102.002,NaN,+0.481
0,932,+3.000,+3.000,+10.000,+10.000,+99.268,+101.451,+99.701,+100.892,+100.558,+101.451,+107.348,+162.544,+99.698,+101.451,+102.209,+125.848,+0.608,+0.000,+1.919,+23.313,+3.000,+10.000,+100.360,+100.645,+101.005,+107.757,+100.575,+104.231,+0.304,+2.210
0,933,+6.000,+6.000,+3.000,+3.000,+98.133,+99.432,+97.272,+98.005,+99.031,+108.557,+101.451,+106.788,+98.768,+101.993,+99.085,+103.194,+0.323,+3.060,+1.751,+3.758,+6.000,+3.000,+99.231,+97.639,+103.345,+103.120,+100.381,+100.250,+1.381,+2.245
0,934,+0.000,+0.000,+4.000,+4.000,NaN,NaN,+98.311,+102.837,NaN,NaN,+98.531,+104.053,NaN,NaN,+98.476,+103.141,NaN,NaN,+0.095,+0.526,+0.000,+4.000,NaN,+98.421,NaN,+99.465,NaN,+99.204,NaN,+0.452
0,935,+1.000,+1.000,+15.000,+15.000,+96.009,+96.648,+100.502,+107.332,+96.009,+96.648,+108.280,+120.891,+96.009,+96.648,+104.505,+113.509,+0.000,+0.000,+2.562,+5.345,+1.000,+15.000,+96.329,+102.457,+96.329,+112.276,+96.329,+106.654,+0.000,+2.564
0,936,+4.000,+4.000,+5.000,+5.000,+97.976,+99.121,+100.329,+101.967,+99.121,+99.745,+102.837,+103.720,+98.345,+99.589,+101.591,+102.840,+0.468,+0.270,+0.815,+0.554,+4.000,+5.000,+98.715,+100.799,+99.433,+103.279,+98.967,+102.058,+0.275,+0.801
0,937,+6.000,+6.000,+3.000,+3.000,+97.976,+99.121,+100.395,+108.399,+99.027,+122.449,+100.546,+128.882,+98.331,+106.282,+100.496,+118.160,+0.395,+9.249,+0.071,+8.390,+6.000,+3.000,+98.548,+101.115,+110.212,+101.257,+102.307,+101.184,+4.586,+0.058
0,938,+6.000,+6.000,+11.000,+11.000,+97.330,+97.511,+98.252,+99.433,+99.821,+102.465,+101.684,+141.139,+98.594,+99.922,+99.669,+109.716,+0.937,+1.780,+1.311,+14.143,+6.000,+11.000,+97.420,+98.843,+100.746,+103.935,+99.258,+100.775,+1.314,+1.461
0,939,+3.000,+3.000,+10.000,+10.000,+100.503,+106.483,+97.923,+101.621,+102.899,+125.511,+101.684,+161.582,+101.813,+118.590,+99.605,+121.319,+0.991,+8.590,+1.231,+20.562,+3.000,+10.000,+103.493,+99.245,+114.205,+101.773,+110.202,+100.626,+4.773,+0.932
0,940,+7.000,+7.000,+6.000,+6.000,+98.133,+105.886,+97.526,+99.902,+120.852,+123.576,+99.433,+101.069,+104.144,+115.754,+98.479,+100.486,+7.608,+5.343,+0.954,+0.584,+7.000,+6.000,+104.393,+99.549,+122.214,+99.549,+109.949,+99.549,+5.899,+0.000
0,941,+4.000,+4.000,+12.000,+12.000,+96.322,+97.167,+97.011,+100.877,+97.656,+102.137,+106.121,+120.879,+96.885,+99.774,+101.465,+110.074,+0.582,+2.369,+2.895,+6.640,+4.000,+12.000,+96.745,+100.520,+99.896,+108.389,+98.330,+104.814,+1.467,+2.692
0,942,+6.000,+6.000,+9.000,+9.000,+97.323,+99.483,+98.415,+104.595,+102.137,+114.651,+105.270,+138.688,+99.553,+103.219,+101.927,+119.728,+2.240,+5.363,+2.276,+13.513,+6.000,+9.000,+98.403,+101.391,+108.394,+107.178,+101.386,+104.458,+3.599,+1.709
0,943,+1.000,+1.000,+9.000,+9.000,+98.805,+103.456,+98.877,+105.762,+98.805,+103.456,+102.137,+134.465,+98.805,+103.456,+101.183,+112.385,+0.000,+0.000,+0.891,+8.219,+1.000,+9.000,+101.130,+101.607,+101.130,+103.619,+101.130,+102.553,+0.000,+0.800
0,944,+0.000,+0.000,+12.000,+12.000,NaN,NaN,+98.211,+102.548,NaN,NaN,+109.190,+126.246,NaN,NaN,+100.826,+113.344,NaN,NaN,+2.966,+8.673,+0.000,+12.000,NaN,+99.440,NaN,+112.742,NaN,+103.713,NaN,+3.418
0,945,+9.000,+9.000,+9.000,+9.000,+99.513,+101.385,+97.245,+103.198,+104.578,+116.406,+105.105,+111.637,+100.659,+108.078,+100.777,+106.536,+1.752,+6.240,+2.839,+2.376,+9.000,+9.000,+100.449,+99.805,+109.272,+105.345,+104.368,+102.650,+3.319,+1.987
0,946,+0.000,+0.000,+12.000,+12.000,NaN,NaN,+97.768,+104.595,NaN,NaN,+104.595,+118.501,NaN,NaN,+101.299,+108.975,NaN,NaN,+2.545,+4.338,+0.000,+12.000,NaN,+100.607,NaN,+105.336,NaN,+103.607,NaN,+1.726
0,947,+0.000,+0.000,+10.000,+10.000,NaN,NaN,+96.734,+100.288,NaN,NaN,+101.696,+121.083,NaN,NaN,+99.785,+108.630,NaN,NaN,+1.668,+8.412,+0.000,+10.000,NaN,+99.793,NaN,+104.199,NaN,+101.184,NaN,+1.408
0,948,+5.000,+5.000,+10.000,+10.000,+101.385,+101.385,+97.517,+98.122,+102.861,+114.585,+101.312,+136.841,+101.831,+109.305,+98.463,+110.739,+0.592,+6.466,+1.388,+11.664,+5.000,+10.000,+101.385,+97.831,+108.723,+102.412,+105.568,+100.269,+3.423,+1.154
0,949,+3.000,+3.000,+14.000,+14.000,+100.587,+101.987,+97.459,+102.855,+101.208,+102.137,+107.523,+142.044,+101.001,+102.087,+101.617,+119.796,+0.293,+0.071,+2.905,+13.871,+3.000,+14.000,+101.287,+102.453,+101.673,+109.687,+101.544,+105.695,+0.182,+3.171
0,950,+0.000,+0.000,+15.000,+15.000,NaN,NaN,+100.241,+104.009,NaN,NaN,+112.616,+128.431,NaN,NaN,+105.142,+115.684,NaN,NaN,+3.211,+7.268,+0.000,+15.000,NaN,+103.086,NaN,+115.751,NaN,+109.398,NaN,+3.659
0,951,+12.000,+12.000,+14.000,+14.000,+100.065,+101.987,+97.244,+100.619,+113.751,+113.751,+102.604,+130.077,+103.447,+107.036,+99.734,+109.875,+3.947,+4.183,+1.714,+7.655,+12.000,+14.000,+101.026,+98.931,+113.751,+103.315,+105.241,+101.714,+3.837,+1.510
0,952,+9.000,+9.000,+9.000,+9.000,+99.935,+104.788,+95.946,+103.803,+104.750,+104.788,+102.922,+111.237,+101.754,+104.788,+100.523,+106.296,+1.974,+0.000,+2.133,+2.842,+9.000,+9.000,+102.362,+100.657,+104.769,+103.466,+103.271,+102.510,+0.987,+1.046
0,953,+3.000,+3.000,+7.000,+7.000,+100.008,+102.387,+97.523,+98.166,+104.221,+129.009,+103.054,+129.179,+101.412,+118.392,+100.076,+109.657,+1.986,+11.517,+1.814,+10.186,+3.000,+7.000,+101.197,+97.845,+116.615,+103.902,+109.902,+101.346,+6.450,+2.167
0,954,+7.000,+7.000,+9.000,+9.000,+99.122,+99.299,+97.278,+108.663,+102.259,+148.550,+110.526,+146.630,+99.570,+109.244,+100.506,+129.433,+1.098,+16.351,+4.267,+12.070,+7.000,+9.000,+99.211,+98.864,+125.404,+110.887,+104.407,+104.945,+8.715,+4.359
0,955,+0.000,+0.000,+6.000,+6.000,NaN,NaN,+95.833,+98.590,NaN,NaN,+98.286,+102.855,NaN,NaN,+97.047,+101.507,NaN,NaN,+0.836,+1.684,+0.000,+6.000,NaN,+97.384,NaN,+102.053,NaN,+99.318,NaN,+1.515
0,956,+5.000,+5.000,+13.000,+13.000,+97.729,+98.096,+96.701,+102.699,+101.807,+118.724,+103.705,+124.560,+99.707,+104.009,+101.935,+110.156,+1.810,+7.489,+2.113,+6.353,+5.000,+13.000,+97.913,+102.638,+110.266,+104.634,+101.858,+103.221,+4.422,+0.642
0,957,+3.000,+3.000,+15.000,+15.000,+99.536,+101.734,+96.414,+101.329,+99.536,+101.734,+105.612,+121.359,+99.536,+101.734,+101.170,+110.669,+0.000,+0.000,+2.235,+6.823,+3.000,+15.000,+100.635,+99.253,+100.635,+105.943,+100.635,+103.429,+0.000,+2.227
0,958,+5.000,+5.000,+7.000,+7.000,+96.962,+100.474,+95.613,+100.229,+99.536,+103.582,+100.229,+109.330,+99.021,+101.717,+98.674,+102.567,+1.030,+1.523,+1.627,+3.319,+5.000,+7.000,+100.005,+99.287,+101.559,+100.229,+100.369,+99.845,+0.604,+0.349
0,959,+8.000,+8.000,+8.000,+8.000,+98.821,+100.917,+97.992,+101.127,+106.836,+106.836,+101.547,+144.859,+102.388,+103.717,+100.056,+115.607,+2.754,+1.879,+1.607,+18.038,+8.000,+8.000,+100.369,+101.127,+106.836,+102.123,+103.052,+101.677,+2.225,+0.452
0,960,+6.000,+6.000,+9.000,+9.000,+98.740,+104.579,+95.674,+101.547,+106.756,+116.398,+103.458,+115.214,+100.607,+108.497,+100.895,+108.966,+2.765,+4.452,+3.183,+5.430,+6.000,+9.000,+101.659,+100.357,+107.977,+108.551,+104.552,+103.984,+2.747,+2.101
0,961,+3.000,+3.000,+7.000,+7.000,+97.753,+104.579,+95.432,+99.006,+98.740,+104.579,+101.224,+120.379,+98.411,+104.579,+98.065,+111.017,+0.465,+0.000,+2.338,+6.795,+3.000,+7.000,+101.166,+98.925,+101.659,+101.503,+101.495,+100.440,+0.233,+0.922
0,962,+6.000,+6.000,+6.000,+6.000,+99.536,+101.783,+100.617,+102.308,+101.504,+112.977,+101.992,+115.910,+100.171,+105.009,+101.312,+108.461,+0.728,+4.546,+0.680,+5.186,+6.000,+6.000,+100.660,+101.366,+106.657,+103.096,+102.590,+102.689,+2.399,+0.642
0,963,+6.000,+6.000,+5.000,+5.000,+100.577,+106.836,+96.723,+98.915,+105.813,+109.063,+99.517,+138.790,+104.623,+107.949,+98.211,+118.690,+1.921,+1.113,+1.263,+16.149,+6.000,+5.000,+103.706,+98.120,+107.413,+100.168,+106.286,+99.190,+1.242,+0.831
0,964,+3.000,+3.000,+9.000,+9.000,+97.568,+101.127,+98.249,+101.265,+100.577,+101.286,+104.075,+116.141,+99.459,+101.233,+102.179,+107.470,+1.345,+0.075,+2.023,+4.236,+3.000,+9.000,+99.427,+99.988,+100.932,+104.112,+100.346,+102.986,+0.658,+1.565
0,965,+6.000,+6.000,+10.000,+10.000,+96.236,+98.529,+99.796,+101.075,+101.265,+120.451,+101.728,+103.477,+98.864,+107.290,+100.619,+102.441,+1.556,+9.090,+0.558,+0.773,+6.000,+10.000,+97.382,+101.075,+110.274,+102.428,+103.077,+101.547,+5.153,+0.521
0,966,+5.000,+5.000,+11.000,+11.000,+99.536,+99.536,+98.034,+103.566,+101.127,+104.614,+102.923,+125.373,+100.313,+102.583,+100.714,+113.318,+0.708,+2.487,+1.898,+8.734,+5.000,+11.000,+99.536,+99.442,+102.870,+104.268,+101.448,+102.812,+1.569,+1.538
0,967,+4.000,+4.000,+13.000,+13.000,+99.536,+101.286,+96.373,+103.987,+99.536,+106.127,+103.623,+152.575,+99.536,+102.496,+98.778,+122.323,+0.000,+2.096,+2.569,+17.765,+4.000,+13.000,+100.411,+97.129,+102.832,+104.374,+101.016,+101.525,+1.048,+2.182
0,968,+6.000,+6.000,+7.000,+7.000,+97.753,+97.865,+98.659,+101.145,+99.478,+99.916,+101.215,+112.408,+98.457,+99.152,+99.107,+106.779,+0.636,+0.879,+0.865,+4.362,+6.000,+7.000,+97.809,+98.756,+99.697,+101.994,+98.805,+100.276,+0.737,+0.955
0,969,+4.000,+4.000,+6.000,+6.000,+99.402,+100.855,+99.763,+103.679,+99.536,+106.401,+104.522,+119.204,+99.503,+103.087,+101.773,+110.613,+0.058,+2.335,+2.072,+5.603,+4.000,+6.000,+100.196,+99.764,+102.902,+104.928,+101.295,+102.816,+1.144,+1.785
0,970,+3.000,+3.000,+18.000,+18.000,+100.855,+100.855,+95.904,+103.850,+100.855,+100.855,+110.476,+144.894,+100.855,+100.855,+101.623,+118.523,+0.000,+0.000,+3.801,+12.147,+3.000,+18.000,+100.855,+103.140,+100.855,+114.961,+100.855,+107.812,+0.000,+4.036
0,971,+7.000,+7.000,+14.000,+14.000,+100.855,+101.478,+97.748,+98.882,+111.125,+127.202,+103.347,+139.427,+103.475,+111.104,+99.721,+115.894,+4.117,+9.990,+1.750,+13.970,+7.000,+14.000,+101.167,+98.579,+119.164,+109.365,+107.289,+104.191,+7.026,+3.810
0,972,+4.000,+4.000,+10.000,+10.000,+96.091,+98.195,+96.048,+100.646,+99.110,+106.243,+104.430,+127.844,+97.993,+101.688,+98.767,+114.048,+1.155,+2.953,+2.369,+10.546,+4.000,+10.000,+97.143,+99.368,+102.458,+104.430,+99.840,+101.080,+1.883,+1.598
0,973,+10.000,+10.000,+15.000,+15.000,+98.168,+99.798,+96.516,+101.788,+132.282,+143.590,+102.824,+108.764,+103.890,+108.588,+98.853,+105.939,+9.692,+12.183,+2.386,+1.944,+10.000,+15.000,+99.250,+99.926,+137.936,+105.738,+106.239,+102.691,+10.839,+1.651
0,974,+3.000,+3.000,+6.000,+6.000,+100.855,+111.164,+99.865,+102.630,+100.855,+121.164,+102.630,+119.844,+100.855,+114.497,+100.448,+110.875,+0.000,+4.714,+0.989,+8.033,+3.000,+6.000,+106.010,+101.247,+111.010,+102.630,+107.676,+101.608,+2.357,+0.489
0,975,+9.000,+9.000,+5.000,+5.000,+100.019,+100.267,+95.685,+96.728,+108.685,+136.659,+97.133,+99.191,+102.877,+109.273,+96.264,+97.740,+2.502,+12.099,+0.709,+1.077,+9.000,+5.000,+100.143,+96.207,+122.672,+98.162,+106.075,+97.107,+6.973,+0.846
0,976,+15.000,+15.000,+9.000,+9.000,+96.641,+100.855,+95.121,+100.326,+104.460,+114.479,+103.789,+118.808,+101.657,+106.096,+97.996,+104.756,+2.190,+4.331,+2.791,+6.808,+15.000,+9.000,+98.952,+98.862,+108.704,+106.073,+103.876,+100.535,+2.899,+2.194
0,977,+4.000,+4.000,+6.000,+6.000,+96.441,+96.726,+95.827,+100.875,+98.193,+98.938,+103.108,+104.298,+97.277,+97.815,+98.727,+102.587,+0.838,+1.089,+2.547,+1.711,+4.000,+6.000,+96.583,+97.801,+98.531,+103.703,+97.546,+99.972,+0.963,+1.986
0,978,+6.000,+6.000,+3.000,+3.000,+99.018,+104.158,+100.329,+121.665,+104.298,+124.662,+101.306,+121.665,+102.760,+108.077,+100.980,+121.665,+1.751,+7.448,+0.460,+0.000,+6.000,+3.000,+102.340,+100.818,+113.666,+102.778,+105.418,+102.124,+3.769,+0.924
0,979,+7.000,+7.000,+6.000,+6.000,+97.316,+100.183,+99.173,+101.013,+104.571,+118.850,+101.013,+104.125,+100.466,+106.511,+99.951,+102.569,+2.670,+6.787,+0.828,+1.556,+7.000,+6.000,+99.103,+99.668,+108.532,+102.569,+103.488,+100.766,+3.866,+0.983
0,980,+6.000,+6.000,+4.000,+4.000,+95.481,+96.946,+99.680,+100.753,+98.201,+100.470,+103.386,+126.670,+96.380,+98.106,+102.126,+114.689,+1.001,+1.550,+1.514,+11.965,+6.000,+4.000,+96.213,+100.217,+99.336,+103.533,+97.243,+102.501,+1.227,+1.360
0,981,+5.000,+5.000,+9.000,+9.000,+96.027,+97.192,+95.473,+99.737,+102.001,+140.204,+103.009,+124.200,+100.021,+114.419,+100.023,+114.153,+2.183,+16.175,+2.609,+9.274,+5.000,+9.000,+96.610,+98.267,+120.193,+103.209,+107.220,+102.193,+8.676,+1.537
0,982,+12.000,+12.000,+10.000,+10.000,+96.797,+97.350,+97.100,+100.183,+99.892,+120.509,+100.835,+107.565,+98.667,+102.537,+99.628,+103.001,+1.290,+5.606,+0.943,+2.152,+12.000,+10.000,+97.074,+99.991,+109.607,+101.501,+100.602,+100.603,+2.979,+0.598
0,983,+10.000,+10.000,+9.000,+9.000,+96.649,+96.661,+97.254,+100.642,+105.135,+116.887,+101.600,+131.039,+99.021,+102.108,+99.612,+111.760,+2.327,+5.577,+1.793,+13.686,+10.000,+9.000,+96.655,+100.311,+111.011,+102.366,+100.564,+101.100,+3.839,+0.902
0,984,+5.000,+5.000,+10.000,+10.000,+99.798,+100.306,+97.515,+99.110,+99.798,+112.191,+103.101,+151.330,+99.798,+103.382,+100.712,+120.926,+0.000,+4.608,+2.382,+13.928,+5.000,+10.000,+100.052,+98.313,+105.995,+104.438,+101.590,+102.888,+2.304,+1.751
0,985,+8.000,+8.000,+0.000,+0.000,+97.361,+100.098,NaN,NaN,+102.976,+122.851,NaN,NaN,+100.415,+105.992,NaN,NaN,+1.728,+7.596,NaN,NaN,+8.000,+0.000,+99.921,NaN,+112.913,NaN,+103.204,NaN,+4.284,NaN
0,986,+2.000,+2.000,+6.000,+6.000,+99.798,+108.493,+96.489,+100.509,+99.798,+112.163,+102.788,+122.918,+99.798,+110.328,+98.571,+109.152,+0.000,+1.835,+2.340,+7.665,+2.000,+6.000,+104.146,+98.038,+105.981,+103.161,+105.063,+100.415,+0.918,+2.108
0,987,+12.000,+12.000,+8.000,+8.000,+96.239,+99.974,+99.033,+100.524,+103.669,+109.307,+103.107,+108.186,+100.267,+103.576,+100.666,+102.345,+2.106,+2.937,+1.435,+2.589,+12.000,+8.000,+98.643,+99.778,+106.374,+103.320,+101.922,+101.120,+2.313,+1.306
0,988,+4.000,+4.000,+5.000,+5.000,+97.411,+106.234,+98.061,+100.642,+103.669,+115.180,+98.714,+106.922,+101.570,+112.944,+98.550,+103.332,+2.440,+3.874,+0.253,+2.446,+4.000,+5.000,+101.822,+99.351,+109.424,+101.477,+107.257,+100.692,+3.145,+0.967
0,989,+0.000,+0.000,+0.000,+0.000,NaN,NaN,NaN,NaN,NaN,NaN,NaN,NaN,NaN,NaN,NaN,NaN,NaN,NaN,NaN,NaN,+0.000,+0.000,NaN,NaN,NaN,NaN,NaN,NaN,NaN,NaN
0,990,+1.000,+1.000,+10.000,+10.000,+102.608,+102.623,+98.852,+100.482,+102.608,+102.623,+100.976,+140.359,+102.608,+102.623,+99.447,+111.302,+0.000,+0.000,+0.603,+14.731,+1.000,+10.000,+102.616,+99.074,+102.616,+104.168,+102.616,+101.273,+0.000,+1.833
0,991,+6.000,+6.000,+3.000,+3.000,+99.149,+102.872,+97.398,+99.798,+102.550,+108.397,+99.346,+99.798,+101.105,+105.634,+98.048,+99.798,+1.358,+2.762,+0.918,+0.000,+6.000,+3.000,+101.432,+98.598,+105.305,+99.572,+103.370,+98.923,+1.256,+0.459
0,992,+7.000,+7.000,+6.000,+6.000,+98.433,+100.642,+96.219,+101.143,+101.304,+129.690,+100.154,+137.604,+99.497,+107.460,+98.187,+121.913,+1.050,+9.874,+1.968,+13.450,+7.000,+6.000,+99.538,+98.187,+114.061,+101.184,+103.478,+100.506,+4.925,+1.065
0,993,+5.000,+5.000,+7.000,+7.000,+99.694,+99.829,+98.025,+101.118,+99.743,+123.401,+99.798,+102.897,+99.714,+109.258,+99.256,+101.960,+0.024,+11.548,+0.592,+0.813,+5.000,+7.000,+99.762,+99.461,+111.572,+100.458,+104.486,+99.998,+5.776,+0.343
0,994,+3.000,+3.000,+7.000,+7.000,+96.894,+106.813,+99.480,+100.544,+102.214,+153.843,+100.757,+117.635,+99.562,+125.488,+100.133,+108.990,+2.172,+20.383,+0.494,+5.967,+3.000,+7.000,+104.514,+100.118,+126.711,+103.607,+112.525,+101.233,+10.059,+1.507
0,995,+6.000,+6.000,+6.000,+6.000,+95.678,+97.348,+98.297,+105.889,+100.577,+102.214,+104.297,+121.456,+96.906,+99.809,+99.781,+114.237,+1.824,+2.053,+2.128,+6.718,+6.000,+6.000,+96.513,+99.459,+101.395,+105.319,+98.357,+102.401,+1.632,+2.814
0,996,+5.000,+5.000,+9.000,+9.000,+96.994,+99.560,+100.843,+102.214,+100.577,+102.790,+105.640,+128.891,+98.828,+100.662,+102.554,+112.500,+1.335,+1.383,+1.229,+8.838,+5.000,+9.000,+98.565,+101.529,+101.208,+108.906,+99.745,+104.637,+0.854,+2.101
0,997,+6.000,+6.000,+9.000,+9.000,+97.979,+98.149,+102.328,+104.519,+99.918,+102.170,+108.490,+127.918,+99.063,+100.254,+105.866,+112.242,+0.780,+1.463,+2.318,+7.510,+6.000,+9.000,+98.064,+103.423,+101.044,+109.327,+99.658,+107.490,+1.053,+1.928
0,998,+7.000,+7.000,+9.000,+9.000,+98.274,+99.545,+102.257,+104.911,+102.170,+125.301,+104.349,+116.431,+99.735,+109.420,+102.490,+110.577,+1.187,+8.959,+0.657,+4.053,+7.000,+9.000,+98.910,+102.257,+113.736,+106.032,+104.578,+103.389,+4.862,+1.464
0,999,+3.000,+3.000,+7.000,+7.000,+98.135,+119.696,+98.602,+100.298,+102.170,+119.696,+106.635,+120.289,+100.223,+119.696,+101.653,+110.753,+1.650,+0.000,+2.704,+6.696,+3.000,+7.000,+108.916,+99.450,+110.933,+108.697,+109.960,+103.655,+0.825,+2.745
0,1000,+4.000,+4.000,+7.000,+7.000,+95.747,+99.144,+95.644,+99.635,+97.009,+109.993,+102.257,+117.253,+96.239,+103.397,+99.217,+103.635,+0.475,+4.496,+1.788,+5.754,+4.000,+7.000,+97.549,+99.635,+102.987,+102.407,+99.818,+100.843,+2.175,+1.137
0,1001,+6.000,+6.000,+10.000,+10.000,+98.231,+108.694,+99.635,+102.257,+102.476,+121.210,+103.389,+111.674,+100.768,+112.916,+101.197,+105.658,+1.380,+4.738,+1.435,+2.972,+6.000,+10.000,+104.635,+102.058,+110.893,+104.124,+106.842,+102.764,+2.452,+0.753
0,1002,+14.000,+14.000,+6.000,+6.000,+98.336,+99.082,+101.576,+103.389,+107.301,+125.018,+103.389,+107.809,+101.286,+110.235,+102.767,+104.747,+2.377,+9.625,+0.774,+1.603,+14.000,+6.000,+99.082,+103.174,+116.159,+104.081,+105.761,+103.464,+5.407,+0.286
0,1003,+0.000,+0.000,+13.000,+13.000,NaN,NaN,+97.295,+99.162,NaN,NaN,+107.183,+130.624,NaN,NaN,+100.792,+112.459,NaN,NaN,+2.451,+11.251,+0.000,+13.000,NaN,+99.044,NaN,+108.226,NaN,+103.558,NaN,+3.242
0,1004,+9.000,+9.000,+8.000,+8.000,+98.587,+106.775,+100.144,+100.644,+113.730,+118.239,+105.594,+117.649,+104.846,+111.633,+102.131,+110.413,+4.361,+3.186,+2.012,+6.681,+9.000,+8.000,+103.317,+100.644,+115.984,+108.559,+108.239,+103.923,+3.344,+2.894
0,1005,+0.000,+0.000,+6.000,+6.000,NaN,NaN,+99.221,+100.644,NaN,NaN,+102.406,+134.985,NaN,NaN,+100.358,+118.229,NaN,NaN,+1.225,+12.751,+0.000,+6.000,NaN,+99.932,NaN,+107.466,NaN,+103.901,NaN,+2.457
0,1006,+6.000,+6.000,+3.000,+3.000,+96.919,+100.260,+99.942,+100.644,+101.366,+127.020,+100.211,+116.093,+99.820,+111.037,+100.121,+106.403,+1.378,+11.091,+0.127,+6.892,+6.000,+3.000,+98.589,+100.077,+114.193,+100.623,+105.429,+100.376,+5.951,+0.226
0,1007,+5.000,+5.000,+11.000,+11.000,+98.137,+101.637,+98.207,+100.696,+102.618,+107.064,+102.639,+114.755,+99.992,+103.719,+99.775,+106.388,+1.695,+2.554,+1.208,+4.001,+5.000,+11.000,+99.887,+98.683,+104.619,+103.500,+101.856,+101.184,+1.988,+1.626
0,1008,+3.000,+3.000,+12.000,+12.000,+99.576,+99.576,+102.995,+105.730,+99.576,+99.768,+106.671,+138.374,+99.576,+99.704,+104.809,+115.467,+0.000,+0.090,+1.279,+13.351,+3.000,+12.000,+99.576,+103.888,+99.672,+106.861,+99.640,+105.794,+0.045,+0.796
0,1009,+6.000,+6.000,+17.000,+17.000,+98.543,+99.983,+98.329,+104.518,+104.853,+135.597,+107.039,+130.854,+100.283,+113.364,+102.719,+114.157,+2.078,+14.112,+2.646,+9.886,+6.000,+17.000,+99.263,+103.212,+117.587,+112.021,+106.824,+106.439,+7.516,+2.587
0,1010,+4.000,+4.000,+1.000,+1.000,+99.576,+99.576,+97.624,+98.973,+101.569,+110.184,+97.624,+98.973,+100.074,+107.532,+97.624,+98.973,+0.863,+4.593,+0.000,+0.000,+4.000,+1.000,+99.576,+98.299,+105.877,+98.299,+103.803,+98.299,+2.474,+0.000
0,1011,+10.000,+10.000,+12.000,+12.000,+95.494,+99.768,+100.727,+104.953,+106.620,+115.892,+106.906,+124.660,+99.770,+105.552,+103.030,+110.560,+3.235,+6.042,+1.679,+5.364,+10.000,+12.000,+98.095,+103.574,+111.256,+107.103,+102.661,+104.055,+4.354,+0.965
0,1012,+10.000,+10.000,+7.000,+7.000,+99.576,+101.826,+98.695,+103.372,+103.869,+111.909,+103.440,+109.471,+100.947,+104.899,+101.215,+104.773,+1.341,+3.581,+1.842,+1.982,+10.000,+7.000,+100.744,+100.923,+107.889,+103.574,+102.923,+102.567,+2.176,+1.057
0,1013,+14.000,+14.000,+0.000,+0.000,+96.564,+99.770,NaN,NaN,+105.434,+117.355,NaN,NaN,+100.695,+105.186,NaN,NaN,+1.861,+6.486,NaN,NaN,+14.000,+0.000,+98.167,NaN,+111.394,NaN,+102.941,NaN,+3.853,NaN
0,1014,+12.000,+12.000,+3.000,+3.000,+100.701,+101.458,+97.395,+101.458,+111.865,+138.560,+98.864,+101.458,+102.919,+111.880,+98.374,+101.458,+3.003,+14.546,+0.693,+0.000,+12.000,+3.000,+101.458,+98.129,+125.212,+100.161,+107.400,+99.484,+8.293,+0.958
0,1015,+15.000,+15.000,+6.000,+6.000,+97.259,+101.227,+96.968,+99.899,+104.029,+115.859,+99.899,+101.458,+101.044,+104.259,+98.456,+100.679,+1.835,+4.284,+1.015,+0.780,+15.000,+6.000,+99.314,+99.381,+109.721,+100.415,+102.652,+99.843,+2.806,+0.378
0,1016,+11.000,+11.000,+0.000,+0.000,+100.035,+102.550,NaN,NaN,+104.029,+108.869,NaN,NaN,+102.899,+105.744,NaN,NaN,+1.021,+2.267,NaN,NaN,+11.000,+0.000,+101.539,NaN,+106.449,NaN,+104.322,NaN,+1.506,NaN
0,1017,+7.000,+7.000,+3.000,+3.000,+100.009,+100.611,+99.746,+114.301,+104.029,+110.463,+99.746,+114.301,+101.423,+103.574,+99.746,+114.301,+1.349,+3.146,+0.000,+0.000,+7.000,+3.000,+100.443,+99.761,+105.236,+100.885,+102.498,+100.136,+1.699,+0.530
0,1018,+9.000,+9.000,+6.000,+6.000,+98.476,+104.029,+99.777,+101.320,+102.052,+127.037,+106.620,+142.864,+99.760,+109.851,+101.957,+118.912,+1.033,+8.615,+2.669,+15.436,+9.000,+6.000,+101.253,+100.966,+113.787,+106.852,+104.806,+102.697,+4.457,+2.210
0,1019,+6.000,+6.000,+9.000,+9.000,+97.546,+109.898,+101.480,+106.734,+108.227,+119.144,+107.085,+169.133,+101.467,+114.854,+104.379,+121.778,+3.258,+2.827,+2.361,+23.433,+6.000,+9.000,+105.300,+105.134,+111.306,+111.960,+108.161,+106.925,+2.076,+1.940
0,1020,+6.000,+6.000,+8.000,+8.000,+97.524,+101.817,+100.675,+103.510,+101.098,+104.474,+106.734,+125.897,+98.619,+103.145,+104.919,+115.198,+1.427,+1.329,+2.047,+8.446,+6.000,+8.000,+99.671,+101.544,+102.786,+110.708,+100.882,+106.965,+1.257,+3.069
0,1021,+6.000,+6.000,+13.000,+13.000,+97.695,+103.147,+100.916,+103.256,+104.987,+129.630,+104.474,+131.994,+101.023,+116.388,+102.425,+112.724,+2.730,+13.241,+1.217,+9.711,+6.000,+13.000,+100.421,+102.695,+117.308,+106.126,+108.706,+104.514,+7.689,+1.207
0,1022,+8.000,+8.000,+2.000,+2.000,+100.077,+100.896,+98.970,+100.841,+104.389,+105.406,+100.841,+104.314,+102.001,+103.549,+99.905,+102.578,+1.757,+1.602,+0.936,+1.736,+8.000,+2.000,+100.487,+100.841,+104.511,+100.851,+102.775,+100.846,+1.513,+0.005
0,1023,+9.000,+9.000,+3.000,+3.000,+98.515,+98.832,+100.841,+101.182,+104.314,+122.254,+101.125,+118.443,+101.634,+106.091,+100.939,+110.885,+2.200,+6.444,+0.131,+7.209,+9.000,+3.000,+98.803,+101.011,+112.926,+102.190,+103.863,+101.752,+3.789,+0.526
0,1024,+15.000,+15.000,+3.000,+3.000,+97.138,+100.129,+100.105,+103.117,+105.438,+120.500,+100.532,+107.525,+101.181,+105.525,+100.390,+104.808,+2.882,+5.236,+0.202,+1.940,+15.000,+3.000,+98.676,+100.105,+110.092,+100.532,+103.353,+100.390,+2.979,+0.202
0,1025,+13.000,+13.000,+8.000,+8.000,+99.400,+101.213,+95.954,+99.913,+107.074,+111.631,+98.990,+127.611,+103.454,+105.382,+98.168,+105.753,+1.653,+3.074,+1.066,+9.369,+13.000,+8.000,+100.307,+97.217,+109.353,+99.916,+104.418,+98.875,+2.242,+0.992
0,1026,+10.000,+10.000,+0.000,+0.000,+99.203,+99.203,NaN,NaN,+101.526,+107.771,NaN,NaN,+100.649,+102.095,NaN,NaN,+0.603,+2.131,NaN,NaN,+10.000,+0.000,+99.203,NaN,+104.243,NaN,+101.372,NaN,+1.222,NaN
0,1027,+6.000,+6.000,+9.000,+9.000,+97.106,+99.614,+96.827,+106.406,+100.781,+101.061,+106.406,+119.693,+98.740,+100.338,+103.188,+111.209,+1.275,+0.723,+2.631,+4.296,+6.000,+9.000,+98.572,+105.242,+100.921,+109.269,+99.539,+106.946,+0.849,+1.529
0,1028,+18.000,+18.000,+6.000,+6.000,+98.588,+100.113,+98.990,+99.746,+105.050,+106.653,+98.990,+108.969,+101.590,+104.386,+98.990,+104.610,+2.345,+2.698,+0.000,+2.707,+18.000,+6.000,+99.493,+98.990,+105.851,+102.025,+102.988,+100.400,+2.234,+1.426
0,1029,+11.000,+11.000,+3.000,+3.000,+95.597,+96.365,+103.765,+107.136,+99.129,+107.758,+104.277,+107.136,+97.742,+99.534,+103.935,+107.136,+1.162,+2.741,+0.241,+0.000,+11.000,+3.000,+95.981,+103.765,+103.443,+104.608,+98.638,+104.046,+1.754,+0.398
0,1030,+3.000,+3.000,+9.000,+9.000,+101.851,+133.126,+96.978,+102.035,+102.105,+133.126,+104.891,+125.285,+102.020,+133.126,+102.232,+115.811,+0.120,+0.000,+2.247,+8.128,+3.000,+9.000,+117.488,+99.506,+117.615,+106.730,+117.573,+103.664,+0.060,+1.822
0,1031,+14.000,+14.000,+4.000,+4.000,+96.163,+99.129,+101.842,+101.851,+107.112,+131.117,+102.827,+106.661,+101.256,+105.521,+102.307,+103.728,+3.070,+8.174,+0.370,+1.857,+14.000,+4.000,+97.955,+101.847,+119.115,+103.636,+103.388,+102.831,+5.381,+0.719
0,1032,+3.000,+3.000,+0.000,+0.000,+99.110,+99.129,NaN,NaN,+99.129,+99.129,NaN,NaN,+99.123,+99.129,NaN,NaN,+0.009,+0.000,NaN,NaN,+3.000,+0.000,+99.120,NaN,+99.129,NaN,+99.126,NaN,+0.005,NaN
0,1033,+7.000,+7.000,+5.000,+5.000,+95.849,+96.071,+101.252,+101.593,+101.593,+132.489,+101.842,+111.371,+99.067,+113.355,+101.606,+103.852,+1.800,+16.620,+0.289,+3.775,+7.000,+5.000,+95.960,+101.422,+117.041,+101.842,+106.211,+101.674,+9.027,+0.206
0,1034,+11.000,+11.000,+6.000,+6.000,+96.447,+99.110,+98.525,+99.804,+103.408,+117.146,+101.792,+104.575,+100.366,+106.499,+101.115,+102.620,+2.068,+5.389,+1.160,+1.410,+11.000,+6.000,+97.779,+99.165,+108.128,+103.084,+103.432,+101.881,+3.187,+1.287
0,1035,+3.000,+3.000,+11.000,+11.000,+97.248,+103.998,+100.006,+101.842,+101.842,+116.998,+112.354,+125.882,+99.637,+112.665,+102.996,+111.913,+1.880,+6.128,+3.619,+7.459,+3.000,+11.000,+101.910,+101.438,+109.420,+112.907,+106.151,+105.586,+3.142,+3.789
0,1036,+6.000,+6.000,+3.000,+3.000,+99.319,+99.557,+97.088,+113.121,+99.661,+113.876,+102.597,+113.121,+99.510,+104.550,+100.310,+113.121,+0.101,+6.611,+2.344,+0.000,+6.000,+3.000,+99.438,+101.920,+106.769,+106.205,+102.030,+103.665,+3.334,+1.838
0,1037,+11.000,+11.000,+3.000,+3.000,+99.549,+100.310,+97.884,+123.674,+104.333,+110.498,+110.984,+123.674,+101.096,+103.664,+103.752,+123.674,+1.469,+2.689,+5.434,+0.000,+11.000,+3.000,+99.930,+100.384,+107.415,+110.984,+102.380,+106.018,+2.000,+4.353
0,1038,+6.000,+6.000,+1.000,+1.000,+98.294,+102.166,+99.342,+101.519,+102.281,+102.281,+99.342,+101.519,+100.619,+102.223,+99.342,+101.519,+1.676,+0.058,+0.000,+0.000,+6.000,+1.000,+100.287,+100.431,+102.281,+100.431,+101.421,+100.431,+0.821,+0.000
0,1039,+14.000,+14.000,+3.000,+3.000,+96.020,+100.622,+98.111,+112.693,+103.106,+143.301,+101.159,+112.693,+100.487,+106.686,+100.143,+112.693,+1.965,+10.963,+1.437,+0.000,+14.000,+3.000,+98.402,+99.635,+120.375,+104.549,+103.587,+102.663,+5.237,+2.163
0,1040,+4.000,+4.000,+8.000,+8.000,+95.924,+99.562,+101.028,+103.872,+102.123,+113.515,+106.004,+110.444,+99.761,+107.371,+102.803,+106.616,+2.313,+5.500,+1.686,+2.112,+4.000,+8.000,+97.743,+103.004,+107.007,+106.408,+103.566,+105.031,+3.589,+1.202
0,1041,+9.000,+9.000,+6.000,+6.000,+100.499,+100.837,+99.471,+103.872,+106.451,+112.079,+103.481,+142.779,+102.819,+105.829,+102.566,+116.974,+2.358,+3.939,+1.391,+16.541,+9.000,+6.000,+100.668,+103.489,+109.265,+103.676,+104.324,+103.555,+2.954,+0.086
0,1042,+15.000,+15.000,+7.000,+7.000,+95.744,+99.579,+100.159,+101.308,+102.766,+126.579,+101.918,+104.592,+99.937,+106.768,+101.022,+103.618,+1.875,+8.536,+0.559,+1.168,+15.000,+7.000,+98.588,+101.276,+113.663,+103.255,+103.352,+101.712,+4.492,+0.647
0,1043,+12.000,+12.000,+3.000,+3.000,+97.872,+100.453,+101.910,+106.027,+102.564,+113.556,+102.502,+106.027,+100.692,+108.731,+102.107,+106.027,+1.310,+5.144,+0.279,+0.000,+12.000,+3.000,+100.078,+102.206,+107.839,+102.897,+104.711,+102.568,+2.715,+0.283
0,1044,+17.000,+17.000,+7.000,+7.000,+99.701,+102.123,+100.072,+101.587,+107.131,+137.236,+102.865,+111.395,+102.030,+110.159,+101.424,+105.607,+1.562,+10.281,+1.198,+3.383,+17.000,+7.000,+100.912,+100.830,+119.681,+103.605,+106.094,+102.812,+5.321,+0.914
0,1045,+13.000,+13.000,+3.000,+3.000,+97.964,+99.288,+101.587,+104.725,+106.451,+139.602,+101.662,+109.266,+102.114,+115.549,+101.612,+106.279,+2.474,+14.091,+0.036,+2.112,+13.000,+3.000,+99.013,+103.194,+120.735,+103.263,+108.832,+103.225,+7.279,+0.029
0,1046,+6.000,+6.000,+5.000,+5.000,+99.193,+102.409,+101.587,+102.618,+103.746,+133.517,+104.142,+104.142,+101.424,+117.963,+102.597,+103.227,+1.397,+15.554,+1.237,+0.746,+6.000,+5.000,+102.072,+102.102,+118.631,+104.142,+109.693,+102.912,+7.652,+0.992
0,1047,+9.000,+9.000,+6.000,+6.000,+99.850,+103.640,+100.265,+104.142,+105.554,+149.445,+104.081,+113.198,+101.842,+122.339,+102.451,+108.670,+1.437,+17.271,+1.722,+4.528,+9.000,+6.000,+102.687,+104.081,+125.453,+104.081,+112.091,+104.081,+8.668,+0.000
0,1048,+12.000,+12.000,+9.000,+9.000,+97.066,+99.559,+97.799,+104.681,+104.081,+130.187,+116.527,+123.077,+100.992,+108.662,+103.966,+111.586,+2.241,+12.469,+5.258,+6.645,+12.000,+9.000,+98.514,+104.411,+117.134,+119.802,+104.827,+108.232,+7.191,+5.427
0,1049,+6.000,+6.000,+2.000,+2.000,+96.614,+98.525,+97.281,+97.734,+99.182,+112.160,+97.281,+97.734,+98.136,+101.761,+97.281,+97.734,+1.091,+4.883,+0.000,+0.000,+6.000,+2.000,+97.569,+97.508,+105.671,+97.508,+99.949,+97.508,+2.759,+0.000
0,1050,+5.000,+5.000,+8.000,+8.000,+96.957,+97.709,+96.163,+101.405,+104.081,+109.691,+97.783,+116.527,+99.654,+104.898,+96.865,+110.467,+2.557,+5.870,+0.631,+6.020,+5.000,+8.000,+97.333,+96.973,+106.886,+105.594,+102.276,+99.769,+4.013,+3.523
0,1051,+11.000,+11.000,+6.000,+6.000,+98.586,+98.806,+96.268,+104.650,+110.672,+131.031,+102.641,+115.640,+104.453,+113.995,+99.521,+110.145,+4.578,+10.994,+2.682,+5.495,+11.000,+6.000,+98.696,+99.411,+120.851,+103.361,+109.224,+101.560,+7.354,+1.512
0,1052,+8.000,+8.000,+10.000,+10.000,+98.375,+102.380,+100.354,+107.884,+104.081,+125.461,+114.999,+132.939,+101.323,+110.402,+107.036,+119.461,+1.832,+9.715,+4.374,+10.563,+8.000,+10.000,+100.541,+107.286,+114.771,+118.220,+105.863,+111.555,+5.081,+3.655
0,1053,+7.000,+7.000,+13.000,+13.000,+95.990,+98.200,+96.955,+105.590,+100.391,+105.532,+109.073,+126.919,+98.113,+100.601,+102.106,+115.227,+1.429,+2.191,+4.208,+7.874,+7.000,+13.000,+97.579,+98.612,+100.761,+112.065,+99.357,+107.304,+1.088,+4.420
0,1054,+3.000,+3.000,+14.000,+14.000,+96.731,+102.032,+102.342,+103.281,+100.645,+111.734,+110.628,+132.904,+99.340,+106.391,+104.785,+116.899,+1.845,+4.021,+2.580,+8.257,+3.000,+14.000,+101.070,+103.157,+106.189,+111.465,+102.866,+106.586,+2.353,+2.579
0,1055,+6.000,+6.000,+9.000,+9.000,+98.073,+100.021,+99.076,+103.034,+100.021,+111.460,+102.235,+117.610,+98.979,+105.241,+100.264,+107.892,+0.759,+5.315,+0.986,+6.871,+6.000,+9.000,+99.304,+100.065,+105.023,+102.634,+102.110,+101.375,+2.588,+0.953
0,1056,+0.000,+0.000,+0.000,+0.000,NaN,NaN,NaN,NaN,NaN,NaN,NaN,NaN,NaN,NaN,NaN,NaN,NaN,NaN,NaN,NaN,+0.000,+0.000,NaN,NaN,NaN,NaN,NaN,NaN,NaN,NaN
0,1057,+13.000,+13.000,+6.000,+6.000,+98.073,+98.073,+96.076,+98.548,+104.527,+134.606,+100.645,+118.949,+99.924,+109.406,+97.525,+105.535,+1.656,+12.640,+1.774,+9.487,+13.000,+6.000,+98.073,+96.595,+117.644,+101.113,+104.665,+98.394,+6.564,+1.595
0,1058,+5.000,+5.000,+3.000,+3.000,+96.613,+101.401,+99.740,+100.645,+104.969,+105.335,+100.645,+100.645,+101.707,+103.761,+100.041,+100.645,+2.987,+1.927,+0.426,+0.000,+5.000,+3.000,+99.007,+100.192,+105.152,+100.645,+102.734,+100.343,+2.388,+0.213
0,1059,+9.000,+9.000,+6.000,+6.000,+101.944,+102.620,+99.541,+101.278,+104.012,+118.303,+99.740,+115.918,+103.222,+108.752,+99.641,+104.735,+0.804,+6.019,+0.099,+5.191,+9.000,+6.000,+102.282,+99.641,+110.668,+100.650,+105.987,+100.098,+3.086,+0.460
0,1060,+17.000,+17.000,+4.000,+4.000,+97.057,+99.716,+104.596,+106.640,+108.042,+111.444,+105.044,+132.724,+101.937,+105.068,+104.708,+119.386,+3.003,+3.324,+0.194,+10.234,+17.000,+4.000,+98.387,+104.820,+109.743,+118.660,+103.502,+108.791,+3.024,+5.713
0,1061,+3.000,+3.000,+7.000,+7.000,+96.159,+105.542,+104.043,+104.596,+97.977,+105.542,+106.930,+113.652,+97.114,+105.542,+105.585,+109.780,+0.745,+0.000,+1.338,+3.529,+3.000,+7.000,+100.850,+104.320,+101.759,+110.165,+101.328,+107.561,+0.373,+2.487
0,1062,+3.000,+3.000,+10.000,+10.000,+101.267,+103.449,+104.752,+106.678,+101.303,+103.449,+111.956,+118.613,+101.289,+103.449,+107.727,+113.180,+0.016,+0.000,+2.880,+4.180,+3.000,+10.000,+102.358,+105.818,+102.376,+116.665,+102.369,+109.929,+0.008,+3.541
0,1063,+9.000,+9.000,+9.000,+9.000,+98.353,+98.794,+98.420,+106.904,+100.526,+101.303,+105.635,+129.904,+99.058,+100.191,+101.753,+116.925,+0.881,+0.958,+2.386,+9.994,+9.000,+9.000,+98.717,+99.844,+100.526,+106.607,+99.625,+104.259,+0.743,+1.863
0,1064,+6.000,+6.000,+0.000,+0.000,+96.455,+98.307,NaN,NaN,+100.259,+111.580,NaN,NaN,+98.311,+102.844,NaN,NaN,+1.560,+5.666,NaN,NaN,+6.000,+0.000,+97.381,NaN,+105.919,NaN,+100.578,NaN,+3.501,NaN
0,1065,+6.000,+6.000,+5.000,+5.000,+101.297,+101.297,+97.671,+98.978,+114.339,+114.339,+100.166,+128.146,+106.122,+109.769,+98.874,+112.391,+5.186,+5.686,+0.790,+13.079,+6.000,+5.000,+101.297,+98.325,+114.339,+101.625,+107.946,+99.886,+4.893,+1.076
0,1066,+12.000,+12.000,+14.000,+14.000,+99.860,+102.607,+99.054,+102.648,+107.706,+110.226,+108.884,+136.968,+104.663,+106.635,+101.557,+114.408,+2.094,+1.901,+2.656,+10.016,+12.000,+14.000,+101.233,+101.479,+107.706,+110.522,+105.649,+105.370,+1.749,+3.288
0,1067,+10.000,+10.000,+6.000,+6.000,+99.017,+101.267,+99.269,+104.570,+102.060,+105.087,+101.686,+151.157,+101.248,+102.582,+100.340,+124.088,+0.812,+1.446,+0.780,+17.196,+10.000,+6.000,+100.142,+100.508,+103.573,+102.113,+101.915,+101.644,+0.958,+0.544
0,1068,+9.000,+9.000,+6.000,+6.000,+98.729,+108.053,+97.353,+104.744,+101.749,+149.604,+104.658,+116.765,+101.057,+122.549,+102.600,+108.843,+0.990,+16.649,+2.710,+4.251,+9.000,+6.000,+104.710,+102.045,+125.485,+105.697,+111.803,+104.163,+8.228,+1.384
0,1069,+8.000,+8.000,+3.000,+3.000,+95.978,+100.370,+98.554,+102.209,+124.331,+129.665,+101.749,+102.209,+105.355,+119.564,+100.684,+102.209,+8.908,+11.445,+1.506,+0.000,+8.000,+3.000,+98.174,+100.151,+124.473,+101.979,+112.460,+101.370,+9.053,+0.862
0,1070,+4.000,+4.000,+0.000,+0.000,+96.594,+101.671,NaN,NaN,+101.671,+104.855,NaN,NaN,+99.299,+102.467,NaN,NaN,+2.042,+1.379,NaN,NaN,+4.000,+0.000,+99.133,NaN,+101.671,NaN,+100.883,NaN,+1.022,NaN
0,1071,+14.000,+14.000,+9.000,+9.000,+97.991,+98.109,+100.784,+104.924,+121.567,+127.151,+108.922,+123.394,+101.997,+111.651,+103.974,+109.283,+5.660,+11.618,+2.323,+5.356,+14.000,+9.000,+98.050,+102.885,+124.359,+109.213,+106.824,+105.445,+7.416,+2.347
0,1072,+3.000,+3.000,+7.000,+7.000,+100.003,+101.749,+100.315,+103.091,+100.991,+101.749,+108.290,+123.353,+100.332,+101.749,+102.921,+109.478,+0.466,+0.000,+2.763,+7.042,+3.000,+7.000,+100.876,+102.306,+101.370,+115.821,+101.040,+105.511,+0.233,+4.384
0,1073,+13.000,+13.000,+3.000,+3.000,+96.743,+98.904,+99.369,+99.625,+107.966,+126.729,+99.923,+113.170,+101.045,+105.900,+99.738,+106.248,+3.012,+7.881,+0.261,+5.534,+13.000,+3.000,+97.824,+99.497,+115.104,+101.548,+103.472,+100.397,+5.122,+0.856
0,1074,+8.000,+8.000,+6.000,+6.000,+99.923,+100.266,+97.097,+102.648,+106.760,+166.860,+101.024,+128.222,+100.912,+123.129,+99.405,+109.837,+2.228,+22.004,+1.258,+9.658,+8.000,+6.000,+100.115,+99.287,+133.830,+101.471,+112.021,+100.831,+11.600,+0.733
0,1075,+4.000,+4.000,+1.000,+1.000,+99.428,+129.514,+98.840,+107.746,+100.003,+130.686,+98.840,+107.746,+99.572,+130.393,+98.840,+107.746,+0.249,+0.507,+0.000,+0.000,+4.000,+1.000,+114.471,+100.142,+115.344,+100.142,+114.982,+100.142,+0.317,+0.000
0,1076,+9.000,+9.000,+9.000,+9.000,+98.600,+104.146,+98.103,+99.923,+107.465,+117.620,+101.445,+106.843,+101.631,+107.775,+99.062,+102.002,+2.827,+4.435,+1.077,+2.275,+9.000,+9.000,+102.074,+99.053,+108.110,+101.445,+104.703,+100.228,+2.208,+0.918
0,1077,+11.000,+11.000,+6.000,+6.000,+97.919,+99.923,+100.963,+101.445,+104.146,+170.343,+101.445,+101.667,+100.509,+121.185,+101.204,+101.556,+1.931,+30.150,+0.241,+0.111,+11.000,+6.000,+99.552,+101.445,+136.917,+101.556,+110.847,+101.463,+15.568,+0.041
0,1078,+5.000,+5.000,+8.000,+8.000,+98.079,+98.586,+100.877,+109.850,+99.647,+101.039,+102.817,+135.074,+98.444,+99.824,+101.267,+120.872,+0.610,+0.776,+0.615,+8.635,+5.000,+8.000,+98.460,+101.416,+99.749,+110.864,+99.134,+105.330,+0.465,+2.796
0,1079,+9.000,+9.000,+0.000,+0.000,+96.779,+100.661,NaN,NaN,+105.534,+118.830,NaN,NaN,+100.879,+107.507,NaN,NaN,+2.160,+8.047,NaN,NaN,+9.000,+0.000,+98.720,NaN,+112.182,NaN,+104.193,NaN,+4.604,NaN
0,1080,+10.000,+10.000,+4.000,+4.000,+96.615,+96.883,+100.797,+101.483,+115.355,+128.397,+101.483,+112.763,+102.367,+112.314,+100.969,+104.303,+4.889,+12.073,+0.297,+4.885,+10.000,+4.000,+96.749,+100.838,+116.785,+101.483,+107.340,+101.236,+7.126,+0.269
0,1081,+6.000,+6.000,+7.000,+7.000,+100.265,+100.584,+98.310,+104.986,+100.829,+108.383,+109.888,+111.156,+100.458,+104.483,+103.561,+107.098,+0.192,+3.900,+4.042,+2.615,+6.000,+7.000,+100.470,+100.874,+104.606,+110.522,+102.471,+105.437,+2.002,+3.072
0,1082,+6.000,+6.000,+8.000,+8.000,+101.112,+101.112,+98.298,+105.848,+101.191,+118.567,+106.175,+109.153,+101.161,+109.860,+103.549,+107.959,+0.027,+8.707,+2.822,+1.545,+6.000,+8.000,+101.112,+102.073,+109.879,+107.664,+105.510,+105.986,+4.357,+1.794
0,1083,+3.000,+3.000,+12.000,+12.000,+96.626,+113.647,+100.004,+106.209,+101.112,+113.647,+106.504,+115.455,+98.732,+113.647,+103.588,+108.731,+1.841,+0.000,+2.629,+3.017,+3.000,+12.000,+105.137,+104.691,+107.379,+107.329,+106.189,+106.105,+0.921,+0.648
0,1084,+13.000,+13.000,+0.000,+0.000,+97.460,+99.667,NaN,NaN,+105.844,+135.993,NaN,NaN,+101.786,+111.057,NaN,NaN,+2.687,+10.296,NaN,NaN,+13.000,+0.000,+98.563,NaN,+119.734,NaN,+106.422,NaN,+5.828,NaN
0,1085,+0.000,+0.000,+9.000,+9.000,NaN,NaN,+100.402,+101.439,NaN,NaN,+103.839,+109.139,NaN,NaN,+101.524,+105.628,NaN,NaN,+1.119,+3.114,+0.000,+9.000,NaN,+101.439,NaN,+105.007,NaN,+102.941,NaN,+1.300
0,1086,+15.000,+15.000,+10.000,+10.000,+97.015,+98.233,+96.632,+101.637,+114.382,+127.606,+101.216,+113.630,+102.567,+111.605,+100.226,+103.121,+4.515,+10.589,+1.417,+3.538,+15.000,+10.000,+97.624,+101.203,+119.200,+101.427,+107.086,+101.315,+6.816,+0.112
0,1087,+8.000,+8.000,+10.000,+10.000,+98.048,+101.191,+98.807,+99.202,+102.198,+105.634,+104.021,+113.512,+100.347,+102.359,+99.867,+103.838,+1.228,+1.892,+1.573,+4.519,+8.000,+10.000,+99.695,+99.186,+103.916,+104.688,+101.353,+100.776,+1.216,+2.417
0,1088,+12.000,+12.000,+12.000,+12.000,+98.855,+99.291,+98.722,+104.688,+105.484,+113.899,+104.688,+128.448,+101.208,+104.683,+100.430,+115.319,+1.943,+4.229,+2.031,+9.104,+12.000,+12.000,+99.073,+103.186,+108.626,+107.064,+102.946,+104.915,+2.804,+1.387
0,1089,+3.000,+3.000,+12.000,+12.000,+100.563,+123.229,+99.205,+106.463,+100.592,+130.229,+109.412,+135.255,+100.582,+125.562,+104.457,+117.799,+0.014,+3.300,+2.775,+11.976,+3.000,+12.000,+111.896,+104.844,+115.410,+110.307,+113.072,+106.994,+1.653,+1.893
0,1090,+19.000,+19.000,+12.000,+12.000,+99.287,+103.352,+95.251,+103.276,+107.805,+127.804,+107.437,+129.247,+103.659,+109.125,+101.649,+115.141,+2.227,+7.152,+3.713,+8.346,+19.000,+12.000,+102.284,+101.972,+114.289,+110.844,+106.392,+105.387,+4.043,+3.280
0,1091,+10.000,+10.000,+9.000,+9.000,+95.420,+95.747,+99.004,+104.748,+103.300,+119.209,+106.029,+123.220,+100.169,+105.827,+102.033,+113.108,+2.468,+7.525,+2.351,+5.715,+10.000,+9.000,+95.683,+102.680,+110.024,+106.802,+102.998,+104.479,+4.531,+1.523
0,1092,+8.000,+8.000,+3.000,+3.000,+96.613,+97.010,+101.204,+110.348,+100.867,+124.014,+103.289,+110.348,+98.937,+105.004,+102.353,+110.348,+1.552,+8.931,+0.864,+0.000,+8.000,+3.000,+96.811,+101.885,+112.441,+104.510,+101.970,+103.108,+5.123,+1.079
0,1093,+10.000,+10.000,+10.000,+10.000,+97.107,+98.594,+101.204,+105.189,+104.677,+137.754,+107.262,+144.986,+100.223,+115.140,+103.514,+126.374,+2.654,+15.520,+2.481,+17.236,+10.000,+10.000,+98.494,+103.206,+118.287,+119.671,+107.682,+107.855,+7.574,+4.700
0,1094,+13.000,+13.000,+3.000,+3.000,+100.117,+101.617,+96.429,+109.542,+108.718,+120.783,+100.496,+150.542,+103.385,+109.059,+98.738,+136.875,+2.077,+6.522,+1.706,+19.328,+13.000,+3.000,+101.490,+98.462,+114.750,+101.507,+106.222,+99.954,+3.726,+1.244
0,1095,+13.000,+13.000,+9.000,+9.000,+96.040,+100.016,+97.761,+100.867,+110.849,+120.698,+100.867,+122.008,+103.838,+111.386,+100.003,+106.000,+3.776,+6.960,+0.920,+7.776,+13.000,+9.000,+98.173,+99.314,+115.774,+101.907,+107.612,+100.644,+4.901,+0.660
0,1096,+9.000,+9.000,+3.000,+3.000,+96.703,+99.506,+99.983,+109.133,+107.506,+111.499,+99.983,+109.133,+103.068,+106.888,+99.983,+109.133,+4.024,+3.373,+0.000,+0.000,+9.000,+3.000,+99.284,+100.425,+108.413,+100.425,+104.978,+100.425,+3.123,+0.000
0,1097,+6.000,+6.000,+0.000,+0.000,+99.564,+102.682,NaN,NaN,+104.374,+151.210,NaN,NaN,+102.233,+120.862,NaN,NaN,+1.599,+18.918,NaN,NaN,+6.000,+0.000,+101.123,NaN,+127.792,NaN,+111.547,NaN,+10.158,NaN
0,1098,+7.000,+7.000,+7.000,+7.000,+96.695,+98.794,+99.983,+101.952,+103.020,+104.374,+103.486,+135.150,+100.957,+103.210,+101.326,+117.141,+2.188,+1.846,+1.388,+15.614,+7.000,+7.000,+97.744,+101.644,+103.402,+105.787,+102.084,+103.152,+1.895,+1.314
0,1099,+6.000,+6.000,+5.000,+5.000,+99.013,+100.592,+98.229,+98.842,+101.184,+101.625,+103.721,+106.264,+100.363,+101.238,+101.200,+103.803,+0.693,+0.430,+1.905,+3.119,+6.000,+5.000,+100.306,+98.536,+101.201,+104.047,+100.801,+101.684,+0.374,+1.873
0,1100,+14.000,+14.000,+10.000,+10.000,+98.981,+101.184,+98.153,+100.592,+112.646,+151.355,+101.636,+108.614,+102.117,+110.736,+100.418,+101.949,+3.267,+17.036,+0.831,+2.260,+14.000,+10.000,+100.278,+100.592,+128.242,+101.636,+106.427,+100.792,+9.223,+0.339
0,1101,+4.000,+4.000,+1.000,+1.000,+98.282,+103.094,+100.274,+100.379,+105.145,+111.466,+100.274,+100.379,+101.299,+107.185,+100.274,+100.379,+2.470,+2.997,+0.000,+0.000,+4.000,+1.000,+102.133,+100.326,+106.441,+100.326,+104.242,+100.326,+2.001,+0.000
0,1102,+5.000,+5.000,+9.000,+9.000,+97.179,+101.840,+99.431,+101.840,+100.595,+105.310,+100.952,+115.951,+99.583,+103.228,+100.421,+106.542,+1.351,+1.700,+0.567,+5.722,+5.000,+9.000,+100.416,+100.032,+102.952,+103.087,+101.406,+101.353,+0.834,+1.075
0,1103,+13.000,+13.000,+7.000,+7.000,+100.556,+103.071,+99.311,+100.903,+112.804,+139.426,+101.636,+106.675,+105.779,+123.112,+99.669,+102.262,+3.675,+11.164,+0.803,+1.827,+13.000,+7.000,+101.828,+99.464,+122.235,+101.808,+114.445,+100.648,+6.264,+0.804
0,1104,+6.000,+6.000,+6.000,+6.000,+99.235,+99.916,+99.046,+101.369,+101.335,+112.681,+101.369,+133.195,+100.275,+103.492,+100.385,+113.327,+0.786,+4.656,+0.872,+12.525,+6.000,+6.000,+99.576,+100.208,+106.299,+101.608,+101.884,+101.150,+2.441,+0.462
0,1105,+10.000,+10.000,+11.000,+11.000,+100.460,+102.335,+97.958,+110.992,+106.010,+123.323,+114.795,+122.779,+102.600,+107.237,+107.272,+116.470,+1.748,+6.801,+4.760,+5.091,+10.000,+11.000,+101.742,+105.380,+112.946,+116.959,+104.919,+111.352,+3.917,+3.348
0,1106,+17.000,+17.000,+3.000,+3.000,+99.237,+100.317,+95.194,+101.636,+123.101,+134.073,+96.435,+101.636,+104.873,+117.692,+95.987,+101.636,+5.677,+9.948,+0.562,+0.000,+17.000,+3.000,+99.830,+96.651,+125.803,+99.036,+111.282,+98.223,+6.321,+1.112
0,1107,+11.000,+11.000,+11.000,+11.000,+100.545,+101.566,+101.369,+101.369,+112.313,+137.050,+110.318,+114.450,+103.673,+115.610,+103.524,+108.241,+3.487,+13.866,+2.478,+4.309,+11.000,+11.000,+101.056,+101.369,+121.918,+110.781,+109.642,+104.906,+7.704,+3.228
0,1108,+6.000,+6.000,+13.000,+13.000,+97.829,+100.494,+97.461,+107.675,+102.596,+131.681,+111.614,+113.675,+100.449,+111.583,+105.798,+110.882,+1.626,+12.429,+4.524,+1.664,+6.000,+13.000,+99.543,+102.729,+116.593,+112.645,+106.016,+109.201,+6.860,+2.263
0,1109,+9.000,+9.000,+0.000,+0.000,+99.014,+100.790,NaN,NaN,+102.460,+113.402,NaN,NaN,+100.620,+104.371,NaN,NaN,+0.841,+4.038,NaN,NaN,+9.000,+0.000,+99.902,NaN,+107.056,NaN,+102.496,NaN,+2.267,NaN
0,1110,+6.000,+6.000,+4.000,+4.000,+97.355,+102.218,+97.057,+97.441,+101.183,+106.921,+102.977,+107.439,+99.833,+103.309,+101.497,+104.939,+1.321,+1.742,+2.564,+4.329,+6.000,+4.000,+99.810,+97.249,+103.816,+105.208,+101.571,+103.218,+1.178,+3.446
0,1111,+13.000,+13.000,+3.000,+3.000,+100.476,+111.373,+101.362,+107.439,+125.264,+178.950,+101.362,+107.439,+108.532,+129.774,+101.362,+107.439,+6.351,+20.737,+0.000,+0.000,+13.000,+3.000,+107.822,+102.122,+139.732,+104.401,+119.153,+102.881,+9.780,+1.074
0,1112,+15.000,+15.000,+8.000,+8.000,+97.696,+100.710,+98.901,+103.281,+110.921,+138.838,+102.243,+107.439,+102.885,+109.528,+100.734,+104.900,+3.114,+10.644,+1.474,+1.967,+15.000,+8.000,+99.203,+102.250,+122.886,+105.360,+106.207,+103.100,+6.164,+0.924
0,1113,+8.000,+8.000,+6.000,+6.000,+96.320,+98.008,+103.341,+108.459,+102.325,+117.312,+105.400,+132.711,+99.645,+107.506,+104.371,+114.954,+2.181,+7.100,+1.029,+8.597,+8.000,+6.000,+97.825,+104.370,+109.656,+106.929,+103.576,+106.281,+4.491,+0.877
0,1114,+5.000,+5.000,+6.000,+6.000,+98.230,+98.573,+99.593,+102.867,+101.332,+111.140,+103.317,+103.400,+100.289,+103.225,+102.153,+103.133,+1.231,+4.191,+1.193,+0.266,+5.000,+6.000,+98.402,+102.006,+105.321,+103.358,+101.757,+102.713,+2.190,+0.424
0,1115,+13.000,+13.000,+3.000,+3.000,+99.010,+100.757,+100.882,+124.342,+101.611,+107.081,+100.882,+124.342,+100.951,+103.159,+100.882,+124.342,+0.845,+1.899,+0.000,+0.000,+13.000,+3.000,+99.973,+104.775,+104.346,+107.396,+102.055,+106.522,+1.235,+1.236
0,1116,+9.000,+9.000,+0.000,+0.000,+101.611,+103.317,NaN,NaN,+106.301,+133.416,NaN,NaN,+102.682,+114.150,NaN,NaN,+1.648,+10.381,NaN,NaN,+9.000,+0.000,+102.464,NaN,+117.513,NaN,+108.416,NaN,+5.147,NaN
0,1117,+12.000,+12.000,+3.000,+3.000,+97.096,+97.253,+101.047,+111.400,+109.102,+125.133,+101.243,+111.400,+101.603,+106.295,+101.178,+111.400,+2.714,+7.708,+0.092,+0.000,+12.000,+3.000,+97.174,+101.145,+114.072,+103.029,+103.949,+102.401,+4.792,+0.888
0,1118,+3.000,+3.000,+6.000,+6.000,+97.449,+107.590,+99.706,+99.712,+99.467,+107.590,+99.944,+102.587,+98.136,+107.590,+99.825,+101.150,+0.941,+0.000,+0.119,+1.438,+3.000,+6.000,+102.520,+99.709,+103.529,+100.499,+102.863,+100.047,+0.471,+0.357
0,1119,+12.000,+12.000,+5.000,+5.000,+95.707,+100.164,+98.370,+103.400,+102.512,+130.307,+101.509,+105.050,+100.622,+111.636,+100.367,+104.406,+1.735,+7.351,+1.161,+0.614,+12.000,+5.000,+99.576,+101.681,+113.007,+102.887,+106.129,+102.260,+3.316,+0.520
0,1120,+9.000,+9.000,+0.000,+0.000,+99.509,+101.266,NaN,NaN,+107.560,+117.276,NaN,NaN,+101.981,+108.252,NaN,NaN,+2.373,+5.859,NaN,NaN,+9.000,+0.000,+100.387,NaN,+109.894,NaN,+105.117,NaN,+3.380,NaN
0,1121,+14.000,+14.000,+1.000,+1.000,+99.151,+104.108,+99.531,+99.531,+111.708,+139.278,+99.531,+99.531,+102.869,+114.200,+99.531,+99.531,+3.039,+10.198,+0.000,+0.000,+14.000,+1.000,+102.992,+99.531,+120.324,+99.531,+108.534,+99.531,+5.362,+0.000
0,1122,+5.000,+5.000,+4.000,+4.000,+96.376,+99.669,+99.135,+102.196,+102.840,+104.499,+104.212,+123.986,+99.068,+102.844,+100.404,+118.538,+2.277,+2.074,+2.198,+9.435,+5.000,+4.000,+98.023,+100.666,+103.669,+104.748,+100.956,+102.458,+2.089,+1.465
0,1123,+1.000,+1.000,+0.000,+0.000,+98.206,+98.512,NaN,NaN,+98.206,+98.512,NaN,NaN,+98.206,+98.512,NaN,NaN,+0.000,+0.000,NaN,NaN,+1.000,+0.000,+98.359,NaN,+98.359,NaN,+98.359,NaN,+0.000,NaN
0,1124,+10.000,+10.000,+6.000,+6.000,+96.118,+98.611,+99.531,+107.895,+100.074,+119.847,+100.374,+118.425,+98.606,+105.138,+99.953,+113.160,+1.141,+7.756,+0.422,+5.265,+10.000,+6.000,+98.388,+99.953,+109.006,+104.274,+101.872,+103.384,+3.520,+1.540
0,1125,+7.000,+7.000,+3.000,+3.000,+98.734,+101.294,+98.449,+101.404,+102.840,+104.867,+98.449,+101.404,+101.402,+103.001,+98.449,+101.404,+1.252,+1.326,+0.000,+0.000,+7.000,+3.000,+100.319,+99.589,+103.386,+99.589,+102.202,+99.589,+1.126,+0.000
0,1126,+9.000,+9.000,+3.000,+3.000,+98.191,+101.905,+98.146,+108.371,+108.998,+150.841,+98.690,+108.371,+101.903,+115.994,+98.509,+108.371,+2.869,+18.466,+0.256,+0.000,+9.000,+3.000,+101.321,+103.259,+129.920,+103.530,+108.948,+103.398,+10.272,+0.111
0,1127,+6.000,+6.000,+8.000,+8.000,+101.437,+108.816,+101.519,+104.452,+110.477,+129.816,+104.452,+113.747,+105.170,+124.339,+103.166,+108.602,+2.937,+7.087,+1.128,+4.224,+6.000,+8.000,+106.316,+103.369,+119.647,+107.280,+114.755,+105.055,+4.184,+1.507
0,1128,+3.000,+3.000,+4.000,+4.000,+97.162,+99.502,+99.788,+102.109,+104.452,+115.582,+100.245,+127.949,+100.373,+108.973,+99.902,+121.489,+3.039,+6.869,+0.198,+11.189,+3.000,+4.000,+98.332,+101.177,+108.143,+102.854,+104.673,+102.015,+4.490,+0.839
0,1129,+2.000,+2.000,+12.000,+12.000,+101.905,+102.357,+99.957,+104.933,+101.905,+106.127,+108.457,+125.340,+101.905,+104.242,+102.999,+110.960,+0.000,+1.885,+2.504,+6.434,+2.000,+12.000,+102.131,+103.436,+104.016,+108.457,+103.073,+105.747,+0.942,+1.589
0,1130,+6.000,+6.000,+11.000,+11.000,+101.448,+102.260,+98.385,+109.063,+101.905,+104.395,+111.202,+138.875,+101.751,+103.327,+105.865,+119.883,+0.214,+1.067,+4.235,+8.213,+6.000,+11.000,+101.854,+108.419,+103.150,+116.321,+102.539,+113.216,+0.614,+2.447
0,1131,+3.000,+3.000,+3.000,+3.000,+96.479,+104.350,+99.459,+104.933,+100.491,+104.350,+102.825,+104.933,+98.183,+104.350,+100.581,+104.933,+1.693,+0.000,+1.587,+0.000,+3.000,+3.000,+100.414,+102.196,+102.420,+103.879,+101.266,+102.757,+0.846,+0.793
0,1132,+12.000,+12.000,+14.000,+14.000,+97.862,+100.876,+100.309,+105.370,+106.066,+128.839,+112.048,+116.867,+101.658,+107.656,+105.626,+110.007,+2.536,+8.056,+3.304,+2.842,+12.000,+14.000,+99.369,+103.603,+117.452,+112.048,+104.657,+108.599,+5.013,+2.625
0,1133,+13.000,+13.000,+3.000,+3.000,+100.627,+101.687,+101.733,+104.048,+105.555,+120.079,+103.830,+105.370,+101.955,+107.724,+102.432,+104.489,+1.307,+7.012,+0.988,+0.623,+13.000,+3.000,+101.613,+102.782,+112.817,+103.939,+104.839,+103.204,+3.729,+0.522
0,1134,+10.000,+10.000,+8.000,+8.000,+98.694,+98.908,+98.476,+104.048,+102.956,+118.400,+103.830,+112.040,+100.880,+104.245,+101.174,+105.528,+1.412,+5.204,+2.084,+2.509,+10.000,+8.000,+98.801,+99.932,+109.759,+103.830,+102.562,+101.773,+2.976,+1.675
0,1135,+8.000,+8.000,+6.000,+6.000,+99.158,+99.267,+103.423,+105.165,+105.224,+107.434,+105.625,+105.625,+102.611,+104.859,+104.827,+105.472,+1.777,+2.564,+0.894,+0.217,+8.000,+6.000,+99.212,+104.294,+106.329,+105.625,+103.735,+105.149,+2.070,+0.549
0,1136,+3.000,+3.000,+9.000,+9.000,+96.802,+120.298,+99.885,+103.922,+105.094,+120.298,+103.506,+128.943,+100.862,+120.298,+101.991,+110.484,+3.387,+0.000,+1.633,+7.528,+3.000,+9.000,+108.550,+100.573,+112.696,+104.565,+110.580,+103.232,+1.694,+1.481
0,1137,+3.000,+3.000,+5.000,+5.000,+99.315,+102.602,+100.355,+100.491,+102.021,+124.009,+102.903,+107.476,+101.119,+112.520,+102.082,+104.070,+1.276,+8.810,+1.053,+2.312,+3.000,+5.000,+102.312,+100.423,+113.015,+105.203,+106.819,+103.079,+4.530,+1.528
0,1138,+7.000,+7.000,+3.000,+3.000,+100.747,+103.304,+99.636,+121.536,+104.168,+112.260,+103.506,+121.536,+101.462,+108.228,+100.926,+121.536,+1.129,+2.784,+1.824,+0.000,+7.000,+3.000,+102.025,+101.571,+107.585,+103.838,+104.845,+102.327,+1.764,+1.069
0,1139,+3.000,+3.000,+9.000,+9.000,+98.343,+110.910,+97.334,+101.155,+108.919,+127.910,+104.170,+105.547,+102.505,+122.243,+101.460,+104.265,+4.602,+8.014,+2.304,+1.500,+3.000,+9.000,+104.627,+99.722,+118.415,+104.733,+112.374,+102.809,+5.757,+1.577
0,1140,+7.000,+7.000,+9.000,+9.000,+97.794,+98.732,+100.026,+102.131,+103.525,+123.363,+102.644,+105.241,+100.527,+107.481,+101.697,+103.019,+1.873,+7.846,+0.984,+0.989,+7.000,+9.000,+98.263,+101.078,+111.831,+102.644,+104.004,+102.171,+4.461,+0.579
0,1141,+12.000,+12.000,+9.000,+9.000,+96.733,+99.010,+97.959,+105.625,+110.727,+120.298,+101.920,+121.687,+103.659,+108.813,+100.689,+108.511,+4.048,+7.603,+1.508,+4.801,+12.000,+9.000,+98.483,+100.037,+113.289,+103.180,+106.236,+102.305,+5.260,+1.095
0,1142,+3.000,+3.000,+8.000,+8.000,+101.065,+120.273,+100.508,+102.644,+101.112,+132.169,+102.985,+105.594,+101.081,+126.654,+102.121,+103.296,+0.022,+4.895,+0.741,+0.995,+3.000,+8.000,+110.669,+101.994,+116.640,+104.119,+113.867,+102.698,+2.456,+0.673
0,1143,+11.000,+11.000,+11.000,+11.000,+98.157,+99.113,+98.893,+98.893,+107.028,+141.316,+106.700,+119.642,+102.030,+124.356,+102.009,+106.858,+2.467,+15.088,+2.025,+5.991,+11.000,+11.000,+98.635,+98.893,+122.172,+107.554,+113.193,+102.795,+8.159,+2.302
0,1144,+12.000,+12.000,+3.000,+3.000,+96.957,+103.821,+99.600,+101.421,+119.320,+128.110,+101.421,+101.421,+104.071,+116.919,+100.389,+101.421,+5.697,+9.065,+0.763,+0.000,+12.000,+3.000,+103.238,+100.510,+123.715,+101.421,+110.495,+100.905,+5.995,+0.382
0,1145,+9.000,+9.000,+9.000,+9.000,+98.143,+102.058,+96.839,+106.564,+108.057,+129.712,+104.598,+133.336,+100.753,+109.230,+99.641,+120.522,+2.870,+7.456,+2.141,+7.757,+9.000,+9.000,+101.510,+98.893,+118.885,+105.220,+104.992,+101.453,+4.975,+2.138
0,1146,+9.000,+9.000,+15.000,+15.000,+98.965,+107.775,+100.634,+103.621,+107.641,+178.760,+107.703,+138.036,+103.007,+133.348,+103.532,+112.305,+2.993,+23.597,+1.949,+9.118,+9.000,+15.000,+103.370,+103.253,+139.913,+110.443,+118.177,+105.922,+11.624,+2.461
0,1147,+10.000,+10.000,+3.000,+3.000,+100.050,+100.468,+100.486,+104.580,+107.703,+130.333,+100.822,+104.580,+102.865,+111.172,+100.710,+104.580,+2.434,+9.887,+0.158,+0.000,+10.000,+3.000,+100.259,+100.654,+117.554,+102.701,+107.019,+101.581,+5.388,+0.847
0,1148,+16.000,+16.000,+12.000,+12.000,+98.979,+100.881,+96.316,+103.854,+113.652,+142.703,+104.580,+127.826,+103.088,+118.910,+101.101,+111.738,+3.964,+16.335,+2.013,+9.499,+16.000,+12.000,+99.930,+100.615,+126.963,+104.580,+110.999,+103.286,+9.256,+1.251
0,1149,+12.000,+12.000,+6.000,+6.000,+99.064,+100.881,+96.509,+105.625,+105.908,+139.212,+104.778,+124.213,+101.745,+108.741,+103.253,+110.763,+1.769,+9.901,+3.019,+6.756,+12.000,+6.000,+100.881,+104.631,+120.766,+105.201,+105.243,+104.916,+5.164,+0.218
0,1150,+12.000,+12.000,+5.000,+5.000,+98.706,+103.577,+97.397,+102.310,+119.225,+122.864,+99.066,+102.315,+104.382,+110.070,+98.398,+102.312,+4.852,+7.489,+0.817,+0.003,+12.000,+5.000,+101.616,+98.914,+121.045,+100.512,+107.226,+99.733,+5.621,+0.614
0,1151,+6.000,+6.000,+3.000,+3.000,+96.996,+98.020,+99.352,+103.404,+105.678,+109.538,+102.225,+106.077,+99.922,+103.779,+101.267,+104.664,+3.968,+5.759,+1.354,+1.096,+6.000,+3.000,+97.508,+100.789,+107.608,+103.368,+101.851,+102.324,+4.511,+1.109
0,1152,+18.000,+18.000,+6.000,+6.000,+98.042,+100.881,+100.302,+101.405,+118.600,+151.511,+100.388,+134.521,+104.414,+114.371,+100.345,+111.800,+4.802,+12.206,+0.043,+12.320,+18.000,+6.000,+99.461,+100.345,+135.055,+100.897,+109.393,+100.805,+8.165,+0.206
0,1153,+21.000,+21.000,+6.000,+6.000,+98.139,+102.083,+100.536,+103.256,+118.600,+126.860,+105.600,+144.104,+104.737,+109.756,+103.726,+118.592,+4.474,+7.737,+1.917,+16.250,+21.000,+6.000,+100.483,+101.896,+121.039,+118.715,+107.246,+106.404,+5.687,+5.717
0,1154,+3.000,+3.000,+3.000,+3.000,+99.065,+122.611,+97.630,+100.431,+101.017,+122.611,+99.982,+101.378,+99.716,+122.611,+98.884,+100.747,+0.920,+0.000,+0.967,+0.446,+3.000,+3.000,+110.838,+99.030,+111.814,+100.210,+111.163,+99.816,+0.460,+0.555
0,1155,+8.000,+8.000,+5.000,+5.000,+96.782,+98.583,+101.378,+101.386,+102.658,+109.471,+103.735,+123.626,+99.911,+103.701,+102.000,+113.233,+1.573,+3.163,+0.915,+7.993,+8.000,+5.000,+97.683,+101.382,+105.028,+112.152,+101.806,+104.155,+2.098,+4.036
0,1156,+14.000,+14.000,+0.000,+0.000,+96.522,+97.023,NaN,NaN,+101.435,+105.590,NaN,NaN,+98.286,+102.034,NaN,NaN,+1.333,+2.695,NaN,NaN,+14.000,+0.000,+96.929,NaN,+102.583,NaN,+100.160,NaN,+1.726,NaN
0,1157,+15.000,+15.000,+8.000,+8.000,+97.554,+98.581,+98.585,+103.737,+101.189,+141.652,+102.160,+119.310,+99.176,+107.569,+101.546,+108.797,+1.081,+12.939,+1.134,+5.390,+15.000,+8.000,+98.067,+101.733,+121.421,+105.408,+103.373,+103.551,+6.798,+1.188
0,1158,+7.000,+7.000,+9.000,+9.000,+96.944,+101.498,+97.470,+108.802,+101.435,+117.849,+102.450,+139.966,+100.111,+105.973,+101.430,+119.190,+1.562,+5.188,+1.476,+14.691,+7.000,+9.000,+101.196,+100.479,+109.642,+104.257,+103.042,+102.857,+2.753,+1.053
0,1159,+11.000,+11.000,+6.000,+6.000,+98.572,+98.892,+97.654,+102.296,+104.885,+116.838,+106.638,+114.244,+100.405,+105.474,+103.108,+108.087,+1.910,+7.143,+3.430,+4.427,+11.000,+6.000,+98.853,+99.975,+110.861,+106.638,+102.939,+104.232,+4.397,+2.365
0,1160,+4.000,+4.000,+7.000,+7.000,+97.619,+100.696,+98.082,+102.122,+99.585,+117.408,+102.593,+112.946,+98.804,+113.230,+101.494,+108.494,+0.774,+7.236,+1.501,+3.049,+4.000,+7.000,+99.158,+99.947,+108.496,+102.711,+106.017,+101.951,+3.964,+0.888
0,1161,+5.000,+5.000,+6.000,+6.000,+98.832,+100.443,+97.545,+101.686,+101.220,+124.957,+101.449,+115.871,+100.418,+114.461,+100.397,+108.778,+0.894,+11.508,+1.315,+7.092,+5.000,+6.000,+99.638,+101.026,+113.089,+105.524,+107.440,+102.587,+6.140,+1.552
0,1162,+7.000,+7.000,+8.000,+8.000,+97.267,+101.220,+97.878,+101.634,+109.356,+118.170,+102.499,+116.815,+101.707,+106.724,+100.514,+109.375,+3.763,+6.826,+1.535,+6.139,+7.000,+8.000,+99.244,+100.342,+113.763,+102.919,+104.216,+101.696,+4.467,+0.854
0,1163,+5.000,+5.000,+7.000,+7.000,+98.059,+98.898,+98.605,+101.208,+101.686,+101.686,+101.428,+118.295,+100.187,+100.682,+100.548,+110.933,+1.435,+1.242,+0.990,+6.320,+5.000,+7.000,+98.756,+99.906,+101.686,+101.449,+100.434,+101.151,+1.318,+0.511
0,1164,+3.000,+3.000,+12.000,+12.000,+99.011,+101.686,+98.173,+101.634,+101.148,+101.686,+105.974,+113.853,+99.723,+101.686,+102.222,+108.544,+1.008,+0.000,+1.961,+4.587,+3.000,+12.000,+100.348,+101.318,+101.417,+108.999,+100.705,+104.393,+0.504,+2.518
0,1165,+3.000,+3.000,+15.000,+15.000,+100.874,+103.652,+101.470,+108.802,+102.619,+103.652,+108.168,+155.717,+101.965,+103.652,+104.321,+121.469,+0.776,+0.000,+2.109,+15.225,+3.000,+15.000,+102.263,+105.616,+103.135,+108.808,+102.808,+108.452,+0.388,+0.793
0,1166,+3.000,+3.000,+10.000,+10.000,+99.374,+103.231,+99.506,+102.359,+102.619,+109.631,+106.054,+126.035,+101.250,+105.467,+102.011,+112.247,+1.372,+2.947,+1.984,+9.348,+3.000,+10.000,+101.303,+101.859,+106.125,+106.113,+103.359,+103.868,+2.032,+1.407
0,1167,+3.000,+3.000,+6.000,+6.000,+102.301,+120.241,+98.423,+109.073,+103.324,+120.241,+103.324,+114.277,+102.697,+120.241,+99.925,+111.675,+0.448,+0.000,+1.646,+2.602,+3.000,+6.000,+111.271,+99.182,+111.782,+103.443,+111.469,+101.489,+0.224,+1.239
0,1168,+8.000,+8.000,+5.000,+5.000,+101.148,+102.031,+96.852,+101.295,+114.041,+143.953,+103.549,+108.813,+104.561,+113.149,+99.482,+107.278,+4.256,+15.202,+2.607,+2.992,+8.000,+5.000,+101.589,+99.699,+128.997,+104.704,+108.855,+102.352,+9.654,+2.011
0,1169,+6.000,+6.000,+6.000,+6.000,+98.758,+104.646,+98.690,+109.818,+105.478,+115.853,+101.295,+119.749,+103.026,+108.538,+100.447,+114.784,+2.677,+4.329,+1.200,+4.966,+6.000,+6.000,+102.889,+99.993,+109.281,+101.881,+105.782,+100.968,+2.132,+0.700
0,1170,+4.000,+4.000,+9.000,+9.000,+97.089,+98.507,+97.681,+100.255,+99.401,+103.595,+100.765,+107.523,+98.009,+101.641,+99.915,+103.799,+0.978,+2.125,+0.872,+3.126,+4.000,+9.000,+97.798,+99.758,+101.498,+102.497,+99.825,+100.820,+1.505,+0.945
0,1171,+8.000,+8.000,+10.000,+10.000,+99.093,+103.240,+96.185,+100.536,+120.904,+145.435,+114.214,+128.547,+104.616,+122.558,+103.181,+115.640,+7.012,+15.552,+5.701,+10.010,+8.000,+10.000,+101.166,+98.480,+133.169,+115.706,+113.587,+106.278,+10.607,+5.162
0,1172,+3.000,+3.000,+5.000,+5.000,+97.934,+107.365,+99.285,+99.766,+99.317,+107.365,+100.614,+103.112,+98.569,+107.365,+99.560,+101.774,+0.570,+0.000,+0.528,+1.639,+3.000,+5.000,+102.650,+99.526,+103.341,+101.863,+102.967,+100.264,+0.285,+0.852
0,1173,+3.000,+3.000,+10.000,+10.000,+96.699,+106.475,+96.619,+102.030,+98.455,+111.199,+101.026,+147.378,+97.296,+109.554,+99.261,+122.666,+0.820,+2.179,+1.340,+19.818,+3.000,+10.000,+101.604,+98.822,+104.722,+101.528,+103.425,+100.806,+1.326,+1.109
0,1174,+10.000,+10.000,+0.000,+0.000,+96.881,+101.957,NaN,NaN,+101.957,+116.519,NaN,NaN,+101.144,+108.501,NaN,NaN,+1.573,+5.919,NaN,NaN,+10.000,+0.000,+99.419,NaN,+109.238,NaN,+104.822,NaN,+3.297,NaN
0,1175,+17.000,+17.000,+10.000,+10.000,+97.014,+99.322,+96.773,+105.563,+116.841,+137.088,+109.539,+126.589,+102.979,+112.755,+101.490,+120.167,+5.246,+13.358,+3.188,+5.679,+17.000,+10.000,+98.480,+98.270,+121.964,+111.265,+107.867,+105.548,+8.462,+3.875
0,1176,+18.000,+18.000,+0.000,+0.000,+102.481,+104.086,NaN,NaN,+116.801,+122.159,NaN,NaN,+106.493,+110.528,NaN,NaN,+3.979,+5.290,NaN,NaN,+18.000,+0.000,+103.284,NaN,+117.843,NaN,+108.510,NaN,+4.103,NaN
0,1177,+8.000,+8.000,+0.000,+0.000,+97.514,+97.974,NaN,NaN,+109.035,+126.344,NaN,NaN,+101.619,+109.049,NaN,NaN,+4.047,+9.002,NaN,NaN,+8.000,+0.000,+97.744,NaN,+117.689,NaN,+105.334,NaN,+6.206,NaN
0,1178,+9.000,+9.000,+3.000,+3.000,+100.234,+104.820,+96.066,+115.836,+105.539,+113.902,+102.384,+115.836,+103.525,+107.673,+98.172,+115.836,+1.397,+2.925,+2.978,+0.000,+9.000,+3.000,+102.530,+96.717,+108.563,+103.356,+105.599,+100.090,+1.683,+2.711
0,1179,+6.000,+6.000,+6.000,+6.000,+101.695,+104.327,+99.305,+101.853,+106.838,+113.052,+100.007,+111.959,+104.438,+108.154,+99.483,+108.468,+1.515,+3.815,+0.248,+4.587,+6.000,+6.000,+103.011,+99.396,+109.945,+107.056,+106.296,+101.575,+2.425,+2.595
0,1180,+3.000,+3.000,+3.000,+3.000,+96.877,+103.592,+98.312,+114.326,+102.233,+103.592,+98.312,+139.326,+98.826,+103.592,+98.312,+130.992,+2.418,+0.000,+0.000,+11.785,+3.000,+3.000,+100.235,+101.305,+102.913,+101.305,+101.209,+101.305,+1.209,+0.000
0,1181,+9.000,+9.000,+0.000,+0.000,+96.940,+104.676,NaN,NaN,+103.603,+104.825,NaN,NaN,+101.731,+104.775,NaN,NaN,+2.196,+0.070,NaN,NaN,+9.000,+0.000,+100.883,NaN,+104.214,NaN,+103.253,NaN,+1.084,NaN
0,1182,+6.000,+6.000,+0.000,+0.000,+102.663,+103.189,NaN,NaN,+103.562,+103.592,NaN,NaN,+103.163,+103.391,NaN,NaN,+0.262,+0.202,NaN,NaN,+6.000,+0.000,+102.926,NaN,+103.577,NaN,+103.277,NaN,+0.206,NaN
0,1183,+14.000,+14.000,+3.000,+3.000,+101.695,+102.105,+98.674,+104.348,+116.953,+126.440,+100.888,+104.348,+106.668,+110.251,+99.457,+104.348,+5.573,+7.541,+1.013,+0.000,+14.000,+3.000,+101.900,+98.742,+121.696,+101.300,+108.459,+99.964,+6.059,+1.048
0,1184,+16.000,+16.000,+3.000,+3.000,+96.223,+102.095,+97.889,+98.571,+115.826,+152.421,+97.889,+98.571,+102.953,+114.471,+97.889,+98.571,+6.055,+16.239,+0.000,+0.000,+16.000,+3.000,+99.731,+98.230,+134.124,+98.230,+108.712,+98.230,+10.644,+0.000
0,1185,+16.000,+16.000,+3.000,+3.000,+100.320,+101.818,+104.175,+151.422,+106.445,+118.222,+104.730,+151.422,+103.020,+110.440,+104.360,+151.422,+1.417,+5.855,+0.262,+0.000,+16.000,+3.000,+101.069,+104.571,+110.479,+118.795,+106.730,+109.405,+3.151,+6.641
0,1186,+13.000,+13.000,+3.000,+3.000,+97.172,+98.311,+97.401,+100.592,+105.037,+138.129,+97.401,+109.954,+101.685,+107.984,+97.401,+105.521,+3.093,+10.086,+0.000,+3.838,+13.000,+3.000,+98.275,+98.997,+121.361,+100.220,+104.834,+99.812,+5.989,+0.577
0,1187,+15.000,+15.000,+4.000,+4.000,+104.730,+106.424,+97.177,+99.119,+113.674,+120.167,+102.314,+119.736,+108.973,+112.740,+98.461,+104.273,+3.034,+4.650,+2.224,+8.927,+15.000,+4.000,+105.577,+98.148,+116.920,+104.476,+110.856,+100.108,+3.605,+2.540
0,1188,+9.000,+9.000,+9.000,+9.000,+101.558,+104.590,+99.417,+107.886,+107.560,+122.395,+107.266,+127.777,+104.271,+112.282,+104.305,+115.766,+2.057,+7.468,+2.876,+8.524,+9.000,+9.000,+103.292,+102.920,+114.977,+119.162,+108.276,+107.767,+4.378,+4.545
0,1189,+7.000,+7.000,+6.000,+6.000,+99.542,+100.456,+95.829,+108.555,+101.558,+113.448,+103.277,+130.511,+100.363,+106.131,+99.614,+117.132,+0.774,+4.539,+2.165,+9.112,+7.000,+6.000,+99.999,+97.647,+107.023,+105.916,+103.247,+101.482,+2.380,+3.227
0,1190,+15.000,+15.000,+6.000,+6.000,+97.049,+101.467,+99.284,+101.939,+104.042,+136.346,+100.631,+135.939,+101.220,+110.216,+99.691,+120.004,+1.754,+13.159,+0.523,+12.488,+15.000,+6.000,+100.013,+99.957,+118.952,+103.884,+105.718,+101.358,+6.677,+1.793
0,1191,+17.000,+17.000,+0.000,+0.000,+98.215,+102.270,NaN,NaN,+106.697,+153.390,NaN,NaN,+101.918,+109.601,NaN,NaN,+2.329,+15.089,NaN,NaN,+17.000,+0.000,+101.022,NaN,+128.184,NaN,+105.759,NaN,+8.180,NaN
0,1192,+15.000,+15.000,+9.000,+9.000,+96.240,+103.475,+97.330,+103.790,+103.829,+146.398,+103.829,+130.227,+101.755,+110.202,+101.145,+109.374,+2.544,+12.063,+2.771,+9.220,+15.000,+9.000,+100.154,+101.004,+125.114,+104.422,+105.978,+103.456,+6.351,+1.067
0,1193,+7.000,+7.000,+3.000,+3.000,+98.135,+98.303,+99.568,+99.949,+103.829,+110.214,+99.568,+109.529,+102.525,+107.863,+99.568,+104.456,+2.148,+3.965,+0.000,+3.932,+7.000,+3.000,+98.219,+99.759,+107.022,+101.273,+105.194,+100.768,+2.898,+0.714
0,1194,+10.000,+10.000,+0.000,+0.000,+97.800,+98.953,NaN,NaN,+102.978,+114.310,NaN,NaN,+100.588,+103.826,NaN,NaN,+1.909,+5.410,NaN,NaN,+10.000,+0.000,+98.377,NaN,+108.644,NaN,+102.207,NaN,+3.478,NaN
0,1195,+17.000,+17.000,+3.000,+3.000,+98.770,+99.823,+97.662,+108.244,+109.027,+137.392,+101.990,+116.786,+101.676,+109.038,+99.105,+111.835,+2.441,+9.852,+2.040,+3.618,+17.000,+3.000,+99.296,+99.826,+119.975,+105.117,+105.357,+101.787,+5.577,+2.367
0,1196,+18.000,+18.000,+9.000,+9.000,+98.189,+103.829,+97.050,+107.191,+118.602,+144.647,+107.191,+130.857,+102.735,+114.335,+100.905,+115.742,+5.270,+13.752,+4.482,+8.597,+18.000,+9.000,+101.128,+101.547,+129.746,+108.055,+108.535,+105.743,+8.978,+2.729
0,1197,+11.000,+11.000,+3.000,+3.000,+97.911,+98.939,+97.686,+100.997,+102.199,+137.168,+99.696,+102.997,+100.600,+113.952,+98.936,+101.664,+1.530,+14.553,+0.891,+0.943,+11.000,+3.000,+98.425,+98.556,+119.683,+100.596,+107.276,+99.788,+7.560,+0.885
0,1198,+11.000,+11.000,+0.000,+0.000,+101.091,+103.438,NaN,NaN,+106.029,+118.947,NaN,NaN,+103.688,+110.160,NaN,NaN,+1.580,+5.465,NaN,NaN,+11.000,+0.000,+102.283,NaN,+111.591,NaN,+106.924,NaN,+2.896,NaN
0,1199,+11.000,+11.000,+5.000,+5.000,+100.024,+102.699,+97.991,+98.084,+105.600,+127.298,+101.618,+124.091,+101.723,+110.839,+100.087,+115.488,+1.441,+10.131,+1.170,+10.914,+11.000,+5.000,+101.736,+98.038,+115.079,+101.706,+106.281,+100.517,+5.112,+1.274
0,1200,+8.000,+8.000,+3.000,+3.000,+97.967,+100.497,+98.722,+100.276,+102.199,+117.454,+98.722,+101.191,+100.303,+105.043,+98.722,+100.581,+1.329,+6.946,+0.000,+0.431,+8.000,+3.000,+99.232,+99.797,+109.826,+100.284,+102.673,+99.959,+3.784,+0.230
0,1201,+12.000,+12.000,+6.000,+6.000,+98.264,+98.906,+97.837,+100.520,+100.842,+103.276,+101.618,+119.031,+99.937,+101.002,+99.001,+106.583,+0.778,+1.331,+1.604,+6.171,+12.000,+6.000,+98.585,+99.179,+101.887,+103.624,+100.469,+100.316,+0.991,+1.650
0,1202,+17.000,+17.000,+0.000,+0.000,+100.957,+101.887,NaN,NaN,+106.235,+112.769,NaN,NaN,+103.681,+105.667,NaN,NaN,+1.774,+2.312,NaN,NaN,+17.000,+0.000,+101.422,NaN,+109.502,NaN,+104.674,NaN,+1.852,NaN
0,1203,+12.000,+12.000,+6.000,+6.000,+99.038,+99.432,+96.725,+105.207,+103.264,+105.207,+101.149,+133.758,+100.511,+102.206,+98.937,+119.483,+1.383,+2.271,+2.212,+14.275,+12.000,+6.000,+99.235,+99.575,+104.236,+101.472,+101.359,+100.524,+1.715,+0.948
0,1204,+6.000,+6.000,+3.000,+3.000,+97.925,+100.998,+98.840,+120.041,+101.120,+154.813,+101.149,+120.041,+100.383,+122.557,+99.609,+120.041,+1.115,+22.409,+1.089,+0.000,+6.000,+3.000,+99.461,+101.916,+127.763,+103.428,+111.470,+102.539,+11.487,+0.645
0,1205,+18.000,+18.000,+7.000,+7.000,+96.892,+100.914,+98.504,+99.728,+111.239,+140.737,+102.593,+106.955,+102.652,+114.906,+99.640,+103.992,+2.824,+14.516,+1.412,+2.720,+18.000,+7.000,+99.370,+99.292,+123.604,+104.560,+108.779,+101.772,+8.070,+1.510
0,1206,+12.000,+12.000,+9.000,+9.000,+99.753,+103.260,+99.491,+103.648,+142.597,+174.101,+103.671,+140.377,+106.750,+125.845,+101.402,+116.068,+11.503,+29.071,+1.563,+17.191,+12.000,+9.000,+101.506,+99.765,+158.349,+103.913,+116.297,+102.828,+18.615,+1.643
0,1207,+14.000,+14.000,+4.000,+4.000,+99.111,+99.787,+98.945,+100.320,+106.361,+138.306,+101.852,+120.386,+103.326,+111.580,+99.672,+115.370,+2.127,+9.958,+1.259,+8.689,+14.000,+4.000,+99.449,+99.633,+121.242,+102.144,+107.453,+100.987,+5.401,+0.893
0,1208,+19.000,+19.000,+3.000,+3.000,+98.166,+102.049,+100.471,+105.558,+104.689,+123.611,+105.558,+105.558,+102.532,+106.514,+103.862,+105.558,+1.600,+5.902,+2.398,+0.000,+19.000,+3.000,+100.108,+103.014,+113.585,+105.558,+104.523,+104.710,+3.282,+1.199
0,1209,+16.000,+16.000,+1.000,+1.000,+96.314,+98.311,+95.437,+95.585,+111.956,+121.403,+95.437,+95.585,+101.805,+107.693,+95.437,+95.585,+3.911,+7.927,+0.000,+0.000,+16.000,+1.000,+97.312,+95.511,+115.762,+95.511,+104.749,+95.511,+5.628,+0.000
0,1210,+25.000,+25.000,+3.000,+3.000,+98.262,+101.903,+102.100,+104.327,+114.667,+129.063,+104.327,+104.327,+103.981,+109.239,+103.107,+104.327,+3.088,+8.347,+0.922,+0.000,+25.000,+3.000,+100.082,+102.497,+121.865,+104.327,+106.610,+103.478,+4.975,+0.753
0,1211,+9.000,+9.000,+5.000,+5.000,+98.647,+99.944,+102.731,+102.731,+110.788,+142.095,+103.652,+104.280,+104.739,+114.070,+103.099,+103.660,+3.724,+12.495,+0.451,+0.759,+9.000,+5.000,+99.295,+102.731,+123.187,+103.966,+109.404,+103.317,+7.382,+0.556
0,1212,+6.000,+6.000,+0.000,+0.000,+96.348,+100.502,NaN,NaN,+103.432,+111.086,NaN,NaN,+100.506,+107.118,NaN,NaN,+2.659,+4.184,NaN,NaN,+6.000,+0.000,+98.925,NaN,+107.259,NaN,+103.812,NaN,+2.709,NaN
0,1213,+9.000,+9.000,+0.000,+0.000,+99.239,+103.052,NaN,NaN,+105.905,+116.105,NaN,NaN,+102.152,+109.197,NaN,NaN,+2.191,+5.509,NaN,NaN,+9.000,+0.000,+102.353,NaN,+110.371,NaN,+105.674,NaN,+3.198,NaN
0,1214,+5.000,+5.000,+3.000,+3.000,+100.183,+104.849,+102.618,+103.652,+105.955,+116.007,+102.618,+103.652,+101.654,+110.242,+102.618,+103.652,+2.160,+4.509,+0.000,+0.000,+5.000,+3.000,+102.780,+103.135,+108.095,+103.135,+105.948,+103.135,+2.130,+0.000
0,1215,+9.000,+9.000,+3.000,+3.000,+97.125,+98.012,+100.127,+102.593,+102.233,+111.490,+101.395,+102.593,+99.122,+103.198,+100.972,+102.593,+1.737,+4.126,+0.598,+0.000,+9.000,+3.000,+97.940,+100.761,+104.649,+101.994,+101.160,+101.583,+2.444,+0.581
0,1216,+4.000,+4.000,+5.000,+5.000,+96.418,+96.551,+98.563,+99.451,+102.233,+110.572,+100.463,+107.501,+100.779,+107.067,+100.011,+104.483,+2.518,+6.071,+0.737,+3.710,+4.000,+5.000,+96.484,+99.007,+106.403,+100.929,+103.923,+100.415,+4.295,+0.747
0,1217,+9.000,+9.000,+3.000,+3.000,+97.231,+99.057,+99.556,+103.652,+99.545,+106.552,+100.159,+103.652,+98.510,+101.377,+99.958,+103.652,+0.783,+2.463,+0.284,+0.000,+9.000,+3.000,+98.609,+99.976,+102.357,+100.676,+99.943,+100.310,+1.313,+0.287
0,1218,+12.000,+12.000,+8.000,+8.000,+99.057,+99.057,+98.367,+100.463,+129.990,+155.813,+101.748,+113.336,+104.316,+116.478,+99.831,+103.955,+9.932,+23.177,+1.064,+5.425,+12.000,+8.000,+99.057,+100.399,+142.902,+103.639,+110.397,+100.926,+15.941,+1.074
0,1219,+6.000,+6.000,+0.000,+0.000,+95.981,+103.299,NaN,NaN,+106.462,+130.435,NaN,NaN,+100.441,+113.176,NaN,NaN,+3.788,+10.621,NaN,NaN,+6.000,+0.000,+100.390,NaN,+118.449,NaN,+106.808,NaN,+6.827,NaN
0,1220,+3.000,+3.000,+0.000,+0.000,+97.268,+99.327,NaN,NaN,+98.268,+105.831,NaN,NaN,+97.935,+102.762,NaN,NaN,+0.471,+2.668,NaN,NaN,+3.000,+0.000,+98.797,NaN,+102.050,NaN,+100.348,NaN,+1.332,NaN
0,1221,+8.000,+8.000,+9.000,+9.000,+97.867,+101.293,+98.568,+100.759,+105.482,+126.180,+103.736,+111.427,+102.172,+107.140,+100.271,+104.526,+1.938,+7.855,+1.531,+3.312,+8.000,+9.000,+99.580,+100.343,+114.371,+103.886,+104.656,+101.545,+4.380,+1.097
0,1222,+7.000,+7.000,+5.000,+5.000,+99.522,+100.339,+99.057,+101.152,+106.821,+120.806,+99.657,+156.409,+101.403,+107.322,+99.297,+140.578,+2.299,+6.583,+0.294,+21.371,+7.000,+5.000,+100.063,+99.357,+113.813,+99.719,+104.363,+99.514,+4.349,+0.169
0,1223,+9.000,+9.000,+0.000,+0.000,+100.908,+100.991,NaN,NaN,+102.080,+129.226,NaN,NaN,+101.252,+110.891,NaN,NaN,+0.341,+8.060,NaN,NaN,+9.000,+0.000,+100.950,NaN,+115.260,NaN,+106.072,NaN,+4.087,NaN
0,1224,+13.000,+13.000,+9.000,+9.000,+96.965,+101.293,+97.800,+101.172,+117.406,+142.386,+101.172,+108.226,+102.722,+118.241,+100.416,+103.621,+5.076,+14.287,+0.978,+2.650,+13.000,+9.000,+100.378,+101.017,+129.896,+103.070,+110.481,+101.598,+8.889,+0.610
0,1225,+12.000,+12.000,+14.000,+14.000,+99.390,+102.911,+97.486,+103.504,+103.819,+137.104,+105.600,+146.588,+102.303,+113.578,+103.371,+112.534,+1.058,+10.058,+2.075,+11.367,+12.000,+14.000,+102.407,+103.504,+119.592,+108.537,+107.940,+105.021,+4.965,+1.421
0,1226,+15.000,+15.000,+9.000,+9.000,+97.153,+101.976,+99.486,+110.096,+125.277,+127.737,+107.226,+129.525,+105.650,+112.860,+104.610,+120.414,+6.941,+7.229,+2.092,+8.437,+15.000,+9.000,+99.564,+104.114,+126.507,+114.873,+109.255,+109.390,+6.581,+4.010
0,1227,+4.000,+4.000,+6.000,+6.000,+96.881,+98.532,+100.165,+111.075,+102.570,+102.864,+103.475,+133.130,+100.708,+101.781,+101.594,+128.125,+2.323,+1.876,+1.063,+7.831,+4.000,+6.000,+97.706,+101.820,+102.717,+104.102,+101.244,+103.040,+2.074,+0.844
0,1228,+18.000,+18.000,+0.000,+0.000,+97.120,+98.347,NaN,NaN,+107.540,+119.913,NaN,NaN,+100.813,+105.568,NaN,NaN,+2.767,+6.556,NaN,NaN,+18.000,+0.000,+97.803,NaN,+111.241,NaN,+103.190,NaN,+4.292,NaN
0,1229,+17.000,+17.000,+6.000,+6.000,+99.086,+100.523,+98.194,+103.475,+117.830,+158.761,+103.475,+112.518,+104.947,+114.333,+100.835,+107.997,+4.778,+15.818,+2.641,+4.521,+17.000,+6.000,+100.185,+103.170,+138.296,+103.475,+109.640,+103.374,+9.757,+0.144
0,1230,+15.000,+15.000,+0.000,+0.000,+96.400,+100.856,NaN,NaN,+105.060,+108.537,NaN,NaN,+101.152,+103.696,NaN,NaN,+2.134,+2.510,NaN,NaN,+15.000,+0.000,+99.284,NaN,+106.799,NaN,+102.424,NaN,+2.034,NaN
0,1231,+12.000,+12.000,+9.000,+9.000,+96.302,+99.434,+102.146,+108.175,+102.383,+108.537,+103.194,+127.730,+99.940,+102.445,+102.665,+116.568,+1.619,+3.621,+0.448,+6.322,+12.000,+9.000,+97.868,+102.251,+105.460,+107.736,+101.193,+105.953,+2.385,+2.030
0,1232,+15.000,+15.000,+6.000,+6.000,+97.766,+99.464,+102.198,+105.191,+112.819,+139.415,+107.290,+107.570,+102.945,+114.275,+104.751,+106.380,+4.045,+13.395,+2.345,+1.189,+15.000,+6.000,+99.464,+103.503,+124.151,+107.430,+108.610,+105.510,+8.164,+1.779
0,1233,+12.000,+12.000,+0.000,+0.000,+99.362,+103.188,NaN,NaN,+107.000,+123.929,NaN,NaN,+102.571,+109.318,NaN,NaN,+2.443,+6.686,NaN,NaN,+12.000,+0.000,+101.275,NaN,+113.623,NaN,+105.944,NaN,+3.857,NaN
0,1234,+12.000,+12.000,+3.000,+3.000,+99.433,+100.416,+100.509,+161.960,+103.948,+117.198,+100.509,+161.960,+100.777,+104.908,+100.509,+161.960,+1.686,+4.841,+0.000,+0.000,+12.000,+3.000,+99.925,+101.405,+108.315,+101.405,+102.842,+101.405,+2.674,+0.000
0,1235,+12.000,+12.000,+3.000,+3.000,+100.106,+100.392,+97.741,+107.624,+117.389,+146.504,+102.300,+111.763,+102.557,+113.768,+100.780,+110.346,+4.545,+17.129,+2.149,+1.926,+12.000,+3.000,+100.249,+100.132,+128.431,+107.032,+108.163,+104.042,+9.899,+2.891
0,1236,+12.000,+12.000,+0.000,+0.000,+97.835,+99.125,NaN,NaN,+102.828,+108.799,NaN,NaN,+100.909,+101.855,NaN,NaN,+1.236,+2.475,NaN,NaN,+12.000,+0.000,+98.480,NaN,+105.813,NaN,+101.382,NaN,+1.772,NaN
0,1237,+3.000,+3.000,+0.000,+0.000,+99.922,+100.709,NaN,NaN,+100.349,+100.709,NaN,NaN,+100.064,+100.709,NaN,NaN,+0.201,+0.000,NaN,NaN,+3.000,+0.000,+100.315,NaN,+100.529,NaN,+100.386,NaN,+0.101,NaN
0,1238,+9.000,+9.000,+0.000,+0.000,+97.866,+101.118,NaN,NaN,+103.945,+113.186,NaN,NaN,+101.391,+103.400,NaN,NaN,+1.789,+3.630,NaN,NaN,+9.000,+0.000,+99.492,NaN,+108.566,NaN,+102.395,NaN,+2.517,NaN
0,1239,+19.000,+19.000,+6.000,+6.000,+98.388,+101.207,+99.125,+103.437,+115.690,+153.763,+104.359,+105.958,+104.148,+118.459,+100.906,+104.105,+5.456,+15.768,+1.968,+0.870,+19.000,+6.000,+100.600,+101.672,+132.604,+105.159,+111.304,+102.902,+9.790,+1.070
0,1240,+15.000,+15.000,+0.000,+0.000,+99.512,+101.129,NaN,NaN,+114.809,+123.974,NaN,NaN,+105.422,+113.522,NaN,NaN,+4.604,+6.989,NaN,NaN,+15.000,+0.000,+100.321,NaN,+119.391,NaN,+109.472,NaN,+5.396,NaN
0,1241,+13.000,+13.000,+3.000,+3.000,+98.218,+99.581,+103.875,+142.168,+105.521,+112.461,+103.875,+142.168,+100.988,+105.857,+103.875,+142.168,+1.922,+4.903,+0.000,+0.000,+13.000,+3.000,+98.900,+104.008,+107.502,+104.008,+103.423,+104.008,+2.982,+0.000
0,1242,+15.000,+15.000,+0.000,+0.000,+101.562,+103.109,NaN,NaN,+107.919,+135.155,NaN,NaN,+104.213,+111.309,NaN,NaN,+1.639,+9.169,NaN,NaN,+15.000,+0.000,+102.874,NaN,+119.132,NaN,+107.761,NaN,+4.649,NaN
0,1243,+14.000,+14.000,+3.000,+3.000,+98.945,+100.485,+99.303,+103.109,+103.685,+136.620,+99.604,+103.109,+100.389,+111.101,+99.504,+103.109,+1.267,+13.631,+0.142,+0.000,+14.000,+3.000,+100.254,+101.206,+120.152,+101.356,+105.745,+101.306,+7.208,+0.071
0,1244,+9.000,+9.000,+4.000,+4.000,+95.505,+99.951,+103.253,+104.705,+110.806,+138.889,+106.159,+106.159,+102.066,+111.652,+105.019,+105.795,+3.843,+14.285,+1.162,+0.629,+9.000,+4.000,+98.767,+103.852,+120.913,+106.159,+106.859,+105.350,+8.244,+0.922
0,1245,+11.000,+11.000,+9.000,+9.000,+98.718,+101.698,+101.118,+105.754,+104.542,+155.895,+109.356,+127.003,+101.679,+123.747,+104.975,+111.455,+2.041,+21.228,+3.384,+6.627,+11.000,+9.000,+100.555,+102.785,+127.866,+111.875,+112.713,+108.075,+9.982,+3.265
0,1246,+11.000,+11.000,+6.000,+6.000,+96.796,+99.537,+104.575,+105.305,+108.918,+121.528,+106.684,+109.356,+101.460,+110.472,+105.630,+107.331,+3.577,+9.213,+1.054,+2.025,+11.000,+6.000,+98.873,+104.940,+115.163,+107.801,+105.966,+106.371,+6.011,+1.430
0,1247,+10.000,+10.000,+0.000,+0.000,+100.060,+101.109,NaN,NaN,+140.872,+178.083,NaN,NaN,+106.995,+129.848,NaN,NaN,+11.500,+31.753,NaN,NaN,+10.000,+0.000,+100.585,NaN,+159.477,NaN,+118.422,NaN,+19.563,NaN
0,1248,+11.000,+11.000,+5.000,+5.000,+96.254,+100.031,+101.335,+104.042,+114.207,+140.300,+104.042,+109.356,+102.553,+115.049,+102.418,+107.231,+4.669,+12.925,+1.326,+2.603,+11.000,+5.000,+99.868,+102.955,+120.673,+104.042,+108.801,+103.390,+7.606,+0.533
0,1249,+3.000,+3.000,+3.000,+3.000,+104.007,+107.720,+103.603,+104.469,+104.117,+122.962,+103.888,+104.469,+104.080,+116.601,+103.793,+104.469,+0.052,+6.473,+0.134,+0.000,+3.000,+3.000,+105.919,+103.745,+113.484,+104.178,+110.341,+103.937,+3.218,+0.180
0,1250,+9.000,+9.000,+6.000,+6.000,+97.607,+97.750,+96.993,+104.469,+110.227,+136.684,+103.603,+128.575,+105.485,+117.220,+101.395,+112.185,+3.763,+14.681,+2.477,+9.969,+9.000,+6.000,+97.679,+101.424,+123.455,+109.026,+111.353,+104.049,+8.601,+2.484
0,1251,+15.000,+15.000,+6.000,+6.000,+98.721,+99.351,+103.459,+103.603,+104.117,+112.703,+103.603,+103.603,+100.596,+102.852,+103.507,+103.603,+1.649,+3.591,+0.068,+0.000,+15.000,+6.000,+99.036,+103.531,+107.019,+103.603,+101.724,+103.555,+2.422,+0.034
0,1252,+23.000,+23.000,+1.000,+1.000,+96.196,+100.777,+103.603,+104.318,+133.688,+177.380,+103.603,+104.318,+107.304,+118.692,+103.603,+104.318,+7.770,+20.125,+0.000,+0.000,+23.000,+1.000,+99.030,+103.960,+144.772,+103.960,+112.998,+103.960,+11.780,+0.000
0,1253,+6.000,+6.000,+5.000,+5.000,+98.116,+105.288,+102.015,+106.159,+101.068,+123.825,+103.459,+117.705,+100.004,+114.557,+102.919,+110.542,+1.025,+9.268,+0.532,+5.382,+6.000,+5.000,+102.354,+102.178,+112.446,+104.611,+107.280,+103.538,+4.702,+0.965
0,1254,+6.000,+6.000,+4.000,+4.000,+100.008,+108.050,+102.341,+106.590,+105.841,+114.922,+102.970,+116.425,+103.020,+111.486,+102.498,+113.966,+1.707,+3.436,+0.272,+4.258,+6.000,+4.000,+104.029,+102.655,+109.139,+109.697,+107.253,+104.416,+2.017,+3.049
0,1255,+10.000,+10.000,+3.000,+3.000,+98.043,+99.101,+102.178,+117.224,+103.356,+109.375,+102.178,+117.224,+100.742,+106.497,+102.178,+117.224,+1.642,+3.177,+0.000,+0.000,+10.000,+3.000,+98.872,+103.782,+105.690,+109.301,+103.620,+107.462,+1.917,+2.602
0,1256,+9.000,+9.000,+4.000,+4.000,+97.654,+104.926,+99.038,+101.364,+104.103,+145.110,+101.309,+101.698,+101.247,+117.088,+100.054,+101.615,+2.002,+13.158,+0.837,+0.145,+9.000,+4.000,+101.520,+101.336,+123.728,+101.531,+109.168,+101.434,+6.732,+0.097
0,1257,+24.000,+24.000,+3.000,+3.000,+99.474,+103.356,+101.727,+101.839,+116.425,+186.271,+101.727,+101.839,+105.214,+120.818,+101.727,+101.839,+4.332,+22.693,+0.000,+0.000,+24.000,+3.000,+102.212,+101.783,+144.338,+101.783,+113.016,+101.783,+11.912,+0.000
0,1258,+8.000,+8.000,+0.000,+0.000,+97.742,+101.709,NaN,NaN,+105.186,+106.218,NaN,NaN,+103.402,+105.524,NaN,NaN,+2.281,+1.482,NaN,NaN,+8.000,+0.000,+99.725,NaN,+105.702,NaN,+104.463,NaN,+1.829,NaN
0,1259,+8.000,+8.000,+3.000,+3.000,+98.132,+98.334,+102.211,+126.357,+104.927,+116.101,+102.211,+128.357,+100.427,+104.375,+102.211,+127.690,+1.882,+6.613,+0.000,+0.943,+8.000,+3.000,+98.233,+104.008,+109.544,+104.008,+102.401,+104.008,+4.012,+0.000
0,1260,+12.000,+12.000,+3.000,+3.000,+97.030,+99.614,+97.171,+102.211,+109.746,+117.984,+100.573,+102.211,+101.793,+107.615,+98.871,+102.211,+3.589,+7.237,+1.389,+0.000,+12.000,+3.000,+98.322,+99.691,+113.865,+101.392,+104.704,+100.541,+5.053,+0.694
0,1261,+7.000,+7.000,+0.000,+0.000,+96.679,+101.055,NaN,NaN,+101.781,+106.739,NaN,NaN,+100.072,+103.013,NaN,NaN,+1.625,+2.036,NaN,NaN,+7.000,+0.000,+98.867,NaN,+103.624,NaN,+101.543,NaN,+1.637,NaN
0,1262,+12.000,+12.000,+0.000,+0.000,+98.641,+98.761,NaN,NaN,+104.171,+123.258,NaN,NaN,+100.515,+105.191,NaN,NaN,+1.453,+8.261,NaN,NaN,+12.000,+0.000,+98.701,NaN,+113.714,NaN,+102.853,NaN,+4.454,NaN
0,1263,+7.000,+7.000,+3.000,+3.000,+100.013,+102.136,+98.823,+102.211,+109.303,+140.902,+102.033,+102.211,+103.061,+119.229,+100.801,+102.211,+3.826,+18.774,+1.412,+0.000,+7.000,+3.000,+101.075,+100.428,+125.103,+102.058,+111.145,+101.455,+11.102,+0.730
0,1264,+14.000,+14.000,+3.000,+3.000,+97.061,+98.760,+99.682,+101.386,+101.836,+117.024,+100.573,+101.386,+99.575,+102.566,+100.011,+101.386,+1.657,+4.307,+0.399,+0.000,+14.000,+3.000,+98.286,+100.127,+109.120,+100.980,+101.071,+100.428,+2.703,+0.391
0,1265,+21.000,+21.000,+5.000,+5.000,+100.264,+101.172,+98.147,+98.823,+124.027,+172.990,+102.033,+102.033,+103.461,+112.309,+100.834,+101.365,+5.170,+17.043,+1.572,+1.272,+21.000,+5.000,+100.718,+98.823,+148.508,+102.033,+107.885,+101.365,+10.737,+1.272
0,1266,+10.000,+10.000,+9.000,+9.000,+99.674,+102.857,+100.895,+102.033,+104.541,+117.770,+103.540,+122.807,+103.219,+109.544,+102.424,+111.150,+1.627,+4.428,+0.706,+8.446,+10.000,+9.000,+101.266,+102.033,+111.156,+106.703,+106.381,+103.512,+2.747,+1.343
0,1267,+12.000,+12.000,+0.000,+0.000,+100.264,+100.407,NaN,NaN,+104.541,+113.187,NaN,NaN,+101.539,+103.908,NaN,NaN,+1.565,+3.560,NaN,NaN,+12.000,+0.000,+100.336,NaN,+108.864,NaN,+102.724,NaN,+2.441,NaN
0,1268,+11.000,+11.000,+6.000,+6.000,+98.309,+98.439,+100.506,+102.033,+101.388,+103.263,+101.388,+119.220,+99.756,+101.035,+100.833,+110.626,+0.950,+1.567,+0.393,+8.594,+11.000,+6.000,+98.439,+100.980,+102.325,+103.323,+100.395,+101.615,+1.203,+0.830
0,1269,+18.000,+18.000,+8.000,+8.000,+99.420,+104.449,+98.887,+102.058,+114.112,+144.995,+103.557,+109.548,+106.759,+115.384,+101.749,+104.006,+3.164,+12.407,+1.408,+2.346,+18.000,+8.000,+101.935,+101.285,+126.645,+104.417,+111.072,+102.557,+7.078,+1.039
0,1270,+2.000,+2.000,+3.000,+3.000,+97.192,+104.859,+100.632,+105.520,+100.452,+104.859,+102.891,+105.520,+98.822,+104.859,+102.138,+105.520,+1.630,+0.000,+1.065,+0.000,+2.000,+3.000,+101.026,+101.762,+102.655,+102.891,+101.840,+102.514,+0.815,+0.532
0,1271,+12.000,+12.000,+6.000,+6.000,+100.066,+110.963,+100.328,+103.683,+111.936,+152.638,+102.891,+116.285,+104.315,+130.253,+101.253,+108.602,+3.650,+12.577,+0.849,+5.496,+12.000,+6.000,+107.644,+101.308,+128.530,+102.891,+117.284,+101.886,+6.123,+0.571
0,1272,+8.000,+8.000,+3.000,+3.000,+98.051,+102.665,+100.816,+100.816,+106.325,+113.324,+100.816,+100.816,+102.375,+107.056,+100.816,+100.816,+2.246,+3.846,+0.000,+0.000,+8.000,+3.000,+100.507,+100.816,+108.627,+100.816,+104.715,+100.816,+2.783,+0.000
0,1273,+6.000,+6.000,+4.000,+4.000,+96.411,+101.868,+96.587,+100.816,+103.225,+130.733,+104.623,+115.443,+100.223,+109.407,+99.639,+111.786,+2.873,+10.216,+3.025,+6.334,+6.000,+4.000,+99.140,+99.476,+116.848,+108.130,+104.815,+104.126,+6.218,+3.311
0,1274,+19.000,+19.000,+3.000,+3.000,+97.305,+102.006,+100.202,+110.113,+113.041,+129.323,+100.816,+110.113,+103.450,+108.976,+100.611,+110.113,+3.029,+9.015,+0.289,+0.000,+19.000,+3.000,+100.350,+100.509,+121.182,+101.849,+106.213,+101.058,+5.313,+0.573
0,1275,+17.000,+17.000,+9.000,+9.000,+97.874,+101.827,+97.083,+102.627,+113.541,+136.214,+107.081,+125.735,+105.193,+114.227,+100.847,+114.700,+3.920,+11.263,+3.315,+9.173,+17.000,+9.000,+100.745,+98.904,+124.878,+107.427,+109.710,+102.946,+7.127,+2.620
0,1276,+14.000,+14.000,+3.000,+3.000,+100.225,+108.368,+104.872,+107.512,+120.449,+162.868,+113.425,+123.857,+108.351,+127.989,+110.187,+116.637,+6.176,+16.861,+3.788,+6.807,+14.000,+3.000,+106.245,+106.192,+136.803,+115.075,+118.170,+111.371,+10.082,+3.773
0,1277,+10.000,+10.000,+6.000,+6.000,+96.843,+102.361,+102.928,+104.872,+104.263,+143.247,+105.252,+108.239,+102.568,+114.296,+104.292,+106.619,+2.415,+14.227,+0.905,+1.625,+10.000,+6.000,+99.602,+104.011,+123.685,+106.555,+108.432,+105.041,+7.585,+0.771
0,1278,+16.000,+16.000,+3.000,+3.000,+101.698,+102.168,+100.297,+105.252,+119.745,+123.157,+100.816,+105.252,+105.870,+111.418,+100.643,+105.252,+4.351,+7.131,+0.245,+0.000,+16.000,+3.000,+101.933,+100.556,+120.210,+103.034,+108.644,+101.903,+5.054,+1.023
0,1279,+4.000,+4.000,+6.000,+6.000,+97.894,+100.533,+96.989,+101.152,+102.215,+106.280,+100.297,+161.026,+100.034,+104.843,+99.710,+124.732,+1.541,+2.488,+1.218,+24.598,+4.000,+6.000,+99.214,+100.672,+104.247,+102.154,+102.439,+101.089,+1.918,+0.577
0,1280,+7.000,+7.000,+6.000,+6.000,+102.215,+102.215,+97.489,+104.979,+105.541,+109.039,+106.716,+118.496,+103.188,+104.736,+102.881,+111.005,+1.221,+2.205,+3.123,+5.356,+7.000,+6.000,+102.215,+100.627,+105.627,+108.877,+103.962,+104.822,+1.365,+3.084
0,1281,+2.000,+2.000,+3.000,+3.000,+96.759,+98.268,+98.363,+108.697,+96.759,+100.339,+98.363,+108.697,+96.759,+99.303,+98.363,+108.697,+0.000,+1.035,+0.000,+0.000,+2.000,+3.000,+97.514,+98.449,+98.549,+101.064,+98.031,+99.891,+0.518,+1.084
0,1282,+3.000,+3.000,+7.000,+7.000,+98.952,+103.640,+95.435,+96.225,+102.660,+103.640,+99.326,+129.684,+100.846,+103.640,+98.034,+106.243,+1.515,+0.000,+1.389,+11.737,+3.000,+7.000,+101.296,+95.830,+103.150,+100.207,+102.243,+98.623,+0.757,+1.512
0,1283,+8.000,+8.000,+3.000,+3.000,+99.755,+100.805,+99.107,+113.685,+104.215,+141.644,+99.107,+127.853,+102.181,+126.620,+99.107,+118.716,+1.896,+15.604,+0.000,+6.472,+8.000,+3.000,+100.280,+99.652,+122.930,+99.652,+114.400,+99.652,+8.580,+0.000
0,1284,+17.000,+17.000,+4.000,+4.000,+101.043,+102.998,+98.323,+99.496,+124.335,+158.558,+100.500,+101.252,+107.849,+119.590,+99.466,+100.285,+6.679,+16.368,+0.772,+0.627,+17.000,+4.000,+102.020,+98.909,+141.446,+100.540,+113.719,+99.792,+10.880,+0.580
0,1285,+9.000,+9.000,+5.000,+5.000,+97.347,+98.114,+97.399,+99.496,+106.609,+134.874,+100.197,+104.948,+102.059,+113.948,+99.035,+102.767,+3.356,+14.601,+1.274,+2.671,+9.000,+5.000,+97.740,+98.447,+119.741,+102.379,+108.003,+100.645,+7.976,+1.773
0,1286,+5.000,+5.000,+9.000,+9.000,+98.221,+100.791,+96.130,+97.352,+103.923,+108.152,+99.787,+149.012,+100.335,+105.208,+97.830,+113.417,+1.972,+3.606,+1.569,+20.051,+5.000,+9.000,+99.506,+96.577,+106.038,+102.758,+102.771,+98.958,+2.604,+2.012
0,1287,+16.000,+16.000,+8.000,+8.000,+99.197,+100.586,+99.232,+100.197,+104.499,+142.718,+101.303,+113.885,+101.312,+111.688,+100.435,+104.147,+1.787,+14.383,+0.737,+4.494,+16.000,+8.000,+99.968,+100.197,+121.677,+102.209,+106.500,+100.835,+7.321,+0.675
0,1288,+14.000,+14.000,+9.000,+9.000,+100.431,+101.032,+103.730,+104.926,+117.777,+153.093,+104.926,+113.461,+105.461,+121.502,+104.148,+107.194,+5.786,+19.761,+0.458,+2.725,+14.000,+9.000,+100.731,+104.175,+135.435,+109.194,+113.482,+105.332,+12.465,+1.646
0,1289,+16.000,+16.000,+9.000,+9.000,+97.931,+100.375,+96.858,+102.025,+122.260,+150.461,+105.510,+110.348,+106.287,+119.234,+99.650,+108.020,+7.303,+15.435,+2.498,+2.624,+16.000,+9.000,+99.153,+100.627,+130.124,+107.608,+112.760,+103.221,+9.980,+2.834
0,1290,+14.000,+14.000,+6.000,+6.000,+98.920,+102.048,+99.018,+103.969,+113.929,+140.592,+103.969,+139.278,+102.283,+115.345,+101.906,+115.785,+3.910,+9.112,+2.222,+13.639,+14.000,+6.000,+100.484,+102.482,+127.261,+107.868,+108.814,+104.815,+6.127,+2.231
0,1291,+1.000,+1.000,+5.000,+5.000,+97.812,+99.004,+98.591,+103.115,+97.812,+99.004,+103.802,+106.387,+97.812,+99.004,+101.556,+105.693,+0.000,+0.000,+1.921,+1.291,+1.000,+5.000,+98.408,+102.049,+98.408,+105.094,+98.408,+104.300,+0.000,+1.136
0,1292,+6.000,+6.000,+3.000,+3.000,+97.985,+101.460,+97.133,+111.153,+102.048,+119.533,+101.517,+111.153,+100.053,+111.441,+98.595,+111.153,+1.994,+6.301,+2.067,+0.000,+6.000,+3.000,+99.779,+99.325,+110.791,+103.952,+105.747,+100.867,+3.527,+2.181
0,1293,+5.000,+5.000,+6.000,+6.000,+96.697,+99.974,+98.578,+98.578,+101.031,+103.702,+100.521,+129.759,+99.283,+101.853,+99.264,+114.194,+2.112,+1.564,+0.889,+15.565,+5.000,+6.000,+98.336,+98.578,+102.366,+101.019,+100.568,+99.586,+1.750,+1.069
0,1294,+14.000,+14.000,+3.000,+3.000,+96.728,+99.972,+98.470,+98.608,+118.733,+162.470,+100.643,+105.122,+103.646,+116.442,+99.194,+101.878,+5.195,+24.180,+1.025,+2.660,+14.000,+3.000,+98.350,+98.513,+140.601,+101.080,+110.044,+99.369,+13.713,+1.210
0,1295,+16.000,+16.000,+6.000,+6.000,+97.309,+101.407,+98.376,+103.115,+119.826,+133.634,+101.517,+115.239,+103.416,+114.692,+100.449,+106.195,+5.250,+12.299,+0.981,+4.363,+16.000,+6.000,+99.864,+101.067,+126.045,+102.316,+109.054,+101.539,+8.140,+0.554
0,1296,+16.000,+16.000,+9.000,+9.000,+95.623,+98.470,+97.039,+105.530,+109.793,+112.195,+102.869,+141.924,+101.641,+103.931,+100.923,+114.447,+4.595,+4.607,+2.027,+12.978,+16.000,+9.000,+97.046,+99.951,+110.994,+107.339,+102.786,+102.666,+4.371,+2.002
0,1297,+8.000,+8.000,+10.000,+10.000,+99.722,+104.305,+97.839,+102.362,+118.768,+136.419,+103.222,+153.285,+107.094,+124.359,+102.299,+127.027,+6.440,+12.226,+1.541,+18.431,+8.000,+10.000,+102.014,+102.076,+127.096,+104.692,+115.726,+104.114,+8.206,+0.847
0,1298,+12.000,+12.000,+3.000,+3.000,+99.356,+101.807,+99.847,+118.162,+105.046,+116.231,+101.517,+118.162,+101.386,+107.806,+100.960,+118.162,+1.554,+4.495,+0.788,+0.000,+12.000,+3.000,+101.684,+100.941,+110.639,+102.471,+104.596,+101.729,+2.624,+0.625
0,1299,+9.000,+9.000,+3.000,+3.000,+98.936,+101.680,+95.012,+102.997,+104.566,+118.319,+95.012,+102.997,+102.656,+111.018,+95.012,+102.997,+1.725,+7.902,+0.000,+0.000,+9.000,+3.000,+100.308,+96.157,+111.442,+96.157,+106.837,+96.157,+4.651,+0.000
0,1300,+5.000,+5.000,+4.000,+4.000,+97.954,+101.910,+99.738,+100.100,+101.055,+103.754,+105.949,+107.606,+98.845,+102.442,+103.487,+105.730,+1.119,+0.728,+2.625,+3.250,+5.000,+4.000,+100.158,+99.919,+101.483,+106.383,+100.643,+104.032,+0.495,+2.661
0,1301,+18.000,+18.000,+3.000,+3.000,+95.574,+98.039,+101.517,+105.169,+103.866,+119.564,+101.517,+105.169,+99.781,+108.882,+101.517,+105.169,+1.656,+8.637,+0.000,+0.000,+18.000,+3.000,+96.806,+101.564,+109.886,+103.343,+104.331,+102.349,+4.644,+0.741
0,1302,+10.000,+10.000,+3.000,+3.000,+98.153,+99.164,+99.157,+110.170,+102.823,+121.430,+101.612,+151.165,+99.800,+104.295,+100.793,+137.500,+1.602,+8.584,+1.157,+19.325,+10.000,+3.000,+98.901,+100.384,+112.127,+102.683,+102.048,+101.916,+5.032,+1.084
0,1303,+3.000,+3.000,+0.000,+0.000,+96.724,+109.976,NaN,NaN,+103.081,+131.220,NaN,NaN,+100.676,+117.589,NaN,NaN,+2.816,+9.660,NaN,NaN,+3.000,+0.000,+103.350,NaN,+116.722,NaN,+109.133,NaN,+5.606,NaN
0,1304,+3.000,+3.000,+12.000,+12.000,+98.478,+169.942,+99.393,+104.229,+109.816,+169.942,+104.229,+137.583,+102.782,+169.942,+102.435,+117.469,+5.015,+0.000,+1.608,+10.154,+3.000,+12.000,+134.210,+103.427,+139.879,+105.013,+136.362,+104.158,+2.507,+0.446
0,1305,+12.000,+12.000,+4.000,+4.000,+100.711,+100.711,+98.296,+98.960,+106.540,+127.323,+102.760,+105.919,+102.309,+108.745,+101.256,+102.599,+1.545,+10.742,+1.738,+2.466,+12.000,+4.000,+100.711,+98.628,+116.932,+102.760,+105.527,+101.519,+5.785,+1.678
0,1306,+6.000,+6.000,+14.000,+14.000,+96.610,+99.598,+96.650,+101.983,+100.256,+119.867,+105.835,+138.121,+98.101,+106.436,+101.952,+117.373,+1.341,+7.887,+3.005,+12.895,+6.000,+14.000,+98.421,+99.317,+108.761,+108.437,+102.268,+104.942,+4.075,+2.500
0,1307,+10.000,+10.000,+11.000,+11.000,+98.686,+101.093,+99.647,+102.926,+102.884,+143.144,+107.815,+122.126,+101.938,+114.053,+101.980,+113.414,+1.430,+17.869,+2.198,+7.085,+10.000,+11.000,+99.891,+100.935,+123.014,+109.717,+107.995,+106.204,+9.104,+3.335
0,1308,+14.000,+14.000,+7.000,+7.000,+100.687,+101.064,+98.681,+102.446,+103.881,+148.312,+105.554,+134.857,+102.393,+106.393,+102.369,+112.818,+0.908,+11.669,+1.976,+10.104,+14.000,+7.000,+100.876,+100.193,+124.796,+109.768,+104.393,+104.419,+5.729,+3.554
0,1309,+12.000,+12.000,+6.000,+6.000,+100.155,+102.704,+97.415,+99.111,+128.189,+136.794,+101.277,+104.895,+104.813,+109.921,+98.894,+101.488,+7.246,+10.422,+1.313,+1.936,+12.000,+6.000,+101.487,+98.263,+132.491,+101.809,+107.367,+99.570,+8.537,+1.108
0,1310,+6.000,+6.000,+3.000,+3.000,+96.476,+101.833,+101.788,+103.720,+102.477,+107.476,+101.788,+103.720,+100.704,+104.495,+101.788,+103.720,+1.994,+1.799,+0.000,+0.000,+6.000,+3.000,+99.155,+101.788,+103.903,+102.246,+102.599,+101.941,+1.603,+0.216
0,1311,+6.000,+6.000,+3.000,+3.000,+95.614,+96.500,+96.223,+97.977,+98.964,+102.884,+96.223,+110.977,+96.652,+100.383,+96.223,+105.977,+1.220,+2.699,+0.000,+5.715,+6.000,+3.000,+96.057,+97.100,+100.028,+99.959,+98.518,+99.006,+1.627,+1.348
0,1312,+13.000,+13.000,+6.000,+6.000,+99.138,+101.425,+97.430,+98.746,+107.601,+138.862,+100.745,+117.694,+101.918,+110.582,+98.794,+106.426,+2.901,+11.826,+1.155,+7.922,+13.000,+6.000,+100.281,+98.197,+122.988,+101.159,+106.250,+99.493,+7.115,+1.048
0,1313,+12.000,+12.000,+0.000,+0.000,+97.472,+99.526,NaN,NaN,+104.528,+124.303,NaN,NaN,+100.704,+105.420,NaN,NaN,+2.534,+7.012,NaN,NaN,+12.000,+0.000,+98.499,NaN,+114.415,NaN,+103.062,NaN,+4.567,NaN
0,1314,+7.000,+7.000,+9.000,+9.000,+97.589,+99.552,+99.673,+102.939,+103.504,+115.826,+107.718,+126.825,+100.704,+106.090,+102.671,+118.807,+1.681,+6.477,+2.305,+11.220,+7.000,+9.000,+98.571,+101.306,+109.383,+109.869,+103.397,+105.984,+3.891,+2.934
0,1315,+9.000,+9.000,+8.000,+8.000,+101.351,+103.881,+96.619,+108.604,+107.454,+121.170,+104.939,+142.062,+102.644,+109.974,+100.362,+121.431,+1.962,+6.519,+3.056,+12.388,+9.000,+8.000,+102.616,+99.678,+112.194,+105.283,+106.309,+103.245,+3.729,+1.669
0,1316,+18.000,+18.000,+3.000,+3.000,+95.620,+101.351,+97.038,+107.255,+111.257,+138.358,+100.746,+112.113,+102.391,+110.446,+99.510,+110.494,+3.741,+11.029,+1.748,+2.290,+18.000,+3.000,+98.485,+99.363,+121.292,+101.056,+106.419,+100.492,+6.834,+0.798
0,1317,+14.000,+14.000,+6.000,+6.000,+97.515,+101.740,+103.597,+113.885,+115.383,+146.075,+109.068,+135.495,+102.370,+113.955,+105.219,+125.894,+4.164,+14.345,+1.974,+9.676,+14.000,+6.000,+99.941,+103.855,+130.729,+112.019,+108.162,+106.625,+8.510,+2.978
0,1318,+7.000,+7.000,+12.000,+12.000,+98.340,+102.458,+95.903,+102.939,+101.740,+155.908,+107.804,+143.026,+99.943,+119.758,+102.034,+116.603,+1.561,+18.998,+3.815,+12.788,+7.000,+12.000,+100.569,+102.145,+128.824,+108.668,+109.850,+104.723,+9.528,+2.404
0,1319,+9.000,+9.000,+6.000,+6.000,+98.173,+99.818,+99.771,+102.524,+107.339,+138.002,+108.036,+137.524,+101.024,+111.862,+102.344,+115.268,+2.846,+14.088,+2.719,+11.473,+9.000,+6.000,+98.996,+101.161,+120.439,+113.610,+106.443,+105.670,+7.610,+4.392
0,1320,+8.000,+8.000,+4.000,+4.000,+97.492,+100.963,+101.183,+101.351,+101.740,+114.704,+101.330,+101.884,+100.499,+109.201,+101.220,+101.484,+1.443,+5.556,+0.064,+0.231,+8.000,+4.000,+99.373,+101.256,+107.824,+101.618,+104.850,+101.368,+3.301,+0.148
0,1321,+3.000,+3.000,+3.000,+3.000,+97.174,+100.218,+96.888,+101.884,+99.813,+100.218,+101.183,+101.884,+98.721,+100.218,+98.320,+101.884,+1.124,+0.000,+2.025,+0.000,+3.000,+3.000,+98.696,+99.035,+100.015,+101.534,+99.469,+99.868,+0.562,+1.178
0,1322,+8.000,+8.000,+7.000,+7.000,+98.436,+99.761,+102.174,+102.985,+99.712,+115.000,+104.646,+156.524,+99.109,+104.665,+103.455,+128.413,+0.519,+5.519,+0.880,+24.091,+8.000,+7.000,+99.557,+102.580,+106.718,+105.955,+101.887,+103.953,+2.602,+1.025
0,1323,+9.000,+9.000,+10.000,+10.000,+95.421,+101.193,+99.712,+105.120,+103.780,+120.461,+109.214,+125.031,+99.446,+108.528,+103.640,+115.569,+2.540,+6.130,+3.107,+7.979,+9.000,+10.000,+99.408,+104.384,+111.272,+117.122,+103.987,+107.347,+3.529,+4.418
0,1324,+16.000,+16.000,+5.000,+5.000,+95.396,+95.752,+102.143,+103.448,+130.626,+138.394,+108.602,+109.214,+101.270,+108.005,+104.085,+107.322,+7.913,+12.187,+2.442,+2.407,+16.000,+5.000,+95.574,+102.500,+134.510,+108.908,+104.637,+104.637,+9.256,+2.357
0,1325,+6.000,+6.000,+3.000,+3.000,+96.964,+98.667,+96.653,+100.229,+104.716,+111.534,+96.653,+100.229,+100.454,+104.416,+96.653,+100.229,+2.384,+5.193,+0.000,+0.000,+6.000,+3.000,+97.816,+98.441,+108.125,+98.441,+102.435,+98.441,+3.708,+0.000
0,1326,+0.000,+0.000,+8.000,+8.000,NaN,NaN,+96.935,+101.572,NaN,NaN,+102.824,+116.177,NaN,NaN,+101.008,+105.803,NaN,NaN,+2.050,+4.955,+0.000,+8.000,NaN,+99.880,NaN,+103.154,NaN,+101.804,NaN,+1.166
0,1327,+12.000,+12.000,+9.000,+9.000,+98.667,+100.229,+99.197,+102.142,+104.002,+125.717,+103.942,+121.189,+100.826,+106.475,+101.603,+109.740,+1.946,+7.709,+1.410,+8.249,+12.000,+9.000,+99.448,+100.216,+114.782,+104.733,+103.650,+102.538,+4.290,+1.402
0,1328,+5.000,+5.000,+13.000,+13.000,+101.235,+101.987,+100.597,+104.646,+103.560,+109.214,+108.254,+132.763,+102.526,+106.512,+103.939,+114.807,+1.071,+3.322,+2.616,+10.191,+5.000,+13.000,+101.611,+102.663,+106.387,+108.254,+104.519,+106.040,+2.188,+1.848
0,1329,+14.000,+14.000,+6.000,+6.000,+97.295,+101.235,+101.297,+102.703,+104.002,+116.564,+103.823,+104.617,+99.637,+106.113,+102.656,+104.034,+1.748,+5.160,+0.746,+0.693,+14.000,+6.000,+99.316,+101.403,+108.527,+103.823,+102.875,+102.954,+3.083,+0.786
0,1330,+9.000,+9.000,+7.000,+7.000,+101.235,+111.196,+96.122,+96.122,+118.116,+140.030,+102.978,+103.823,+103.807,+124.008,+99.736,+102.009,+5.342,+10.133,+2.149,+2.524,+9.000,+7.000,+106.215,+96.122,+125.518,+103.401,+113.907,+100.663,+6.182,+2.227
0,1331,+1.000,+1.000,+8.000,+8.000,+100.027,+100.054,+95.472,+101.582,+100.027,+100.054,+103.240,+112.582,+100.027,+100.054,+101.001,+106.864,+0.000,+0.000,+2.264,+3.696,+1.000,+8.000,+100.041,+101.281,+100.041,+104.368,+100.041,+102.849,+0.000,+1.235
0,1332,+3.000,+3.000,+14.000,+14.000,+97.681,+101.572,+98.658,+107.299,+100.951,+110.648,+107.713,+144.442,+98.887,+106.312,+102.973,+128.587,+1.466,+3.716,+2.946,+12.914,+3.000,+14.000,+99.801,+102.110,+105.800,+117.503,+102.600,+106.499,+2.465,+4.864
0,1333,+13.000,+13.000,+6.000,+6.000,+97.856,+99.283,+97.907,+99.190,+101.672,+115.726,+102.237,+118.882,+100.200,+103.273,+100.180,+105.176,+0.994,+4.940,+2.066,+6.387,+13.000,+6.000,+98.569,+98.230,+107.877,+102.939,+101.737,+101.165,+2.699,+1.612
0,1334,+7.000,+7.000,+11.000,+11.000,+97.090,+99.063,+99.449,+101.059,+101.101,+120.250,+105.366,+122.102,+99.981,+105.547,+101.323,+109.890,+1.526,+7.913,+1.954,+8.016,+7.000,+11.000,+98.597,+99.650,+110.568,+105.494,+102.764,+102.561,+4.339,+1.804
0,1335,+9.000,+9.000,+13.000,+13.000,+100.538,+101.210,+101.207,+102.396,+107.196,+108.941,+106.623,+164.939,+102.738,+104.389,+103.916,+139.690,+2.479,+2.983,+1.813,+18.789,+9.000,+13.000,+100.874,+102.001,+107.971,+118.972,+103.564,+108.492,+2.546,+5.914
0,1336,+6.000,+6.000,+7.000,+7.000,+99.961,+105.020,+96.722,+97.000,+107.196,+155.537,+105.366,+145.547,+102.943,+122.460,+101.960,+120.408,+3.036,+19.516,+2.625,+14.687,+6.000,+7.000,+103.115,+96.861,+127.749,+105.368,+112.702,+103.253,+9.182,+2.730
0,1337,+0.000,+0.000,+10.000,+10.000,NaN,NaN,+96.082,+102.653,NaN,NaN,+103.415,+125.054,NaN,NaN,+99.708,+111.101,NaN,NaN,+2.514,+8.116,+0.000,+10.000,NaN,+97.594,NaN,+103.529,NaN,+102.008,NaN,+1.778
0,1338,+4.000,+4.000,+6.000,+6.000,+100.040,+108.359,+99.731,+101.541,+107.196,+123.343,+103.643,+120.019,+102.834,+112.105,+101.303,+112.250,+2.686,+6.488,+1.477,+6.035,+4.000,+6.000,+104.891,+100.093,+111.692,+104.505,+107.470,+102.156,+2.664,+1.767
0,1339,+12.000,+12.000,+3.000,+3.000,+100.886,+102.495,+96.637,+100.480,+107.196,+133.407,+100.570,+109.666,+103.929,+114.111,+97.948,+105.554,+2.546,+11.579,+1.854,+3.812,+12.000,+3.000,+102.173,+96.953,+120.302,+101.128,+109.020,+98.345,+6.902,+1.968
0,1340,+8.000,+8.000,+12.000,+12.000,+97.402,+97.675,+99.003,+105.616,+113.259,+127.813,+109.295,+128.329,+103.549,+113.068,+102.772,+115.262,+4.370,+11.825,+3.341,+7.363,+8.000,+12.000,+97.539,+104.426,+120.536,+112.344,+108.309,+109.169,+7.117,+3.089
0,1341,+13.000,+13.000,+12.000,+12.000,+97.297,+97.923,+98.120,+101.068,+108.289,+128.000,+105.366,+139.186,+102.122,+108.763,+101.606,+117.129,+2.724,+10.730,+2.459,+13.348,+13.000,+12.000,+97.610,+100.386,+118.144,+106.552,+105.442,+103.174,+6.197,+2.142
0,1342,+15.000,+15.000,+7.000,+7.000,+99.677,+101.278,+97.186,+98.101,+104.890,+117.456,+100.097,+145.910,+101.705,+104.971,+97.955,+120.411,+1.388,+4.301,+0.969,+19.676,+15.000,+7.000,+100.792,+97.417,+111.173,+104.259,+103.338,+99.656,+2.587,+2.532
0,1343,+9.000,+9.000,+8.000,+8.000,+100.500,+101.278,+101.781,+108.505,+102.963,+117.618,+105.602,+133.393,+101.206,+106.190,+103.345,+120.710,+0.715,+5.609,+1.089,+9.990,+9.000,+8.000,+100.889,+102.287,+110.291,+105.965,+103.698,+104.527,+3.114,+1.289
0,1344,+7.000,+7.000,+13.000,+13.000,+98.869,+99.599,+97.043,+104.185,+101.278,+101.712,+104.869,+121.420,+100.396,+101.162,+101.543,+111.962,+0.812,+0.666,+2.876,+6.322,+7.000,+13.000,+99.234,+101.005,+101.384,+106.878,+100.779,+104.885,+0.682,+1.697
0,1345,+6.000,+6.000,+10.000,+10.000,+99.673,+100.306,+97.099,+98.364,+101.643,+101.643,+104.600,+148.027,+100.649,+101.189,+99.384,+122.451,+0.976,+0.624,+2.534,+19.102,+6.000,+10.000,+99.990,+98.123,+101.643,+104.785,+100.919,+101.328,+0.743,+2.582
0,1346,+3.000,+3.000,+6.000,+6.000,+100.537,+101.643,+95.014,+98.709,+101.643,+101.643,+103.383,+132.172,+101.274,+101.643,+99.942,+115.887,+0.521,+0.000,+2.824,+10.653,+3.000,+6.000,+101.090,+98.064,+101.643,+103.776,+101.459,+101.837,+0.261,+2.204
0,1347,+6.000,+6.000,+11.000,+11.000,+98.597,+100.306,+96.878,+102.670,+99.969,+115.842,+104.458,+114.552,+99.624,+108.074,+101.094,+107.820,+0.471,+7.768,+2.697,+4.912,+6.000,+11.000,+99.451,+102.598,+107.798,+105.486,+103.849,+103.296,+3.947,+0.812
0,1348,+10.000,+10.000,+9.000,+9.000,+99.311,+100.104,+96.903,+97.626,+107.133,+144.067,+104.067,+125.577,+101.007,+114.626,+99.832,+108.175,+2.195,+16.581,+2.501,+9.557,+10.000,+9.000,+99.707,+97.265,+123.310,+104.067,+107.817,+101.172,+9.107,+2.780
0,1349,+6.000,+6.000,+3.000,+3.000,+98.181,+99.311,+100.351,+110.462,+101.055,+105.737,+101.239,+110.462,+99.556,+102.524,+100.943,+110.462,+0.962,+3.213,+0.419,+0.000,+6.000,+3.000,+98.746,+101.835,+103.396,+103.876,+101.040,+102.793,+2.050,+0.838
0,1350,+3.000,+3.000,+12.000,+12.000,+98.279,+114.764,+96.726,+100.106,+104.235,+123.964,+105.204,+122.173,+101.723,+120.146,+101.531,+108.057,+2.519,+3.915,+3.136,+6.442,+3.000,+12.000,+106.521,+99.843,+114.099,+107.439,+110.935,+103.592,+3.217,+2.300
0,1351,+8.000,+8.000,+12.000,+12.000,+96.453,+98.884,+96.684,+102.260,+101.216,+103.058,+104.241,+126.544,+99.506,+100.925,+100.254,+113.534,+1.373,+1.254,+2.591,+8.017,+8.000,+12.000,+98.280,+100.834,+101.995,+104.324,+100.215,+103.170,+1.175,+1.029
0,1352,+7.000,+7.000,+12.000,+12.000,+99.738,+99.754,+97.339,+102.738,+100.106,+104.380,+102.260,+127.709,+99.902,+101.384,+100.294,+108.822,+0.176,+1.610,+1.973,+7.780,+7.000,+12.000,+99.754,+100.841,+102.059,+103.892,+100.643,+102.264,+0.837,+0.984
0,1353,+3.000,+3.000,+14.000,+14.000,+101.020,+102.187,+95.903,+102.841,+102.708,+102.708,+109.771,+147.220,+101.661,+102.361,+102.329,+119.838,+0.747,+0.246,+3.421,+13.887,+3.000,+14.000,+101.603,+100.065,+102.708,+110.813,+102.011,+106.720,+0.496,+2.603
0,1354,+3.000,+3.000,+10.000,+10.000,+103.562,+106.098,+99.766,+105.069,+104.713,+112.802,+101.942,+122.888,+103.945,+110.234,+101.046,+111.402,+0.543,+2.953,+0.896,+5.163,+3.000,+10.000,+105.405,+100.854,+108.182,+102.442,+107.090,+101.962,+1.208,+0.602
0,1355,+13.000,+13.000,+7.000,+7.000,+96.813,+99.721,+96.923,+100.805,+120.312,+148.474,+106.753,+115.755,+104.268,+113.914,+101.414,+110.783,+6.589,+16.551,+4.060,+5.097,+13.000,+7.000,+98.267,+98.864,+133.765,+107.757,+109.091,+105.320,+11.310,+2.814
0,1356,+6.000,+6.000,+10.000,+10.000,+99.508,+100.580,+97.864,+107.615,+101.315,+127.768,+105.678,+165.824,+100.208,+111.547,+100.509,+128.314,+0.541,+11.225,+2.419,+19.363,+6.000,+10.000,+100.343,+100.297,+113.937,+106.684,+105.877,+103.673,+5.470,+2.350
0,1357,+3.000,+3.000,+6.000,+6.000,+100.282,+107.035,+102.274,+104.869,+101.315,+107.035,+103.545,+132.245,+100.971,+107.035,+102.817,+114.078,+0.487,+0.000,+0.416,+10.264,+3.000,+6.000,+103.659,+102.636,+104.175,+103.881,+104.003,+103.229,+0.243,+0.369
0,1358,+7.000,+7.000,+11.000,+11.000,+98.868,+100.026,+95.731,+98.154,+107.035,+130.689,+102.997,+134.646,+101.572,+111.027,+98.394,+105.543,+2.640,+10.125,+2.023,+9.808,+7.000,+11.000,+99.923,+97.804,+118.862,+103.144,+106.300,+99.582,+6.024,+1.950
0,1359,+3.000,+3.000,+5.000,+5.000,+99.793,+115.656,+98.350,+98.918,+100.106,+115.656,+99.294,+107.957,+99.898,+115.656,+98.879,+101.538,+0.147,+0.000,+0.302,+3.574,+3.000,+5.000,+107.725,+98.634,+107.881,+99.983,+107.777,+99.074,+0.074,+0.468
0,1360,+6.000,+6.000,+15.000,+15.000,+99.485,+100.489,+97.625,+101.661,+101.879,+102.150,+102.455,+119.414,+100.365,+101.596,+99.627,+111.291,+0.939,+0.783,+1.411,+6.112,+6.000,+15.000,+99.987,+101.057,+102.014,+102.662,+100.981,+101.897,+0.786,+0.611
0,1361,+7.000,+7.000,+12.000,+12.000,+100.793,+102.150,+99.080,+103.196,+102.047,+102.870,+115.795,+153.894,+101.302,+102.253,+104.349,+126.509,+0.436,+0.252,+5.911,+14.116,+7.000,+12.000,+101.472,+102.089,+102.099,+116.199,+101.777,+109.122,+0.193,+6.094
0,1362,+6.000,+6.000,+10.000,+10.000,+99.457,+101.341,+97.493,+102.023,+101.341,+104.965,+101.493,+113.753,+100.399,+103.153,+99.807,+106.968,+0.942,+1.812,+1.498,+3.191,+6.000,+10.000,+100.399,+98.682,+103.153,+101.686,+101.776,+100.787,+1.377,+1.126
0,1363,+0.000,+0.000,+5.000,+5.000,NaN,NaN,+95.125,+97.937,NaN,NaN,+100.042,+104.597,NaN,NaN,+98.407,+102.149,NaN,NaN,+1.694,+3.018,+0.000,+5.000,NaN,+96.531,NaN,+101.285,NaN,+99.160,NaN,+1.529
0,1364,+8.000,+8.000,+9.000,+9.000,+102.236,+103.245,+96.494,+109.274,+108.732,+116.174,+106.896,+145.419,+106.000,+110.870,+100.479,+121.445,+2.235,+3.606,+3.250,+12.078,+8.000,+9.000,+103.078,+101.560,+112.453,+107.785,+108.435,+102.962,+2.680,+2.579
0,1365,+10.000,+10.000,+14.000,+14.000,+101.812,+102.781,+96.288,+110.590,+121.657,+127.065,+100.903,+126.346,+107.457,+114.279,+98.292,+116.622,+5.548,+8.380,+1.517,+4.416,+10.000,+14.000,+102.500,+97.920,+124.361,+104.049,+110.868,+100.493,+6.280,+2.162
0,1366,+14.000,+14.000,+3.000,+3.000,+100.011,+102.098,+97.952,+99.529,+117.525,+149.061,+98.288,+99.529,+105.554,+114.232,+98.064,+99.529,+5.758,+12.177,+0.158,+0.000,+14.000,+3.000,+101.054,+98.120,+131.574,+98.908,+109.893,+98.383,+8.356,+0.372
0,1367,+3.000,+3.000,+10.000,+10.000,+101.851,+117.258,+96.202,+97.727,+111.117,+117.258,+100.924,+127.838,+104.942,+117.258,+98.475,+113.114,+4.366,+0.000,+1.649,+8.343,+3.000,+10.000,+109.554,+97.292,+114.187,+102.322,+111.100,+100.922,+2.183,+1.463
0,1368,+11.000,+11.000,+16.000,+16.000,+97.144,+98.362,+99.739,+111.584,+101.906,+111.926,+111.944,+130.908,+100.422,+105.193,+104.815,+124.076,+2.017,+3.729,+3.601,+5.749,+11.000,+16.000,+97.753,+105.763,+106.689,+114.544,+102.807,+111.235,+2.386,+3.783
0,1369,+3.000,+3.000,+11.000,+11.000,+101.081,+101.424,+100.668,+109.617,+101.418,+101.424,+107.410,+132.412,+101.306,+101.424,+103.163,+125.216,+0.158,+0.000,+1.921,+7.676,+3.000,+11.000,+101.253,+102.985,+101.421,+107.829,+101.365,+105.772,+0.079,+1.623
0,1370,+9.000,+9.000,+0.000,+0.000,+101.170,+101.424,NaN,NaN,+105.765,+108.732,NaN,NaN,+102.154,+104.639,NaN,NaN,+1.310,+3.127,NaN,NaN,+9.000,+0.000,+101.297,NaN,+105.777,NaN,+103.396,NaN,+1.752,NaN
0,1371,+9.000,+9.000,+15.000,+15.000,+100.478,+102.629,+96.605,+101.248,+104.069,+113.990,+103.922,+129.087,+101.996,+106.639,+99.573,+108.452,+1.261,+3.959,+2.658,+8.380,+9.000,+15.000,+102.053,+100.109,+108.310,+105.663,+104.318,+102.146,+2.278,+1.429
0,1372,+12.000,+12.000,+12.000,+12.000,+101.906,+101.906,+102.296,+105.804,+121.824,+132.192,+105.765,+147.276,+104.762,+107.765,+104.561,+115.657,+5.449,+9.549,+1.282,+11.920,+12.000,+12.000,+101.906,+102.981,+123.459,+106.019,+106.264,+105.555,+7.094,+0.788
0,1373,+4.000,+4.000,+10.000,+10.000,+100.121,+105.765,+96.604,+98.197,+104.425,+105.967,+103.701,+118.595,+101.954,+105.816,+98.330,+109.762,+1.556,+0.087,+1.956,+5.864,+4.000,+10.000,+103.044,+97.267,+105.095,+103.935,+103.885,+100.153,+0.749,+2.615
0,1374,+9.000,+9.000,+9.000,+9.000,+97.032,+99.650,+98.892,+102.411,+102.028,+105.765,+103.436,+107.698,+100.019,+102.811,+100.730,+103.837,+1.452,+2.473,+1.698,+1.470,+9.000,+9.000,+98.388,+101.302,+103.897,+103.545,+101.415,+102.805,+1.794,+0.726
0,1375,+9.000,+9.000,+6.000,+6.000,+98.612,+98.979,+96.639,+102.687,+102.232,+134.413,+100.970,+120.176,+100.782,+112.212,+98.368,+110.020,+1.277,+15.734,+1.851,+5.892,+9.000,+6.000,+98.795,+99.090,+118.322,+101.596,+106.497,+100.761,+7.855,+1.182
0,1376,+0.000,+0.000,+10.000,+10.000,NaN,NaN,+97.054,+104.374,NaN,NaN,+101.768,+126.751,NaN,NaN,+99.484,+112.506,NaN,NaN,+1.707,+7.932,+0.000,+10.000,NaN,+98.788,NaN,+102.090,NaN,+100.919,NaN,+0.825
0,1377,+6.000,+6.000,+7.000,+7.000,+97.972,+101.032,+97.777,+101.568,+101.248,+102.035,+101.399,+105.508,+100.052,+101.534,+100.004,+103.035,+1.008,+0.502,+1.405,+1.176,+6.000,+7.000,+99.502,+100.001,+101.642,+101.990,+100.793,+101.410,+0.687,+0.618
0,1378,+9.000,+9.000,+10.000,+10.000,+98.381,+101.327,+98.170,+105.419,+104.008,+126.181,+104.727,+115.909,+100.798,+110.142,+102.165,+108.941,+1.928,+11.360,+1.984,+3.889,+9.000,+10.000,+99.854,+101.572,+115.095,+107.835,+105.470,+104.222,+6.427,+1.896
0,1379,+2.000,+2.000,+3.000,+3.000,+100.893,+115.318,+96.088,+102.234,+102.216,+115.318,+101.888,+102.251,+101.555,+115.318,+99.645,+102.240,+0.662,+0.000,+2.544,+0.008,+2.000,+3.000,+108.106,+99.170,+108.767,+102.061,+108.436,+100.942,+0.331,+1.268
0,1380,+9.000,+9.000,+5.000,+5.000,+97.970,+100.641,+99.296,+99.623,+102.873,+106.641,+102.341,+103.571,+100.359,+102.488,+100.181,+102.043,+1.196,+1.671,+1.129,+1.301,+9.000,+5.000,+99.306,+99.460,+103.343,+102.799,+101.423,+100.678,+1.171,+1.217
0,1381,+6.000,+6.000,+13.000,+13.000,+98.536,+101.327,+96.357,+104.292,+102.873,+102.873,+107.393,+128.342,+100.624,+102.100,+101.308,+112.361,+1.256,+0.773,+3.902,+7.456,+6.000,+13.000,+100.704,+99.912,+102.873,+111.203,+101.362,+104.920,+0.753,+3.398
0,1382,+12.000,+12.000,+5.000,+5.000,+99.896,+100.409,+99.092,+100.169,+115.663,+117.370,+101.769,+111.670,+105.854,+110.809,+99.647,+105.146,+5.822,+6.424,+1.061,+4.926,+12.000,+5.000,+100.153,+99.647,+116.516,+104.433,+108.331,+101.667,+5.246,+1.584
0,1383,+3.000,+3.000,+6.000,+6.000,+97.680,+111.050,+98.508,+102.311,+99.944,+111.050,+114.472,+119.005,+98.616,+111.050,+103.312,+112.464,+0.965,+0.000,+5.185,+7.212,+3.000,+6.000,+104.365,+99.443,+105.497,+115.763,+104.833,+106.448,+0.482,+6.708
0,1384,+0.000,+0.000,+1.000,+1.000,NaN,NaN,+100.896,+102.930,NaN,NaN,+100.896,+102.930,NaN,NaN,+100.896,+102.930,NaN,NaN,+0.000,+0.000,+0.000,+1.000,NaN,+101.913,NaN,+101.913,NaN,+101.913,NaN,+0.000
0,1385,+11.000,+11.000,+7.000,+7.000,+98.435,+102.341,+96.422,+102.930,+107.437,+107.951,+103.727,+129.337,+101.838,+106.081,+100.336,+115.844,+2.604,+2.208,+2.509,+11.830,+11.000,+7.000,+100.996,+100.075,+107.694,+106.699,+103.959,+103.361,+1.817,+2.135
0,1386,+11.000,+11.000,+7.000,+7.000,+96.440,+97.243,+98.946,+100.463,+104.834,+148.436,+114.273,+128.031,+100.705,+116.645,+104.422,+115.906,+2.488,+17.572,+5.441,+11.331,+11.000,+7.000,+96.842,+99.705,+125.690,+121.152,+108.675,+107.943,+9.214,+6.680
0,1387,+3.000,+3.000,+5.000,+5.000,+98.399,+102.934,+96.710,+97.713,+102.233,+102.934,+101.387,+107.678,+100.739,+102.934,+97.965,+102.947,+1.676,+0.000,+1.819,+4.411,+3.000,+5.000,+100.666,+97.212,+102.583,+104.532,+101.836,+99.680,+0.838,+2.781
0,1388,+10.000,+10.000,+9.000,+9.000,+97.352,+97.408,+96.074,+112.881,+102.570,+106.261,+103.379,+146.735,+99.540,+100.979,+100.264,+120.642,+1.392,+2.565,+2.038,+9.900,+10.000,+9.000,+97.380,+102.482,+103.309,+108.007,+100.259,+105.307,+1.825,+2.142
0,1389,+10.000,+10.000,+13.000,+13.000,+99.629,+99.629,+98.245,+103.490,+99.999,+107.334,+104.773,+109.790,+99.846,+101.488,+102.443,+107.583,+0.143,+2.372,+2.273,+1.831,+10.000,+13.000,+99.629,+99.431,+103.632,+108.938,+100.667,+104.786,+1.221,+2.301
0,1390,+3.000,+3.000,+11.000,+11.000,+96.975,+99.629,+99.587,+101.747,+96.975,+99.629,+106.940,+134.242,+96.975,+99.629,+102.207,+113.645,+0.000,+0.000,+2.025,+9.804,+3.000,+11.000,+98.302,+100.179,+98.302,+107.193,+98.302,+103.703,+0.000,+2.543
0,1391,+0.000,+0.000,+15.000,+15.000,NaN,NaN,+96.747,+101.225,NaN,NaN,+105.194,+117.207,NaN,NaN,+100.806,+112.186,NaN,NaN,+2.742,+4.103,+0.000,+15.000,NaN,+98.827,NaN,+107.700,NaN,+104.482,NaN,+2.646
0,1392,+3.000,+3.000,+11.000,+11.000,+99.629,+114.305,+97.792,+101.747,+108.631,+114.305,+102.174,+110.345,+102.630,+114.305,+100.066,+102.805,+4.243,+0.000,+1.528,+2.394,+3.000,+11.000,+106.967,+100.873,+111.468,+102.209,+108.467,+101.863,+2.122,+0.433
0,1393,+6.000,+6.000,+12.000,+12.000,+95.817,+96.865,+98.116,+104.564,+99.629,+99.629,+109.513,+117.596,+97.639,+98.430,+102.290,+112.378,+1.409,+0.931,+3.290,+4.561,+6.000,+12.000,+96.341,+98.911,+99.629,+112.934,+98.034,+106.735,+1.045,+4.253
0,1394,+3.000,+3.000,+7.000,+7.000,+97.701,+98.580,+97.503,+100.208,+97.701,+98.580,+99.823,+117.831,+97.701,+98.580,+98.582,+105.400,+0.000,+0.000,+1.077,+5.928,+3.000,+7.000,+98.141,+98.663,+98.141,+100.016,+98.141,+99.423,+0.000,+0.542
0,1395,+7.000,+7.000,+15.000,+15.000,+97.638,+97.818,+97.327,+102.810,+103.846,+106.201,+104.509,+127.896,+99.190,+100.571,+100.125,+111.861,+2.025,+2.916,+2.107,+9.479,+7.000,+15.000,+97.728,+100.043,+105.023,+104.509,+99.880,+102.965,+2.434,+1.537
0,1396,+0.000,+0.000,+20.000,+20.000,NaN,NaN,+95.403,+101.538,NaN,NaN,+105.288,+124.785,NaN,NaN,+99.692,+107.855,NaN,NaN,+3.120,+5.995,+0.000,+20.000,NaN,+99.186,NaN,+106.102,NaN,+103.248,NaN,+2.220
0,1397,+0.000,+0.000,+10.000,+10.000,NaN,NaN,+97.765,+102.698,NaN,NaN,+103.504,+154.225,NaN,NaN,+101.508,+121.298,NaN,NaN,+2.061,+17.933,+0.000,+10.000,NaN,+99.970,NaN,+104.343,NaN,+103.121,NaN,+1.415
0,1398,+6.000,+6.000,+12.000,+12.000,+97.386,+98.913,+97.115,+100.943,+101.485,+115.783,+100.831,+112.620,+99.330,+104.098,+99.183,+104.892,+1.956,+6.121,+1.581,+4.491,+6.000,+12.000,+98.149,+99.522,+108.634,+102.353,+101.714,+100.931,+3.942,+1.050
0,1399,+3.000,+3.000,+9.000,+9.000,+100.931,+100.931,+99.179,+100.831,+100.931,+100.931,+102.038,+129.224,+100.931,+100.931,+100.181,+109.363,+0.000,+0.000,+1.058,+11.281,+3.000,+9.000,+100.931,+100.444,+100.931,+102.328,+100.931,+101.259,+0.000,+0.621
0,1400,+3.000,+3.000,+2.000,+2.000,+97.775,+118.400,+97.092,+97.478,+105.992,+129.400,+99.525,+122.520,+103.253,+122.067,+98.309,+109.999,+3.873,+5.185,+1.217,+12.521,+3.000,+2.000,+108.087,+97.285,+117.696,+99.603,+112.660,+98.444,+3.936,+1.159
0,1401,+7.000,+7.000,+5.000,+5.000,+97.130,+97.792,+97.765,+102.529,+102.262,+106.760,+100.232,+114.356,+99.642,+101.567,+99.725,+106.728,+1.430,+2.680,+0.980,+4.333,+7.000,+5.000,+97.461,+98.998,+104.511,+100.561,+100.604,+100.110,+2.042,+0.577
0,1402,+12.000,+12.000,+19.000,+19.000,+97.051,+97.832,+98.444,+103.721,+102.074,+102.153,+109.404,+161.486,+100.526,+101.439,+102.936,+119.650,+1.818,+1.310,+3.195,+15.589,+12.000,+19.000,+97.442,+102.112,+102.113,+110.904,+100.983,+106.719,+1.429,+2.658
0,1403,+4.000,+4.000,+8.000,+8.000,+102.166,+102.795,+96.824,+99.547,+103.149,+137.491,+104.586,+117.673,+102.608,+128.817,+100.961,+111.515,+0.448,+15.024,+3.073,+6.844,+4.000,+8.000,+102.481,+98.185,+120.320,+106.587,+115.713,+103.036,+7.642,+2.991
0,1404,+9.000,+9.000,+2.000,+2.000,+99.939,+100.755,+99.955,+100.436,+105.517,+156.878,+100.497,+102.224,+102.807,+117.345,+100.226,+101.330,+1.654,+21.247,+0.271,+0.894,+9.000,+2.000,+100.347,+100.196,+129.475,+100.535,+110.076,+100.365,+11.049,+0.170
0,1405,+8.000,+8.000,+12.000,+12.000,+96.051,+97.654,+97.786,+100.931,+100.755,+113.493,+102.733,+111.996,+98.424,+102.925,+99.754,+105.181,+1.714,+4.326,+1.241,+4.368,+8.000,+12.000,+97.110,+100.873,+105.634,+103.343,+100.675,+101.229,+2.354,+0.678
0,1406,+1.000,+1.000,+5.000,+5.000,+96.684,+99.395,+99.930,+108.710,+96.684,+99.395,+102.664,+111.715,+96.684,+99.395,+101.759,+110.513,+0.000,+0.000,+1.144,+1.472,+1.000,+5.000,+98.040,+101.220,+98.040,+107.189,+98.040,+103.126,+0.000,+2.112
0,1407,+9.000,+9.000,+12.000,+12.000,+100.506,+100.931,+95.884,+97.775,+107.142,+149.494,+102.664,+123.723,+104.472,+117.826,+99.157,+110.691,+2.923,+15.185,+2.546,+8.854,+9.000,+12.000,+100.718,+97.351,+128.318,+105.939,+111.149,+101.934,+8.594,+2.849
0,1408,+6.000,+6.000,+9.000,+9.000,+103.186,+105.556,+96.644,+100.901,+104.523,+108.523,+101.248,+118.743,+103.715,+107.748,+98.391,+107.793,+0.570,+1.150,+1.655,+6.360,+6.000,+9.000,+104.371,+97.325,+106.523,+103.230,+105.731,+100.148,+0.783,+2.010
0,1409,+6.000,+6.000,+5.000,+5.000,+100.755,+101.727,+96.494,+104.522,+106.398,+108.669,+102.125,+126.576,+103.277,+105.707,+100.052,+112.727,+2.544,+2.633,+2.246,+7.347,+6.000,+5.000,+101.241,+99.581,+106.973,+102.311,+104.492,+101.309,+2.395,+1.083
0,1410,+3.000,+3.000,+18.000,+18.000,+100.390,+111.763,+97.621,+102.422,+101.866,+111.763,+103.978,+116.225,+101.374,+111.763,+101.373,+106.190,+0.696,+0.000,+1.431,+3.825,+3.000,+18.000,+106.077,+101.755,+106.815,+104.645,+106.569,+102.784,+0.348,+0.770
0,1411,+5.000,+5.000,+6.000,+6.000,+101.866,+119.022,+98.200,+101.981,+105.429,+139.505,+106.810,+130.567,+102.743,+129.441,+102.715,+115.562,+1.380,+8.561,+2.539,+9.734,+5.000,+6.000,+110.444,+99.920,+122.467,+109.015,+116.092,+105.247,+4.707,+3.162
0,1412,+11.000,+11.000,+10.000,+10.000,+99.913,+105.429,+97.036,+103.121,+117.860,+122.151,+119.973,+159.692,+112.848,+116.488,+106.573,+129.070,+6.764,+5.165,+8.053,+21.177,+11.000,+10.000,+104.171,+97.818,+120.006,+122.936,+114.668,+109.262,+5.823,+8.986
0,1413,+7.000,+7.000,+10.000,+10.000,+100.519,+107.590,+96.589,+97.839,+119.231,+122.630,+97.589,+115.800,+112.039,+117.781,+96.818,+107.333,+7.462,+5.081,+0.301,+6.162,+7.000,+10.000,+104.055,+96.742,+120.930,+99.058,+114.910,+97.687,+5.885,+0.852
0,1414,+5.000,+5.000,+14.000,+14.000,+98.571,+99.383,+98.395,+100.282,+102.555,+118.238,+108.694,+122.074,+100.796,+110.789,+100.933,+111.153,+1.823,+9.125,+2.589,+6.482,+5.000,+14.000,+98.977,+99.251,+110.396,+108.908,+105.793,+103.524,+5.471,+2.924
0,1415,+3.000,+3.000,+3.000,+3.000,+102.143,+102.193,+97.603,+98.695,+102.143,+102.193,+97.603,+98.695,+102.143,+102.193,+97.603,+98.695,+0.000,+0.000,+0.000,+0.000,+3.000,+3.000,+102.168,+98.149,+102.168,+98.149,+102.168,+98.149,+0.000,+0.000
0,1416,+12.000,+12.000,+9.000,+9.000,+101.059,+101.663,+97.459,+111.790,+108.965,+139.650,+100.070,+128.187,+102.667,+113.013,+98.887,+114.020,+2.093,+12.093,+1.211,+5.017,+12.000,+9.000,+101.627,+98.686,+120.355,+100.553,+107.840,+99.937,+6.436,+0.831
0,1417,+4.000,+4.000,+13.000,+13.000,+98.047,+99.035,+99.301,+100.067,+107.878,+131.562,+102.448,+136.418,+102.466,+116.430,+100.368,+113.243,+4.070,+11.555,+1.142,+13.188,+4.000,+13.000,+98.541,+99.333,+115.311,+102.732,+109.448,+100.663,+6.465,+1.223
0,1418,+3.000,+3.000,+2.000,+2.000,+96.874,+101.705,+95.194,+100.314,+100.667,+101.705,+97.194,+105.805,+98.138,+101.705,+96.194,+103.060,+1.788,+0.000,+1.000,+2.746,+3.000,+2.000,+99.289,+97.368,+101.186,+98.368,+99.922,+97.868,+0.894,+0.500
0,1419,+7.000,+7.000,+4.000,+4.000,+96.782,+100.016,+98.586,+102.797,+103.269,+126.404,+102.506,+123.947,+100.913,+114.253,+100.395,+108.084,+2.083,+10.758,+1.822,+9.158,+7.000,+4.000,+98.399,+99.546,+114.836,+102.652,+107.583,+101.652,+5.853,+1.229
0,1420,+5.000,+5.000,+11.000,+11.000,+102.143,+106.027,+95.999,+98.852,+107.125,+117.177,+100.997,+130.394,+103.684,+109.932,+98.217,+110.031,+2.018,+3.886,+1.599,+10.423,+5.000,+11.000,+104.085,+97.336,+109.660,+102.520,+106.808,+99.764,+2.015,+2.002
0,1421,+6.000,+6.000,+4.000,+4.000,+101.759,+104.493,+97.558,+98.506,+109.218,+118.493,+98.372,+126.835,+105.776,+113.149,+97.762,+113.002,+2.443,+5.393,+0.352,+10.891,+6.000,+4.000,+103.126,+97.965,+113.207,+99.278,+109.463,+98.412,+3.491,+0.536
0,1422,+9.000,+9.000,+12.000,+12.000,+96.874,+99.493,+99.847,+102.852,+101.150,+103.176,+107.554,+121.903,+98.889,+100.660,+103.694,+112.990,+1.602,+1.258,+2.636,+6.420,+9.000,+12.000,+98.183,+101.589,+102.163,+113.651,+99.774,+106.002,+1.375,+3.974
0,1423,+8.000,+8.000,+8.000,+8.000,+96.830,+98.985,+96.778,+99.530,+107.445,+120.599,+100.643,+105.004,+101.665,+105.510,+97.948,+102.400,+3.222,+6.816,+1.235,+1.815,+8.000,+8.000,+97.907,+97.348,+110.874,+100.820,+103.587,+98.869,+4.408,+1.289
0,1424,+12.000,+12.000,+5.000,+5.000,+97.420,+100.972,+99.870,+104.724,+103.259,+142.729,+100.495,+109.975,+100.436,+109.754,+100.120,+107.703,+2.258,+14.705,+0.306,+1.805,+12.000,+5.000,+99.734,+100.183,+122.994,+100.569,+105.095,+100.492,+8.124,+0.155
0,1425,+3.000,+3.000,+13.000,+13.000,+100.689,+106.902,+97.006,+101.664,+100.972,+120.902,+102.226,+125.346,+100.834,+111.569,+100.193,+107.010,+0.116,+6.600,+1.964,+6.249,+3.000,+13.000,+103.796,+101.303,+110.871,+104.903,+106.201,+102.433,+3.302,+1.091
0,1426,+9.000,+9.000,+3.000,+3.000,+97.788,+102.124,+97.968,+98.206,+100.689,+103.323,+99.995,+112.338,+99.123,+102.558,+99.234,+105.003,+1.134,+0.543,+0.901,+5.782,+9.000,+3.000,+100.251,+98.087,+102.006,+101.619,+100.840,+99.857,+0.717,+1.442
0,1427,+4.000,+4.000,+7.000,+7.000,+98.283,+98.831,+99.741,+99.995,+100.676,+100.676,+100.470,+127.055,+99.985,+100.214,+99.882,+108.610,+0.994,+0.799,+0.243,+10.073,+4.000,+7.000,+98.557,+99.868,+100.676,+102.380,+100.100,+100.759,+0.894,+0.992
0,1428,+9.000,+9.000,+11.000,+11.000,+100.602,+101.705,+98.080,+99.266,+106.934,+110.978,+100.470,+105.422,+103.247,+105.412,+99.631,+101.150,+2.203,+3.020,+0.864,+1.771,+9.000,+11.000,+101.153,+98.850,+107.208,+102.834,+104.330,+100.424,+2.370,+0.995
0,1429,+6.000,+6.000,+6.000,+6.000,+98.755,+101.938,+99.172,+100.283,+101.354,+105.125,+99.995,+136.058,+100.135,+103.531,+99.584,+116.692,+0.775,+1.593,+0.412,+13.487,+6.000,+6.000,+100.860,+99.584,+103.239,+109.399,+101.833,+101.887,+0.887,+3.405
0,1430,+8.000,+8.000,+7.000,+7.000,+97.636,+98.755,+95.908,+97.580,+101.079,+101.901,+99.620,+100.980,+99.621,+100.751,+97.979,+100.435,+1.125,+0.855,+1.176,+1.167,+8.000,+7.000,+98.755,+96.027,+101.490,+100.091,+100.186,+98.871,+0.827,+1.260
0,1431,+12.000,+12.000,+9.000,+9.000,+101.075,+101.075,+96.146,+105.974,+104.201,+143.234,+105.828,+120.187,+101.844,+115.209,+99.424,+112.178,+1.052,+16.781,+2.894,+5.504,+12.000,+9.000,+101.075,+96.701,+122.500,+110.403,+108.527,+102.412,+8.451,+4.714
0,1432,+3.000,+3.000,+6.000,+6.000,+101.041,+105.721,+96.860,+106.933,+103.041,+105.721,+101.257,+140.626,+101.819,+105.721,+98.973,+127.722,+0.875,+0.000,+1.602,+15.061,+3.000,+6.000,+103.381,+98.240,+104.381,+101.868,+103.770,+100.718,+0.437,+1.148
0,1433,+6.000,+6.000,+12.000,+12.000,+97.279,+101.537,+97.998,+100.018,+102.251,+117.769,+104.474,+118.261,+100.977,+107.229,+101.691,+109.874,+1.672,+7.284,+1.481,+5.665,+6.000,+12.000,+99.439,+99.008,+109.684,+104.949,+104.103,+102.914,+3.978,+1.675
0,1434,+9.000,+9.000,+9.000,+9.000,+97.516,+99.859,+99.323,+103.823,+101.508,+102.360,+105.421,+147.823,+100.112,+101.279,+101.458,+120.650,+1.099,+0.772,+2.257,+16.794,+9.000,+9.000,+99.557,+101.826,+101.553,+105.422,+100.695,+103.738,+0.686,+1.449
0,1435,+0.000,+0.000,+12.000,+12.000,NaN,NaN,+97.314,+100.844,NaN,NaN,+103.534,+141.852,NaN,NaN,+100.671,+119.597,NaN,NaN,+1.931,+10.776,+0.000,+12.000,NaN,+99.855,NaN,+105.757,NaN,+102.719,NaN,+1.828
0,1436,+10.000,+10.000,+10.000,+10.000,+99.628,+100.141,+97.517,+99.915,+99.859,+111.242,+100.876,+107.708,+99.738,+101.906,+99.799,+102.263,+0.106,+3.203,+0.815,+2.108,+10.000,+10.000,+99.884,+99.742,+105.551,+101.237,+100.822,+100.531,+1.622,+0.424
0,1437,+3.000,+3.000,+3.000,+3.000,+101.598,+101.771,+95.618,+106.393,+101.598,+102.082,+98.189,+106.393,+101.598,+101.979,+96.475,+106.393,+0.000,+0.147,+1.212,+0.000,+3.000,+3.000,+101.685,+96.904,+101.840,+100.807,+101.788,+98.205,+0.073,+1.840
0,1438,+7.000,+7.000,+15.000,+15.000,+97.135,+100.182,+97.147,+100.108,+104.744,+122.963,+101.603,+108.120,+100.684,+110.626,+100.028,+103.956,+2.469,+10.696,+1.457,+2.570,+7.000,+15.000,+99.098,+98.143,+113.854,+101.687,+105.655,+100.904,+6.367,+1.103
0,1439,+6.000,+6.000,+0.000,+0.000,+98.183,+100.333,NaN,NaN,+111.016,+133.226,NaN,NaN,+101.782,+116.990,NaN,NaN,+4.605,+16.241,NaN,NaN,+6.000,+0.000,+99.258,NaN,+122.121,NaN,+109.386,NaN,+9.563,NaN
0,1440,+5.000,+5.000,+9.000,+9.000,+98.072,+106.542,+97.463,+106.052,+105.283,+117.978,+100.397,+128.883,+102.837,+113.404,+99.386,+116.973,+2.871,+5.602,+1.107,+8.062,+5.000,+9.000,+103.739,+98.668,+111.631,+101.381,+108.120,+100.363,+3.109,+0.743
0,1441,+9.000,+9.000,+3.000,+3.000,+97.167,+97.505,+98.392,+104.322,+111.366,+131.068,+102.540,+104.405,+101.570,+108.859,+101.157,+104.361,+4.568,+10.156,+1.955,+0.034,+9.000,+3.000,+97.426,+99.664,+121.217,+103.472,+105.215,+102.195,+7.331,+1.790
0,1442,+7.000,+7.000,+3.000,+3.000,+100.389,+101.638,+98.135,+99.996,+105.181,+110.005,+98.135,+99.996,+103.818,+105.144,+98.135,+99.996,+1.446,+2.318,+0.000,+0.000,+7.000,+3.000,+101.014,+98.135,+107.100,+98.247,+104.481,+98.210,+1.688,+0.053
0,1443,+9.000,+9.000,+15.000,+15.000,+98.641,+98.818,+96.517,+99.675,+106.652,+128.025,+115.290,+131.507,+101.339,+108.414,+101.096,+111.349,+3.711,+8.736,+4.223,+8.849,+9.000,+15.000,+98.804,+98.511,+113.407,+116.398,+104.876,+105.111,+5.212,+5.608
0,1444,+9.000,+9.000,+9.000,+9.000,+96.293,+98.818,+98.102,+101.879,+106.784,+112.066,+101.879,+129.293,+99.961,+102.426,+100.924,+113.258,+2.884,+4.544,+1.361,+8.883,+9.000,+9.000,+97.556,+101.843,+107.904,+103.571,+101.193,+102.208,+3.485,+0.562
0,1445,+9.000,+9.000,+6.000,+6.000,+98.342,+106.129,+99.258,+101.598,+110.849,+123.059,+101.598,+111.791,+104.008,+112.113,+99.960,+104.225,+4.610,+5.885,+0.844,+3.839,+9.000,+6.000,+102.236,+100.428,+116.954,+104.132,+108.060,+101.202,+5.049,+1.327
0,1446,+8.000,+8.000,+6.000,+6.000,+98.867,+101.778,+97.254,+99.258,+103.175,+103.389,+99.633,+111.249,+101.493,+102.421,+98.368,+103.446,+1.247,+0.641,+1.125,+4.755,+8.000,+6.000,+100.751,+98.746,+103.282,+102.904,+101.957,+99.939,+0.809,+1.388
0,1447,+12.000,+12.000,+13.000,+13.000,+99.016,+100.681,+99.633,+103.138,+115.825,+216.692,+106.515,+123.393,+102.391,+136.631,+102.524,+107.370,+4.507,+47.205,+2.560,+5.079,+12.000,+13.000,+100.174,+101.999,+159.319,+107.017,+119.511,+104.380,+23.587,+1.794
0,1448,+10.000,+10.000,+7.000,+7.000,+97.132,+97.372,+97.147,+98.069,+117.556,+137.462,+99.897,+108.476,+105.311,+115.551,+98.458,+104.287,+6.887,+14.684,+1.186,+3.870,+10.000,+7.000,+97.252,+97.608,+124.256,+100.963,+110.431,+99.539,+9.761,+1.209
0,1449,+7.000,+7.000,+0.000,+0.000,+98.770,+98.854,NaN,NaN,+104.856,+104.856,NaN,NaN,+100.788,+101.605,NaN,NaN,+1.840,+1.636,NaN,NaN,+7.000,+0.000,+98.812,NaN,+104.856,NaN,+101.196,NaN,+1.679,NaN
0,1450,+9.000,+9.000,+9.000,+9.000,+101.243,+103.605,+98.984,+111.416,+104.038,+118.043,+105.972,+130.173,+102.318,+106.508,+101.190,+121.608,+1.128,+4.378,+2.741,+6.412,+9.000,+9.000,+102.424,+100.845,+111.040,+118.925,+104.413,+107.493,+2.502,+4.654
0,1451,+9.000,+9.000,+3.000,+3.000,+100.674,+102.610,+98.662,+101.879,+106.874,+130.899,+101.879,+105.478,+103.925,+115.992,+100.308,+104.191,+2.077,+12.099,+1.314,+1.638,+9.000,+3.000,+101.820,+101.013,+118.768,+101.879,+109.958,+101.341,+6.808,+0.383
0,1452,+13.000,+13.000,+3.000,+3.000,+97.155,+102.966,+100.622,+100.682,+109.188,+168.105,+100.622,+100.682,+101.253,+119.523,+100.622,+100.682,+3.447,+26.717,+0.000,+0.000,+13.000,+3.000,+100.061,+100.652,+138.647,+100.652,+110.388,+100.652,+14.531,+0.000
0,1453,+14.000,+14.000,+3.000,+3.000,+96.886,+101.885,+99.112,+100.682,+115.450,+136.622,+99.324,+100.682,+105.916,+118.154,+99.253,+100.682,+4.084,+11.597,+0.100,+0.000,+14.000,+3.000,+99.385,+99.641,+121.515,+100.003,+112.035,+99.882,+6.301,+0.170
0,1454,+13.000,+13.000,+4.000,+4.000,+99.060,+102.966,+99.112,+104.586,+121.574,+121.594,+103.135,+114.800,+104.445,+110.350,+100.118,+112.247,+6.688,+7.167,+1.742,+4.423,+13.000,+4.000,+101.052,+101.124,+121.584,+103.586,+107.398,+102.217,+6.360,+1.111
0,1455,+8.000,+8.000,+9.000,+9.000,+98.491,+101.823,+96.487,+103.044,+111.854,+119.211,+103.360,+103.624,+102.081,+106.007,+100.214,+103.407,+4.241,+5.279,+2.971,+0.226,+8.000,+9.000,+100.157,+97.789,+115.533,+103.360,+104.044,+102.216,+4.647,+1.678
0,1456,+13.000,+13.000,+3.000,+3.000,+97.413,+100.383,+99.366,+109.453,+140.335,+159.900,+102.886,+109.453,+104.576,+114.210,+100.542,+109.453,+10.498,+16.986,+1.658,+0.000,+13.000,+3.000,+98.898,+101.126,+150.117,+103.515,+109.393,+101.953,+13.087,+1.105
0,1457,+15.000,+15.000,+6.000,+6.000,+96.430,+102.747,+96.053,+104.144,+111.888,+156.441,+101.163,+128.604,+103.302,+119.236,+98.978,+118.128,+3.743,+19.702,+1.500,+10.622,+15.000,+6.000,+102.747,+98.912,+131.674,+106.775,+111.269,+102.108,+10.428,+3.335
0,1458,+4.000,+4.000,+6.000,+6.000,+95.734,+97.071,+100.937,+104.605,+102.747,+127.812,+104.902,+111.820,+100.197,+120.127,+102.929,+109.205,+2.825,+13.311,+1.147,+2.237,+4.000,+6.000,+96.403,+102.426,+115.280,+105.023,+110.162,+104.045,+7.965,+0.903
0,1459,+16.000,+16.000,+6.000,+6.000,+102.747,+103.385,+100.641,+103.624,+125.870,+126.893,+103.916,+122.491,+108.151,+113.702,+102.072,+110.918,+6.271,+7.710,+1.489,+8.456,+16.000,+6.000,+103.066,+101.660,+126.381,+104.733,+110.927,+103.090,+6.704,+1.445
0,1460,+18.000,+18.000,+3.000,+3.000,+99.595,+100.058,+99.458,+99.458,+121.873,+178.389,+100.501,+100.501,+111.417,+131.616,+100.154,+100.154,+6.769,+20.671,+0.492,+0.492,+18.000,+3.000,+99.827,+99.458,+143.664,+100.501,+121.517,+100.154,+12.324,+0.492
0,1461,+9.000,+9.000,+6.000,+6.000,+97.036,+101.321,+100.250,+100.501,+107.291,+138.422,+102.015,+102.558,+102.567,+115.272,+100.686,+101.399,+2.987,+9.766,+0.602,+0.911,+9.000,+6.000,+99.179,+100.376,+120.792,+102.015,+108.920,+100.871,+5.310,+0.621
0,1462,+3.000,+3.000,+12.000,+12.000,+95.544,+96.676,+97.334,+101.025,+101.371,+104.612,+100.084,+114.100,+98.365,+100.598,+98.550,+106.680,+2.382,+3.240,+1.154,+4.518,+3.000,+12.000,+96.110,+100.005,+102.991,+102.641,+99.482,+101.176,+2.811,+0.873
0,1463,+7.000,+7.000,+6.000,+6.000,+95.374,+96.388,+104.269,+107.497,+102.603,+110.780,+111.475,+120.960,+99.882,+105.235,+106.686,+113.213,+2.216,+4.576,+2.435,+5.605,+7.000,+6.000,+95.881,+105.883,+105.790,+113.632,+102.558,+109.112,+3.117,+2.875
0,1464,+10.000,+10.000,+12.000,+12.000,+97.827,+99.126,+99.221,+101.848,+102.104,+129.906,+106.304,+144.700,+101.074,+108.903,+101.783,+116.182,+1.464,+9.393,+2.791,+14.452,+10.000,+12.000,+98.477,+100.534,+116.005,+107.066,+104.989,+104.832,+5.068,+2.626
0,1465,+5.000,+5.000,+9.000,+9.000,+99.160,+104.967,+97.129,+100.500,+100.340,+112.967,+100.500,+110.237,+99.769,+109.255,+98.482,+101.846,+0.374,+3.475,+1.110,+2.995,+5.000,+9.000,+102.374,+99.634,+106.374,+100.537,+104.512,+100.065,+1.691,+0.409
0,1466,+12.000,+12.000,+9.000,+9.000,+99.616,+102.061,+96.387,+98.583,+122.696,+140.253,+98.963,+121.695,+108.151,+119.352,+97.444,+103.531,+8.769,+13.139,+0.898,+6.986,+12.000,+9.000,+101.008,+96.893,+131.475,+103.282,+113.751,+99.199,+9.799,+1.704
0,1467,+12.000,+12.000,+3.000,+3.000,+98.809,+103.278,+97.540,+100.024,+109.367,+122.054,+99.732,+114.059,+104.517,+113.171,+98.291,+105.680,+3.528,+6.810,+1.019,+6.044,+12.000,+3.000,+101.134,+98.797,+115.711,+100.286,+108.844,+99.654,+4.545,+0.628
0,1468,+15.000,+15.000,+9.000,+9.000,+98.904,+101.561,+98.664,+99.744,+106.519,+123.128,+102.438,+120.928,+104.035,+107.907,+100.705,+106.861,+2.006,+6.393,+1.136,+6.850,+15.000,+9.000,+100.233,+99.590,+113.967,+108.710,+105.971,+102.154,+3.563,+2.657
0,1469,+11.000,+11.000,+8.000,+8.000,+100.318,+101.017,+98.758,+102.438,+104.006,+114.317,+102.563,+108.000,+102.053,+104.502,+101.837,+104.295,+0.917,+3.902,+1.218,+1.766,+11.000,+8.000,+100.971,+101.674,+108.377,+103.330,+103.277,+102.897,+2.220,+0.530
0,1470,+3.000,+3.000,+6.000,+6.000,+99.589,+100.046,+97.738,+101.848,+101.294,+115.055,+99.542,+106.458,+100.487,+105.227,+98.640,+102.939,+0.699,+6.953,+0.902,+1.632,+3.000,+6.000,+99.818,+99.076,+108.175,+100.695,+102.857,+100.119,+3.773,+0.738
0,1471,+18.000,+18.000,+12.000,+12.000,+99.589,+102.438,+95.184,+99.542,+108.139,+121.298,+100.446,+140.543,+102.587,+113.144,+97.178,+117.816,+2.724,+5.962,+1.513,+15.832,+18.000,+12.000,+102.200,+98.369,+114.377,+107.315,+107.865,+102.196,+3.462,+3.153
0,1472,+9.000,+9.000,+6.000,+6.000,+97.260,+103.102,+101.655,+103.023,+108.515,+134.481,+103.445,+106.785,+101.718,+113.562,+102.331,+104.076,+3.242,+14.792,+0.805,+1.278,+9.000,+6.000,+100.181,+101.892,+121.498,+103.701,+107.640,+103.134,+8.151,+0.734
0,1473,+6.000,+6.000,+4.000,+4.000,+98.591,+99.846,+95.943,+101.255,+103.011,+125.836,+101.977,+115.767,+101.183,+110.092,+97.452,+107.290,+1.880,+11.189,+2.613,+5.382,+6.000,+4.000,+99.606,+98.599,+114.423,+102.500,+105.637,+100.207,+5.839,+1.446
0,1474,+21.000,+21.000,+3.000,+3.000,+98.345,+100.242,+100.838,+103.445,+106.374,+138.343,+102.500,+103.445,+101.769,+111.584,+101.400,+103.445,+1.846,+13.251,+0.778,+0.000,+21.000,+3.000,+99.294,+100.850,+120.474,+102.762,+106.676,+101.922,+6.992,+0.797
0,1475,+19.000,+19.000,+11.000,+11.000,+99.725,+101.282,+98.135,+101.602,+107.962,+166.260,+105.304,+126.555,+102.728,+124.359,+101.359,+106.631,+1.661,+24.073,+2.104,+7.844,+19.000,+11.000,+100.504,+101.230,+135.025,+105.457,+113.544,+102.519,+12.241,+1.403
0,1476,+10.000,+10.000,+8.000,+8.000,+98.921,+100.736,+100.490,+105.304,+106.078,+133.463,+105.304,+178.028,+101.716,+107.334,+103.000,+125.842,+2.367,+9.739,+1.962,+30.347,+10.000,+8.000,+99.828,+103.937,+117.373,+106.761,+104.525,+105.223,+5.392,+0.911
0,1477,+9.000,+9.000,+8.000,+8.000,+96.846,+109.586,+101.488,+105.300,+101.007,+159.698,+108.337,+117.206,+100.002,+127.127,+103.876,+108.158,+1.416,+17.802,+2.372,+3.813,+9.000,+8.000,+104.627,+103.705,+130.307,+108.379,+113.564,+105.873,+9.066,+1.498
0,1478,+16.000,+16.000,+3.000,+3.000,+98.288,+100.393,+103.905,+108.337,+106.560,+121.138,+108.004,+108.337,+102.509,+108.394,+106.610,+108.337,+2.331,+5.845,+1.913,+0.000,+16.000,+3.000,+100.355,+106.121,+113.072,+108.170,+105.452,+107.418,+3.353,+0.921
0,1479,+6.000,+6.000,+5.000,+5.000,+96.724,+99.658,+98.794,+99.627,+104.048,+111.461,+102.424,+114.167,+100.135,+106.435,+100.246,+106.375,+2.634,+5.303,+1.779,+5.889,+6.000,+5.000,+98.191,+99.210,+106.472,+103.165,+103.285,+101.513,+3.643,+1.884
0,1480,+9.000,+9.000,+0.000,+0.000,+99.774,+101.282,NaN,NaN,+105.410,+137.946,NaN,NaN,+102.494,+114.861,NaN,NaN,+2.111,+13.179,NaN,NaN,+9.000,+0.000,+100.528,NaN,+120.911,NaN,+108.678,NaN,+6.885,NaN
0,1481,+17.000,+17.000,+0.000,+0.000,+97.164,+98.517,NaN,NaN,+104.589,+111.344,NaN,NaN,+101.458,+103.875,NaN,NaN,+1.700,+3.766,NaN,NaN,+17.000,+0.000,+97.840,NaN,+107.966,NaN,+102.667,NaN,+2.633,NaN
0,1482,+12.000,+12.000,+0.000,+0.000,+98.171,+100.460,NaN,NaN,+108.656,+143.540,NaN,NaN,+103.832,+113.095,NaN,NaN,+3.118,+11.446,NaN,NaN,+12.000,+0.000,+99.518,NaN,+123.693,NaN,+108.463,NaN,+5.996,NaN
0,1483,+14.000,+14.000,+6.000,+6.000,+98.794,+100.298,+97.906,+106.210,+109.048,+129.252,+107.839,+117.466,+103.906,+115.520,+100.959,+109.149,+3.076,+7.006,+3.603,+3.839,+14.000,+6.000,+99.546,+99.756,+114.312,+108.088,+109.713,+103.305,+3.708,+3.709
0,1484,+10.000,+10.000,+3.000,+3.000,+98.839,+103.601,+98.825,+98.825,+105.151,+128.053,+98.825,+98.825,+102.067,+109.879,+98.825,+98.825,+2.106,+7.547,+0.000,+0.000,+10.000,+3.000,+102.829,+98.825,+116.216,+98.825,+105.973,+98.825,+4.401,+0.000
0,1485,+14.000,+14.000,+3.000,+3.000,+99.087,+100.306,+98.689,+100.922,+121.336,+147.628,+100.655,+100.922,+104.849,+115.790,+99.427,+100.922,+5.338,+17.845,+0.874,+0.000,+14.000,+3.000,+100.289,+99.631,+134.482,+100.788,+110.319,+100.116,+11.077,+0.491
0,1486,+18.000,+18.000,+5.000,+5.000,+98.656,+100.889,+99.095,+102.948,+106.210,+140.615,+100.685,+143.014,+102.408,+110.216,+100.190,+118.528,+2.471,+12.328,+0.646,+14.542,+18.000,+5.000,+99.773,+99.890,+123.412,+101.303,+106.312,+100.932,+6.994,+0.548
0,1487,+6.000,+6.000,+0.000,+0.000,+99.176,+109.014,NaN,NaN,+106.210,+148.611,NaN,NaN,+101.852,+131.977,NaN,NaN,+2.798,+16.932,NaN,NaN,+6.000,+0.000,+104.532,NaN,+126.831,NaN,+116.915,NaN,+8.350,NaN
0,1488,+4.000,+4.000,+3.000,+3.000,+98.146,+98.525,+97.780,+101.320,+101.445,+105.332,+97.780,+101.320,+99.923,+103.630,+97.780,+101.320,+1.173,+2.948,+0.000,+0.000,+4.000,+3.000,+98.335,+99.550,+103.389,+99.550,+101.776,+99.550,+2.007,+0.000
0,1489,+3.000,+3.000,+2.000,+2.000,+97.571,+126.216,+97.662,+113.286,+98.575,+126.216,+97.662,+136.354,+97.906,+126.216,+97.662,+124.820,+0.473,+0.000,+0.000,+11.534,+3.000,+2.000,+111.894,+101.293,+112.396,+101.293,+112.061,+101.293,+0.237,+0.000
0,1490,+6.000,+6.000,+12.000,+12.000,+98.575,+106.209,+97.659,+112.899,+103.419,+147.904,+114.730,+141.655,+99.874,+120.613,+106.012,+125.576,+1.717,+12.942,+5.704,+8.222,+6.000,+12.000,+103.129,+109.035,+123.240,+120.195,+110.243,+113.789,+6.340,+3.935
0,1491,+6.000,+6.000,+7.000,+7.000,+100.050,+101.048,+99.536,+103.715,+102.207,+121.070,+104.219,+111.947,+100.702,+110.519,+102.575,+107.442,+0.806,+9.513,+1.587,+3.928,+6.000,+7.000,+100.549,+102.410,+111.442,+105.219,+105.611,+103.807,+4.999,+0.969
0,1492,+6.000,+6.000,+17.000,+17.000,+100.458,+101.282,+96.552,+102.501,+107.634,+127.479,+103.756,+141.097,+103.620,+110.494,+101.858,+113.319,+3.103,+11.014,+1.687,+10.742,+6.000,+17.000,+100.870,+101.162,+116.845,+107.279,+107.057,+104.267,+6.880,+1.944
0,1493,+7.000,+7.000,+2.000,+2.000,+97.284,+100.050,+98.793,+106.588,+103.491,+140.403,+98.793,+120.684,+101.253,+107.951,+98.793,+113.636,+1.866,+13.356,+0.000,+7.048,+7.000,+2.000,+98.667,+99.163,+121.777,+99.163,+104.602,+99.163,+7.187,+0.000
0,1494,+8.000,+8.000,+9.000,+9.000,+98.066,+103.151,+98.071,+101.833,+103.151,+118.822,+102.295,+112.480,+101.531,+108.497,+100.590,+104.956,+1.828,+5.375,+1.122,+3.665,+8.000,+9.000,+102.835,+100.252,+108.444,+102.510,+105.014,+101.496,+2.239,+0.846
0,1495,+17.000,+17.000,+8.000,+8.000,+98.595,+99.803,+96.710,+100.280,+127.650,+170.911,+99.524,+103.987,+102.690,+115.340,+98.536,+102.013,+6.424,+22.603,+0.803,+1.200,+17.000,+8.000,+99.644,+98.746,+149.281,+102.235,+109.015,+100.029,+13.756,+1.167
0,1496,+10.000,+10.000,+6.000,+6.000,+96.868,+100.404,+100.629,+101.710,+107.589,+139.420,+100.629,+108.830,+101.878,+113.408,+100.629,+105.270,+2.592,+12.962,+0.000,+3.560,+10.000,+6.000,+100.404,+101.170,+123.505,+101.170,+107.643,+101.170,+7.005,+0.000
0,1497,+12.000,+12.000,+7.000,+7.000,+96.628,+102.546,+98.047,+99.070,+108.653,+131.656,+103.143,+137.255,+103.885,+111.725,+99.814,+112.538,+2.856,+11.548,+2.204,+15.706,+12.000,+7.000,+100.586,+98.665,+120.155,+103.363,+107.805,+101.822,+6.593,+1.557
0,1498,+7.000,+7.000,+15.000,+15.000,+95.387,+97.223,+98.726,+103.376,+103.009,+142.406,+108.761,+134.092,+98.730,+113.602,+102.680,+113.362,+3.303,+15.236,+3.121,+8.039,+7.000,+15.000,+96.305,+102.061,+122.229,+108.761,+106.166,+104.919,+8.806,+2.152
0,1499,+12.000,+12.000,+9.000,+9.000,+96.361,+99.527,+97.518,+108.761,+117.579,+141.061,+102.075,+134.633,+103.833,+116.629,+99.076,+117.284,+5.737,+13.475,+1.740,+9.921,+12.000,+9.000,+97.944,+99.468,+129.320,+102.387,+110.231,+101.410,+8.507,+0.890
0,1500,+13.000,+13.000,+6.000,+6.000,+96.007,+101.451,+100.563,+103.801,+103.971,+133.986,+105.741,+110.347,+100.058,+111.314,+102.981,+106.083,+2.675,+12.701,+1.951,+2.027,+13.000,+6.000,+99.619,+102.182,+118.115,+105.741,+105.686,+104.379,+6.445,+1.355
0,1501,+15.000,+15.000,+11.000,+11.000,+96.849,+100.121,+97.012,+101.145,+106.992,+124.160,+107.452,+113.718,+102.455,+107.025,+101.806,+107.043,+2.229,+5.863,+3.273,+2.951,+15.000,+11.000,+98.485,+98.746,+115.576,+107.914,+104.740,+104.795,+3.710,+2.721
0,1502,+12.000,+12.000,+9.000,+9.000,+96.456,+99.034,+98.386,+100.825,+103.499,+131.754,+101.145,+118.913,+100.637,+110.941,+99.819,+104.849,+2.254,+12.217,+0.791,+5.491,+12.000,+9.000,+98.431,+99.576,+117.627,+101.145,+105.789,+100.399,+6.073,+0.489
0,1503,+12.000,+12.000,+9.000,+9.000,+99.621,+99.760,+100.364,+100.825,+111.655,+159.903,+101.905,+116.891,+102.087,+118.153,+100.811,+107.442,+3.240,+21.560,+0.640,+5.839,+12.000,+9.000,+99.690,+100.594,+131.701,+104.006,+110.120,+101.723,+11.843,+1.336
0,1504,+14.000,+14.000,+0.000,+0.000,+101.612,+103.388,NaN,NaN,+110.369,+126.401,NaN,NaN,+103.482,+112.438,NaN,NaN,+2.045,+8.987,NaN,NaN,+14.000,+0.000,+102.500,NaN,+118.385,NaN,+107.960,NaN,+4.916,NaN
0,1505,+1.000,+1.000,+14.000,+14.000,+96.034,+96.456,+103.560,+111.150,+96.034,+96.456,+113.359,+127.841,+96.034,+96.456,+108.362,+118.896,+0.000,+0.000,+4.408,+5.744,+1.000,+14.000,+96.245,+104.634,+96.245,+113.745,+96.245,+110.983,+0.000,+2.793
0,1506,+15.000,+15.000,+9.000,+9.000,+98.384,+103.499,+97.260,+120.259,+133.098,+151.787,+113.359,+161.105,+105.160,+129.320,+106.341,+135.356,+7.734,+17.672,+4.949,+13.618,+15.000,+9.000,+102.259,+110.616,+138.262,+113.359,+117.240,+111.954,+10.539,+1.022
0,1507,+3.000,+3.000,+7.000,+7.000,+97.875,+100.126,+102.101,+102.533,+103.050,+105.648,+104.497,+119.040,+100.275,+103.326,+103.309,+110.414,+2.129,+2.338,+1.030,+4.519,+3.000,+7.000,+100.013,+102.533,+104.349,+106.088,+101.801,+104.594,+1.850,+1.475
0,1508,+17.000,+17.000,+6.000,+6.000,+97.861,+100.470,+101.382,+112.400,+134.066,+135.077,+104.178,+123.260,+105.048,+110.094,+102.334,+114.693,+7.868,+9.706,+1.019,+3.944,+17.000,+6.000,+99.166,+102.559,+134.571,+106.534,+107.571,+103.741,+7.992,+1.335
0,1509,+8.000,+8.000,+15.000,+15.000,+97.417,+99.786,+98.478,+106.939,+103.913,+112.807,+106.245,+125.537,+100.902,+104.201,+102.555,+115.903,+2.187,+4.331,+2.785,+5.961,+8.000,+15.000,+99.538,+103.281,+108.360,+106.568,+102.551,+105.638,+3.099,+1.000
0,1510,+14.000,+14.000,+12.000,+12.000,+99.136,+102.701,+99.086,+104.744,+104.262,+132.523,+104.685,+114.846,+102.635,+110.320,+102.861,+110.378,+1.097,+11.745,+1.619,+3.579,+14.000,+12.000,+101.060,+100.338,+117.766,+104.744,+106.478,+104.079,+5.984,+1.212
0,1511,+4.000,+4.000,+1.000,+1.000,+97.096,+97.577,+98.963,+114.526,+102.777,+104.265,+98.963,+114.526,+99.457,+102.593,+98.963,+114.526,+2.304,+2.896,+0.000,+0.000,+4.000,+1.000,+97.554,+99.180,+103.521,+99.180,+101.025,+99.180,+2.244,+0.000
0,1512,+12.000,+12.000,+8.000,+8.000,+95.971,+98.970,+98.949,+102.090,+106.245,+141.064,+102.726,+128.532,+100.889,+113.226,+101.294,+112.275,+3.360,+12.580,+1.550,+9.172,+12.000,+8.000,+97.470,+99.581,+122.060,+102.788,+107.058,+101.807,+7.590,+1.163
0,1513,+16.000,+16.000,+5.000,+5.000,+95.665,+102.064,+97.233,+98.992,+107.430,+135.244,+98.536,+135.529,+103.241,+113.585,+98.132,+120.914,+3.516,+11.605,+0.528,+17.900,+16.000,+5.000,+98.864,+98.334,+120.744,+98.985,+108.413,+98.695,+6.800,+0.278
0,1514,+15.000,+15.000,+6.000,+6.000,+99.446,+100.238,+96.311,+102.974,+110.098,+128.804,+102.090,+115.369,+102.846,+109.941,+99.907,+106.724,+2.579,+10.057,+2.301,+4.021,+15.000,+6.000,+99.950,+98.850,+116.716,+102.546,+106.394,+101.450,+5.647,+1.370
0,1515,+9.000,+9.000,+6.000,+6.000,+97.007,+98.774,+95.608,+103.910,+100.725,+104.628,+99.465,+117.260,+99.182,+101.460,+97.536,+109.561,+1.231,+2.410,+1.928,+4.151,+9.000,+6.000,+97.890,+97.536,+102.677,+102.218,+100.321,+99.727,+1.707,+1.517
0,1516,+19.000,+19.000,+3.000,+3.000,+98.053,+99.412,+97.830,+101.589,+104.882,+145.663,+99.435,+113.172,+101.213,+111.673,+98.900,+109.311,+1.999,+13.510,+0.757,+5.460,+19.000,+3.000,+98.732,+98.632,+122.849,+100.072,+106.443,+99.592,+6.751,+0.679
0,1517,+12.000,+12.000,+6.000,+6.000,+97.061,+100.451,+99.369,+99.694,+103.914,+131.047,+101.786,+137.259,+101.881,+114.357,+100.115,+114.616,+1.778,+12.634,+0.999,+12.770,+12.000,+6.000,+98.756,+99.531,+117.480,+103.379,+108.119,+101.290,+6.850,+1.240
0,1518,+9.000,+9.000,+10.000,+10.000,+100.748,+101.681,+100.352,+106.024,+102.712,+114.274,+105.921,+138.994,+101.826,+107.270,+102.320,+114.546,+0.587,+5.751,+1.979,+9.457,+9.000,+10.000,+101.492,+100.917,+108.493,+107.029,+104.548,+105.385,+3.084,+1.637
0,1519,+13.000,+13.000,+0.000,+0.000,+99.920,+99.920,NaN,NaN,+115.424,+119.186,NaN,NaN,+101.752,+107.993,NaN,NaN,+3.974,+6.727,NaN,NaN,+13.000,+0.000,+99.920,NaN,+117.305,NaN,+104.873,NaN,+4.740,NaN
0,1520,+15.000,+15.000,+0.000,+0.000,+100.696,+105.957,NaN,NaN,+111.541,+136.827,NaN,NaN,+107.015,+117.677,NaN,NaN,+3.195,+10.841,NaN,NaN,+15.000,+0.000,+104.992,NaN,+121.392,NaN,+112.346,NaN,+5.619,NaN
0,1521,+9.000,+9.000,+3.000,+3.000,+98.252,+100.255,+97.865,+100.715,+105.785,+147.138,+99.054,+100.715,+102.835,+124.777,+98.462,+100.715,+2.752,+17.310,+0.485,+0.000,+9.000,+3.000,+99.254,+99.290,+126.462,+99.885,+113.806,+99.589,+9.627,+0.243
0,1522,+18.000,+18.000,+6.000,+6.000,+97.663,+99.897,+99.468,+101.646,+106.024,+144.147,+113.878,+115.652,+100.953,+106.598,+105.378,+110.383,+2.392,+9.853,+5.159,+4.785,+18.000,+6.000,+99.295,+101.168,+123.168,+114.906,+103.776,+109.266,+5.500,+4.258
0,1523,+10.000,+10.000,+3.000,+3.000,+98.734,+102.189,+101.122,+115.296,+106.850,+138.882,+111.183,+134.817,+102.819,+116.040,+104.787,+128.310,+2.966,+13.099,+4.538,+9.202,+10.000,+3.000,+100.461,+101.590,+122.412,+115.647,+109.429,+106.908,+7.913,+6.228
0,1524,+10.000,+10.000,+0.000,+0.000,+96.398,+99.485,NaN,NaN,+100.958,+103.576,NaN,NaN,+100.022,+101.720,NaN,NaN,+1.301,+1.459,NaN,NaN,+10.000,+0.000,+99.485,NaN,+102.074,NaN,+100.871,NaN,+0.915,NaN
0,1525,+9.000,+9.000,+1.000,+1.000,+97.294,+99.368,+95.817,+98.637,+99.485,+99.593,+95.817,+98.637,+98.839,+99.518,+95.817,+98.637,+0.834,+0.106,+0.000,+0.000,+9.000,+1.000,+98.444,+97.227,+99.539,+97.227,+99.178,+97.227,+0.423,+0.000
0,1526,+14.000,+14.000,+9.000,+9.000,+96.426,+99.368,+101.826,+107.998,+107.908,+126.738,+114.051,+128.277,+99.993,+105.259,+106.365,+116.676,+2.602,+8.945,+3.670,+7.381,+14.000,+9.000,+97.897,+105.720,+117.323,+117.729,+102.626,+109.625,+5.384,+3.696
0,1527,+15.000,+15.000,+0.000,+0.000,+95.058,+96.705,NaN,NaN,+106.997,+159.350,NaN,NaN,+100.034,+109.833,NaN,NaN,+3.303,+18.002,NaN,NaN,+15.000,+0.000,+95.882,NaN,+133.173,NaN,+104.933,NaN,+10.230,NaN
0,1528,+3.000,+3.000,+3.000,+3.000,+99.114,+107.839,+97.275,+104.623,+99.398,+107.839,+103.927,+104.623,+99.293,+107.839,+100.971,+104.623,+0.127,+0.000,+2.766,+0.000,+3.000,+3.000,+103.476,+100.601,+103.618,+104.275,+103.566,+102.681,+0.064,+1.539
0,1529,+13.000,+13.000,+6.000,+6.000,+98.861,+99.391,+102.367,+106.935,+102.643,+120.014,+104.566,+108.139,+100.008,+108.645,+102.847,+107.586,+1.471,+7.933,+0.784,+0.429,+13.000,+6.000,+99.126,+104.821,+109.463,+107.104,+104.327,+105.584,+3.796,+0.861
0,1530,+19.000,+19.000,+3.000,+3.000,+98.068,+98.950,+107.376,+110.020,+102.168,+109.215,+110.020,+110.020,+100.973,+102.842,+108.582,+110.020,+1.298,+2.127,+1.092,+0.000,+19.000,+3.000,+98.912,+108.169,+105.692,+110.020,+101.907,+108.948,+1.358,+0.784
0,1531,+7.000,+7.000,+4.000,+4.000,+97.860,+98.295,+101.300,+101.311,+99.114,+101.931,+101.311,+102.367,+98.532,+101.175,+101.303,+102.103,+0.583,+1.203,+0.005,+0.457,+7.000,+4.000,+98.078,+101.306,+100.522,+101.839,+99.854,+101.442,+0.781,+0.229
0,1532,+15.000,+15.000,+6.000,+6.000,+98.002,+99.516,+100.026,+107.709,+107.500,+131.677,+104.861,+119.684,+100.445,+112.709,+102.103,+113.696,+3.396,+12.512,+2.008,+5.988,+15.000,+6.000,+98.828,+100.484,+119.588,+111.458,+106.577,+105.513,+7.260,+3.914
0,1533,+16.000,+16.000,+3.000,+3.000,+95.338,+97.329,+98.479,+106.150,+108.055,+122.444,+102.384,+109.254,+101.995,+106.144,+101.082,+107.488,+3.801,+5.863,+1.841,+1.303,+16.000,+3.000,+96.834,+98.854,+113.032,+103.623,+104.069,+102.033,+3.936,+2.248
0,1534,+10.000,+10.000,+6.000,+6.000,+98.479,+98.537,+101.398,+102.367,+106.430,+118.499,+105.588,+111.567,+102.064,+106.858,+103.020,+105.767,+2.863,+6.851,+1.368,+3.687,+10.000,+6.000,+98.508,+101.973,+111.059,+108.336,+104.461,+103.834,+4.736,+2.149
0,1535,+0.000,+0.000,+3.000,+3.000,NaN,NaN,+99.026,+103.259,NaN,NaN,+103.259,+103.472,NaN,NaN,+100.522,+103.401,NaN,NaN,+1.938,+0.100,+0.000,+3.000,NaN,+101.249,NaN,+103.259,NaN,+101.962,NaN,+0.919
0,1536,+7.000,+7.000,+12.000,+12.000,+95.942,+96.571,+96.545,+103.472,+100.492,+102.450,+104.147,+119.342,+98.089,+100.754,+100.825,+110.860,+2.003,+1.942,+2.051,+6.167,+7.000,+12.000,+96.256,+101.170,+101.471,+106.627,+99.422,+103.051,+1.873,+1.532
0,1537,+20.000,+20.000,+4.000,+4.000,+99.695,+105.088,+102.137,+104.508,+111.741,+158.068,+110.399,+128.054,+107.436,+117.534,+106.031,+115.906,+3.388,+15.164,+2.931,+9.074,+20.000,+4.000,+104.925,+103.322,+134.247,+112.694,+112.485,+108.514,+8.076,+3.684
0,1538,+4.000,+4.000,+8.000,+8.000,+98.340,+100.679,+96.050,+103.171,+99.639,+104.900,+101.854,+120.842,+99.131,+101.734,+99.317,+109.846,+0.546,+1.828,+2.288,+8.517,+4.000,+8.000,+99.509,+98.717,+102.269,+102.590,+100.432,+101.499,+1.085,+1.380
0,1539,+10.000,+10.000,+9.000,+9.000,+99.441,+99.492,+99.639,+101.566,+110.283,+130.335,+104.508,+114.045,+102.653,+111.046,+101.477,+107.602,+2.751,+8.822,+1.803,+4.626,+10.000,+9.000,+99.467,+101.335,+115.538,+106.095,+106.849,+104.254,+4.663,+2.080
0,1540,+12.000,+12.000,+9.000,+9.000,+97.550,+97.928,+96.245,+101.104,+104.154,+154.282,+101.104,+134.401,+99.957,+111.010,+99.774,+110.910,+1.510,+18.025,+1.915,+14.100,+12.000,+9.000,+97.739,+99.010,+126.961,+101.104,+105.483,+100.746,+9.286,+0.637
0,1541,+3.000,+3.000,+6.000,+6.000,+97.351,+107.533,+97.363,+100.354,+104.823,+107.533,+100.354,+100.504,+100.026,+107.533,+99.744,+100.429,+3.399,+0.000,+1.075,+0.075,+3.000,+6.000,+102.442,+100.205,+106.178,+100.429,+103.779,+100.317,+1.700,+0.083
0,1542,+9.000,+9.000,+8.000,+8.000,+99.038,+100.425,+97.346,+102.252,+103.129,+136.150,+107.910,+145.099,+100.794,+114.650,+102.990,+116.687,+1.107,+13.926,+3.343,+16.831,+9.000,+8.000,+99.731,+99.799,+118.287,+109.687,+107.722,+105.512,+6.983,+3.506
0,1543,+3.000,+3.000,+12.000,+12.000,+101.132,+110.237,+95.127,+103.056,+105.365,+116.705,+118.624,+136.285,+103.048,+112.852,+103.194,+117.446,+1.751,+2.782,+5.996,+10.966,+3.000,+12.000,+106.374,+99.438,+111.035,+119.490,+107.950,+109.549,+2.181,+6.738
0,1544,+6.000,+6.000,+9.000,+9.000,+99.822,+111.469,+95.859,+97.477,+105.365,+120.907,+103.636,+105.358,+103.277,+116.183,+99.767,+102.157,+1.697,+2.816,+2.946,+3.383,+6.000,+9.000,+108.417,+96.228,+112.484,+103.636,+109.730,+100.712,+1.322,+3.108
0,1545,+8.000,+8.000,+17.000,+17.000,+99.283,+107.687,+97.950,+103.749,+105.365,+143.232,+114.260,+131.582,+101.015,+122.627,+105.211,+115.766,+1.736,+16.000,+4.244,+6.496,+8.000,+17.000,+105.208,+103.693,+122.168,+114.512,+111.821,+109.547,+7.709,+2.989
0,1546,+12.000,+12.000,+3.000,+3.000,+98.416,+99.038,+96.924,+99.396,+105.365,+134.387,+99.396,+99.396,+101.838,+113.572,+98.331,+99.396,+2.399,+14.245,+1.038,+0.000,+12.000,+3.000,+98.727,+98.160,+118.864,+99.396,+107.705,+98.863,+7.816,+0.519
0,1547,+12.000,+12.000,+12.000,+12.000,+98.497,+103.584,+95.210,+100.606,+110.679,+146.602,+106.859,+132.252,+105.203,+116.716,+102.255,+110.969,+3.173,+13.645,+4.403,+8.340,+12.000,+12.000,+101.610,+97.908,+125.093,+107.338,+110.959,+104.020,+6.973,+3.160
0,1548,+6.000,+6.000,+6.000,+6.000,+102.523,+105.205,+95.404,+123.714,+104.724,+105.205,+103.353,+164.615,+103.488,+105.205,+99.425,+138.607,+0.998,+0.000,+2.873,+17.017,+6.000,+6.000,+103.864,+96.804,+104.965,+104.665,+104.347,+101.115,+0.499,+2.547
0,1549,+10.000,+10.000,+6.000,+6.000,+97.060,+98.152,+97.799,+101.523,+103.452,+104.949,+103.353,+106.859,+100.244,+101.417,+100.520,+104.191,+2.194,+1.942,+1.824,+2.668,+10.000,+6.000,+97.606,+100.077,+104.200,+105.106,+100.830,+101.848,+2.035,+1.665
0,1550,+10.000,+10.000,+5.000,+5.000,+98.094,+101.893,+103.353,+105.686,+104.340,+130.073,+103.910,+128.110,+101.791,+107.140,+103.484,+119.245,+1.980,+8.283,+0.216,+10.859,+10.000,+5.000,+100.088,+104.798,+116.832,+107.394,+104.466,+105.843,+4.751,+1.267
0,1551,+10.000,+10.000,+6.000,+6.000,+98.859,+101.827,+98.973,+103.452,+111.333,+115.743,+103.452,+132.771,+102.800,+110.224,+101.213,+116.445,+3.473,+5.759,+2.239,+13.099,+10.000,+6.000,+100.343,+101.213,+112.670,+103.452,+106.512,+103.070,+4.075,+0.831
0,1552,+15.000,+15.000,+3.000,+3.000,+98.797,+99.364,+96.881,+99.443,+112.093,+144.282,+96.881,+100.386,+102.619,+114.594,+96.881,+100.072,+3.276,+13.350,+0.000,+0.445,+15.000,+3.000,+99.357,+99.090,+128.188,+99.914,+108.606,+99.640,+7.783,+0.388
0,1553,+6.000,+6.000,+3.000,+3.000,+97.162,+98.478,+100.386,+100.769,+106.235,+117.180,+100.386,+100.769,+100.663,+109.414,+100.386,+100.769,+3.651,+6.419,+0.000,+0.000,+6.000,+3.000,+97.820,+100.386,+111.707,+100.386,+105.038,+100.386,+4.754,+0.000
0,1554,+6.000,+6.000,+3.000,+3.000,+100.220,+106.615,+98.497,+101.893,+105.434,+138.377,+100.363,+101.893,+103.456,+125.456,+99.567,+101.893,+1.809,+13.288,+0.786,+0.000,+6.000,+3.000,+103.417,+99.430,+121.905,+101.128,+114.456,+100.220,+7.449,+0.698
0,1555,+12.000,+12.000,+3.000,+3.000,+97.351,+98.513,+96.410,+100.363,+103.128,+108.563,+100.789,+100.837,+99.936,+102.233,+98.720,+100.679,+1.775,+2.280,+1.796,+0.223,+12.000,+3.000,+98.261,+100.363,+104.627,+100.837,+101.085,+100.600,+1.766,+0.194
0,1556,+13.000,+13.000,+3.000,+3.000,+99.255,+102.072,+99.409,+112.416,+110.642,+121.268,+99.840,+112.416,+103.815,+111.379,+99.696,+112.416,+3.139,+7.054,+0.203,+0.000,+13.000,+3.000,+100.712,+99.625,+113.967,+101.948,+107.597,+101.127,+4.493,+1.064
0,1557,+3.000,+3.000,+9.000,+9.000,+101.584,+102.198,+97.255,+103.533,+101.584,+137.612,+101.069,+112.075,+101.584,+115.070,+99.442,+105.493,+0.000,+15.994,+1.276,+3.219,+3.000,+9.000,+101.891,+100.351,+119.598,+103.627,+108.327,+101.780,+7.997,+1.034
0,1558,+8.000,+8.000,+0.000,+0.000,+97.097,+99.025,NaN,NaN,+102.166,+120.464,NaN,NaN,+99.119,+110.225,NaN,NaN,+1.863,+7.851,NaN,NaN,+8.000,+0.000,+98.061,NaN,+109.915,NaN,+104.672,NaN,+3.794,NaN
0,1559,+1.000,+1.000,+4.000,+4.000,+99.206,+110.491,+97.795,+100.837,+99.206,+110.491,+99.840,+100.881,+99.206,+110.491,+99.134,+100.848,+0.000,+0.000,+0.789,+0.019,+1.000,+4.000,+104.849,+98.818,+104.849,+100.360,+104.849,+99.617,+0.000,+0.546
0,1560,+11.000,+11.000,+3.000,+3.000,+97.402,+97.653,+98.487,+99.206,+102.166,+131.086,+98.487,+99.206,+99.587,+111.982,+98.487,+99.206,+1.706,+12.778,+0.000,+0.000,+11.000,+3.000,+97.527,+98.846,+116.335,+98.846,+105.785,+98.846,+6.670,+0.000
0,1561,+5.000,+5.000,+9.000,+9.000,+98.257,+101.408,+96.919,+101.625,+101.584,+109.802,+101.625,+122.837,+100.659,+106.444,+99.893,+108.932,+1.232,+4.112,+1.304,+9.835,+5.000,+9.000,+101.086,+99.352,+105.693,+102.007,+103.552,+100.877,+2.002,+0.788
0,1562,+9.000,+9.000,+3.000,+3.000,+101.126,+102.856,+100.045,+102.226,+101.324,+154.621,+101.140,+102.602,+101.249,+125.250,+100.775,+102.477,+0.088,+17.328,+0.516,+0.178,+9.000,+3.000,+102.076,+101.135,+127.874,+101.617,+113.249,+101.457,+8.645,+0.227
0,1563,+4.000,+4.000,+5.000,+5.000,+99.449,+102.936,+95.798,+99.206,+101.584,+124.670,+99.206,+111.964,+100.153,+115.645,+97.843,+102.149,+0.871,+8.376,+1.670,+4.966,+4.000,+5.000,+101.193,+97.502,+112.400,+100.904,+107.899,+99.060,+4.476,+1.114
0,1564,+7.000,+7.000,+7.000,+7.000,+100.559,+101.584,+98.790,+100.290,+101.657,+110.534,+99.933,+108.426,+101.288,+105.472,+98.953,+104.418,+0.391,+4.385,+0.400,+3.506,+7.000,+7.000,+101.304,+98.847,+106.059,+101.890,+103.380,+100.004,+2.184,+1.258
0,1565,+6.000,+6.000,+7.000,+7.000,+101.657,+122.590,+102.654,+102.824,+104.990,+131.996,+102.845,+104.561,+102.310,+126.793,+102.733,+103.087,+1.206,+4.320,+0.091,+0.602,+6.000,+7.000,+112.124,+102.749,+116.973,+102.845,+114.552,+102.814,+2.011,+0.042
0,1566,+12.000,+12.000,+0.000,+0.000,+98.728,+111.631,NaN,NaN,+109.386,+131.795,NaN,NaN,+102.919,+123.797,NaN,NaN,+2.448,+8.355,NaN,NaN,+12.000,+0.000,+107.997,NaN,+117.194,NaN,+113.358,NaN,+3.547,NaN
0,1567,+15.000,+15.000,+4.000,+4.000,+102.693,+105.073,+96.504,+97.967,+109.386,+122.842,+100.823,+104.561,+105.415,+111.483,+98.000,+102.913,+2.131,+7.029,+1.684,+2.856,+15.000,+4.000,+103.883,+97.831,+114.931,+101.739,+108.449,+99.666,+3.654,+1.843
0,1568,+10.000,+10.000,+7.000,+7.000,+96.170,+100.593,+95.876,+102.654,+106.971,+118.986,+102.654,+122.794,+101.159,+109.089,+99.615,+107.912,+4.141,+7.033,+2.354,+7.418,+10.000,+7.000,+98.948,+99.083,+112.978,+107.475,+105.124,+101.811,+5.224,+2.637
0,1569,+13.000,+13.000,+5.000,+5.000,+98.201,+102.812,+100.266,+102.806,+106.971,+124.112,+102.654,+110.301,+102.340,+112.657,+101.236,+105.282,+3.128,+8.872,+0.839,+3.143,+13.000,+5.000,+100.507,+100.557,+115.043,+102.730,+107.499,+101.719,+5.518,+0.938
0,1570,+13.000,+13.000,+9.000,+9.000,+101.631,+103.665,+100.266,+105.073,+111.597,+145.792,+105.777,+117.266,+106.801,+114.887,+103.089,+110.080,+3.815,+11.013,+2.093,+4.484,+13.000,+9.000,+102.648,+103.863,+128.616,+106.374,+110.844,+105.153,+6.872,+1.168
0,1571,+12.000,+12.000,+2.000,+2.000,+99.123,+102.488,+95.328,+98.598,+110.976,+121.674,+95.783,+98.890,+104.208,+109.794,+95.555,+98.744,+3.302,+7.265,+0.227,+0.146,+12.000,+2.000,+101.647,+97.109,+114.650,+97.190,+107.001,+97.150,+4.686,+0.041
0,1572,+2.000,+2.000,+0.000,+0.000,+96.169,+102.585,NaN,NaN,+97.772,+103.208,NaN,NaN,+96.971,+102.896,NaN,NaN,+0.802,+0.311,NaN,NaN,+2.000,+0.000,+99.688,NaN,+100.179,NaN,+99.934,NaN,+0.245,NaN
0,1573,+12.000,+12.000,+8.000,+8.000,+98.149,+100.726,+99.381,+102.290,+102.488,+108.588,+103.678,+116.439,+100.570,+102.960,+101.909,+107.684,+1.323,+2.616,+1.341,+4.512,+12.000,+8.000,+99.438,+101.900,+105.538,+108.155,+101.765,+104.697,+1.850,+2.326
0,1574,+8.000,+8.000,+8.000,+8.000,+99.123,+99.538,+96.498,+100.409,+100.803,+147.367,+106.887,+110.010,+100.014,+118.518,+101.272,+105.354,+0.710,+22.412,+3.326,+3.431,+8.000,+8.000,+99.330,+98.965,+124.085,+107.060,+109.266,+102.973,+11.470,+2.899
0,1575,+12.000,+12.000,+3.000,+3.000,+96.235,+98.594,+101.106,+117.086,+111.786,+144.169,+106.837,+140.632,+101.908,+109.368,+104.225,+124.934,+4.312,+12.528,+2.367,+11.100,+12.000,+3.000,+97.549,+103.971,+123.291,+109.070,+105.638,+106.275,+7.528,+2.110
0,1576,+9.000,+9.000,+2.000,+2.000,+99.884,+100.358,+103.301,+104.817,+102.160,+130.891,+103.301,+105.337,+101.264,+110.995,+103.301,+105.077,+1.006,+10.190,+0.000,+0.260,+9.000,+2.000,+100.121,+104.059,+115.387,+104.319,+106.130,+104.189,+4.952,+0.130
0,1577,+15.000,+15.000,+3.000,+3.000,+97.256,+102.160,+99.333,+103.449,+104.403,+118.747,+103.301,+103.449,+101.940,+109.509,+101.978,+103.449,+1.654,+6.384,+1.870,+0.000,+15.000,+3.000,+102.160,+101.391,+111.140,+103.375,+105.724,+102.714,+3.334,+0.935
0,1578,+12.000,+12.000,+7.000,+7.000,+95.684,+101.458,+100.782,+101.432,+105.705,+113.918,+105.469,+117.892,+101.870,+105.070,+101.656,+107.486,+2.474,+3.112,+1.572,+6.662,+12.000,+7.000,+98.571,+101.345,+108.542,+111.353,+103.470,+103.442,+2.452,+3.296
0,1579,+19.000,+19.000,+0.000,+0.000,+96.176,+100.979,NaN,NaN,+116.760,+170.536,NaN,NaN,+102.691,+116.111,NaN,NaN,+4.935,+22.467,NaN,NaN,+19.000,+0.000,+99.168,NaN,+141.007,NaN,+109.401,NaN,+12.800,NaN
0,1580,+14.000,+14.000,+10.000,+10.000,+95.586,+98.113,+99.555,+105.469,+117.387,+151.335,+111.210,+160.932,+100.317,+106.680,+104.960,+129.474,+5.019,+14.241,+4.318,+21.509,+14.000,+10.000,+96.849,+105.469,+134.361,+116.980,+103.499,+110.104,+9.463,+3.964
0,1581,+12.000,+12.000,+3.000,+3.000,+96.603,+99.070,+106.626,+129.156,+102.961,+113.623,+109.084,+133.156,+101.635,+104.936,+107.596,+130.490,+1.916,+4.260,+1.068,+1.886,+12.000,+3.000,+97.836,+107.855,+107.655,+111.100,+103.285,+109.012,+2.667,+1.479
0,1582,+22.000,+22.000,+3.000,+3.000,+100.243,+101.004,+97.458,+106.522,+116.310,+130.825,+105.599,+106.522,+104.320,+109.638,+102.885,+106.522,+3.772,+7.611,+3.838,+0.000,+22.000,+3.000,+100.991,+101.529,+118.851,+106.061,+106.979,+104.550,+5.154,+2.136
0,1583,+3.000,+3.000,+6.000,+6.000,+101.902,+103.527,+97.675,+103.773,+102.555,+103.527,+105.599,+125.579,+102.337,+103.527,+99.235,+111.509,+0.308,+0.000,+2.864,+9.998,+3.000,+6.000,+102.714,+98.035,+103.041,+105.599,+102.932,+101.529,+0.154,+2.207
0,1584,+8.000,+8.000,+6.000,+6.000,+98.337,+99.754,+100.151,+100.795,+102.439,+155.256,+106.184,+108.678,+100.354,+123.890,+102.989,+104.997,+1.428,+24.497,+2.076,+3.690,+8.000,+6.000,+99.521,+100.473,+128.579,+107.431,+112.122,+103.785,+12.380,+2.666
0,1585,+6.000,+6.000,+6.000,+6.000,+99.338,+106.980,+101.494,+103.973,+101.902,+151.493,+104.824,+113.198,+100.287,+130.065,+103.736,+108.051,+0.871,+16.188,+1.103,+3.352,+6.000,+6.000,+104.441,+102.674,+125.868,+106.439,+115.176,+104.933,+7.929,+1.354
0,1586,+6.000,+6.000,+3.000,+3.000,+98.236,+100.502,+98.868,+104.824,+101.902,+110.265,+100.699,+104.824,+99.825,+105.224,+99.478,+104.824,+1.190,+3.326,+0.863,+0.000,+6.000,+3.000,+99.920,+100.544,+104.250,+101.459,+102.524,+101.026,+1.745,+0.375
0,1587,+6.000,+6.000,+0.000,+0.000,+100.182,+101.389,NaN,NaN,+105.053,+152.553,NaN,NaN,+101.024,+111.400,NaN,NaN,+1.802,+18.649,NaN,NaN,+6.000,+0.000,+100.786,NaN,+128.803,NaN,+106.212,NaN,+10.215,NaN
0,1588,+13.000,+13.000,+12.000,+12.000,+96.728,+96.926,+97.809,+100.660,+101.946,+126.300,+100.810,+129.693,+99.423,+105.685,+99.502,+109.151,+1.610,+9.171,+1.259,+9.015,+13.000,+12.000,+96.827,+98.849,+113.116,+104.504,+102.554,+100.826,+4.900,+1.352
0,1589,+9.000,+9.000,+7.000,+7.000,+99.151,+100.566,+97.158,+100.699,+101.247,+160.679,+102.897,+104.581,+100.950,+110.524,+99.495,+102.912,+0.637,+18.691,+2.148,+1.624,+9.000,+7.000,+99.859,+98.929,+130.915,+102.897,+105.737,+100.743,+9.405,+1.334
0,1590,+13.000,+13.000,+3.000,+3.000,+101.151,+101.247,+96.492,+153.845,+108.836,+110.765,+96.934,+153.845,+103.300,+106.935,+96.787,+153.845,+2.436,+3.044,+0.208,+0.000,+13.000,+3.000,+101.199,+96.713,+109.154,+101.200,+105.117,+98.890,+2.293,+1.834
0,1591,+12.000,+12.000,+7.000,+7.000,+98.743,+100.958,+98.388,+102.897,+103.055,+133.175,+101.087,+141.023,+101.521,+109.171,+99.713,+119.379,+1.155,+9.604,+1.251,+18.747,+12.000,+7.000,+99.850,+99.737,+118.036,+102.489,+105.346,+101.524,+5.093,+0.841
0,1592,+14.000,+14.000,+6.000,+6.000,+95.370,+96.453,+100.008,+117.243,+108.253,+126.845,+102.971,+131.459,+101.202,+108.012,+101.298,+125.259,+4.192,+10.383,+1.304,+6.460,+14.000,+6.000,+95.911,+102.614,+117.549,+104.096,+104.607,+103.506,+6.632,+0.642
0,1593,+6.000,+6.000,+3.000,+3.000,+101.151,+101.209,+96.827,+134.144,+104.038,+108.330,+103.576,+134.144,+102.260,+104.392,+100.885,+134.144,+1.143,+2.957,+2.920,+0.000,+6.000,+3.000,+101.180,+99.540,+106.184,+111.569,+103.326,+104.674,+1.802,+5.066
0,1594,+4.000,+4.000,+6.000,+6.000,+97.083,+97.227,+96.179,+102.434,+99.388,+100.172,+102.434,+111.458,+98.486,+99.436,+99.089,+106.417,+0.969,+1.275,+1.964,+3.916,+4.000,+6.000,+97.155,+100.146,+99.780,+102.434,+98.961,+101.196,+1.076,+0.726
0,1595,+9.000,+9.000,+9.000,+9.000,+96.327,+96.911,+100.021,+107.067,+101.151,+101.151,+105.655,+155.055,+98.345,+99.626,+104.032,+129.328,+1.867,+1.533,+2.149,+19.744,+9.000,+9.000,+96.619,+101.614,+101.151,+115.096,+98.985,+109.674,+1.568,+4.972
0,1596,+6.000,+6.000,+0.000,+0.000,+95.487,+97.264,NaN,NaN,+98.783,+115.684,NaN,NaN,+97.135,+103.447,NaN,NaN,+1.648,+6.906,NaN,NaN,+6.000,+0.000,+96.376,NaN,+107.234,NaN,+100.291,NaN,+4.207,NaN
0,1597,+14.000,+14.000,+0.000,+0.000,+97.686,+100.218,NaN,NaN,+103.295,+124.784,NaN,NaN,+100.681,+107.668,NaN,NaN,+1.723,+9.155,NaN,NaN,+14.000,+0.000,+99.159,NaN,+113.692,NaN,+104.174,NaN,+4.885,NaN
0,1598,+5.000,+5.000,+7.000,+7.000,+96.421,+97.857,+100.484,+110.856,+105.625,+116.449,+101.850,+134.191,+99.533,+106.271,+101.163,+121.911,+3.916,+8.488,+0.571,+10.906,+5.000,+7.000,+97.139,+101.538,+111.037,+103.498,+102.902,+102.887,+6.137,+0.856
0,1599,+9.000,+9.000,+0.000,+0.000,+98.884,+101.936,NaN,NaN,+102.777,+102.777,NaN,NaN,+101.251,+102.455,NaN,NaN,+1.699,+0.371,NaN,NaN,+9.000,+0.000,+100.410,NaN,+102.777,NaN,+101.853,NaN,+0.894,NaN
0,1600,+5.000,+5.000,+3.000,+3.000,+97.142,+98.171,+98.863,+106.500,+104.190,+116.080,+100.946,+106.500,+101.216,+106.743,+100.252,+106.500,+2.306,+6.440,+0.982,+0.000,+5.000,+3.000,+97.657,+99.905,+109.008,+101.398,+103.980,+100.900,+4.109,+0.704
0,1601,+17.000,+17.000,+6.000,+6.000,+97.009,+98.271,+98.936,+109.049,+105.401,+144.820,+108.911,+112.604,+101.206,+110.728,+105.024,+111.788,+2.402,+12.481,+2.984,+1.261,+17.000,+6.000,+97.640,+105.815,+123.378,+110.758,+105.967,+108.414,+7.027,+1.539
0,1602,+8.000,+8.000,+10.000,+10.000,+97.969,+100.162,+100.946,+104.910,+103.584,+113.467,+110.887,+132.026,+100.497,+105.815,+103.662,+120.839,+1.512,+5.947,+3.546,+10.253,+8.000,+10.000,+99.570,+101.076,+108.525,+122.318,+103.156,+110.270,+3.363,+6.558
0,1603,+13.000,+13.000,+12.000,+12.000,+99.401,+100.852,+98.697,+109.350,+105.372,+136.772,+111.343,+119.497,+101.535,+110.447,+105.637,+114.989,+1.854,+12.386,+3.998,+3.514,+13.000,+12.000,+100.185,+105.242,+121.072,+115.793,+105.991,+110.965,+6.939,+2.998
0,1604,+10.000,+10.000,+12.000,+12.000,+96.153,+98.368,+97.429,+108.953,+102.651,+139.068,+109.066,+128.304,+99.745,+108.169,+103.936,+118.912,+1.867,+13.046,+5.044,+6.093,+10.000,+12.000,+97.261,+99.820,+120.859,+114.989,+103.957,+110.870,+7.235,+4.113
0,1605,+9.000,+9.000,+9.000,+9.000,+95.957,+96.153,+96.715,+112.833,+99.518,+108.083,+112.698,+133.061,+98.161,+100.763,+105.503,+121.991,+1.484,+3.301,+4.711,+8.161,+9.000,+9.000,+96.055,+104.484,+103.692,+115.275,+99.462,+112.670,+2.161,+3.037
0,1606,+10.000,+10.000,+6.000,+6.000,+98.212,+99.518,+97.062,+104.618,+103.741,+109.590,+98.451,+119.133,+100.103,+103.268,+97.679,+108.553,+1.859,+2.837,+0.625,+4.805,+10.000,+6.000,+99.409,+97.756,+106.422,+100.850,+101.686,+98.637,+2.087,+1.010
0,1607,+4.000,+4.000,+6.000,+6.000,+99.848,+103.168,+96.034,+101.834,+103.062,+106.911,+100.617,+114.286,+100.806,+105.094,+99.736,+109.316,+1.319,+1.495,+1.663,+5.314,+4.000,+6.000,+101.508,+100.441,+104.596,+104.932,+102.950,+101.694,+1.235,+1.533
0,1608,+11.000,+11.000,+13.000,+13.000,+97.258,+98.254,+99.776,+104.978,+125.229,+128.220,+105.375,+115.445,+102.336,+105.290,+102.958,+110.185,+7.649,+7.882,+2.248,+3.647,+11.000,+13.000,+97.756,+104.200,+126.724,+110.733,+103.813,+106.261,+7.720,+1.545
0,1609,+15.000,+15.000,+10.000,+10.000,+99.247,+99.518,+96.209,+98.795,+112.085,+131.211,+103.708,+152.872,+105.001,+112.443,+101.154,+116.211,+3.990,+8.270,+2.590,+19.867,+15.000,+10.000,+99.383,+97.999,+117.867,+103.918,+108.722,+102.896,+5.082,+1.654
0,1610,+9.000,+9.000,+6.000,+6.000,+99.518,+106.804,+100.934,+103.708,+108.117,+120.388,+107.934,+118.170,+102.498,+112.673,+102.800,+110.939,+3.976,+3.893,+2.397,+7.231,+9.000,+6.000,+103.161,+101.965,+112.461,+110.231,+107.586,+103.945,+3.106,+2.880
0,1611,+12.000,+12.000,+3.000,+3.000,+102.088,+103.043,+97.612,+104.665,+122.410,+140.190,+97.612,+110.569,+107.993,+116.918,+97.612,+106.633,+5.035,+10.611,+0.000,+2.783,+12.000,+3.000,+102.566,+100.114,+125.171,+100.114,+112.456,+100.114,+6.729,+0.000
0,1612,+10.000,+10.000,+3.000,+3.000,+96.728,+100.955,+97.454,+108.030,+106.134,+121.661,+97.454,+108.030,+100.979,+106.646,+97.454,+108.030,+3.129,+6.973,+0.000,+0.000,+10.000,+3.000,+100.284,+99.281,+113.897,+99.281,+103.812,+99.281,+4.247,+0.000
0,1613,+7.000,+7.000,+0.000,+0.000,+95.958,+97.681,NaN,NaN,+112.207,+140.677,NaN,NaN,+101.119,+114.310,NaN,NaN,+5.026,+17.180,NaN,NaN,+7.000,+0.000,+96.820,NaN,+120.905,NaN,+107.715,NaN,+8.865,NaN
0,1614,+7.000,+7.000,+1.000,+1.000,+95.120,+95.958,+97.387,+97.387,+101.834,+137.555,+97.387,+97.387,+99.565,+119.228,+97.387,+97.387,+2.347,+16.529,+0.000,+0.000,+7.000,+1.000,+95.539,+97.387,+119.694,+97.387,+109.396,+97.387,+8.851,+0.000
0,1615,+11.000,+11.000,+9.000,+9.000,+96.851,+97.810,+97.387,+99.857,+109.891,+120.018,+99.611,+114.995,+99.959,+106.508,+98.387,+107.156,+3.549,+8.380,+0.757,+6.336,+11.000,+9.000,+97.353,+98.678,+112.955,+106.040,+103.233,+101.133,+5.296,+2.668
0,1616,+11.000,+11.000,+4.000,+4.000,+98.615,+98.916,+99.582,+99.582,+106.381,+136.877,+103.256,+103.274,+101.872,+113.340,+100.501,+100.581,+2.267,+10.286,+1.591,+1.558,+11.000,+4.000,+98.765,+99.582,+119.718,+103.265,+107.606,+100.579,+5.621,+1.555
0,1617,+13.000,+13.000,+6.000,+6.000,+99.749,+100.141,+97.436,+103.274,+105.883,+115.752,+101.483,+127.355,+102.083,+105.291,+99.343,+113.090,+1.883,+4.333,+1.910,+10.458,+13.000,+6.000,+99.978,+99.285,+110.818,+105.373,+103.687,+101.331,+2.775,+2.277
0,1618,+13.000,+13.000,+3.000,+3.000,+95.284,+97.909,+103.256,+119.279,+110.578,+123.369,+103.256,+131.924,+101.505,+108.466,+103.256,+124.068,+4.418,+7.790,+0.000,+5.599,+13.000,+3.000,+96.597,+103.328,+111.538,+104.501,+104.985,+103.719,+5.266,+0.553
0,1619,+8.000,+8.000,+9.000,+9.000,+100.227,+101.133,+96.806,+99.888,+113.909,+135.778,+99.888,+107.732,+104.297,+120.870,+99.063,+102.603,+4.426,+13.146,+1.022,+2.806,+8.000,+9.000,+101.133,+99.179,+124.844,+99.888,+112.583,+99.725,+7.774,+0.292
0,1620,+10.000,+10.000,+7.000,+7.000,+99.104,+100.234,+100.661,+101.321,+105.909,+142.906,+101.741,+107.935,+101.469,+107.662,+101.353,+104.470,+2.161,+12.041,+0.437,+2.357,+10.000,+7.000,+99.669,+100.991,+123.721,+103.515,+104.565,+102.416,+6.734,+0.957
0,1621,+12.000,+12.000,+6.000,+6.000,+99.835,+101.351,+98.839,+101.741,+104.258,+104.983,+102.821,+107.472,+102.484,+103.157,+100.830,+104.705,+1.413,+1.161,+1.991,+2.293,+12.000,+6.000,+100.593,+100.290,+104.620,+104.092,+102.820,+102.802,+1.272,+1.203
0,1622,+11.000,+11.000,+0.000,+0.000,+96.970,+101.380,NaN,NaN,+104.560,+118.107,NaN,NaN,+101.378,+109.332,NaN,NaN,+1.670,+6.825,NaN,NaN,+11.000,+0.000,+99.175,NaN,+110.045,NaN,+105.355,NaN,+3.856,NaN
0,1623,+15.000,+15.000,+10.000,+10.000,+96.453,+99.876,+97.196,+97.790,+145.107,+147.076,+103.810,+163.767,+103.903,+116.188,+100.939,+116.482,+11.374,+11.298,+1.867,+22.122,+15.000,+10.000,+98.164,+97.493,+146.092,+103.959,+110.045,+102.523,+10.814,+1.755
0,1624,+3.000,+3.000,+9.000,+9.000,+96.286,+99.157,+97.514,+101.478,+100.727,+100.727,+100.759,+113.977,+98.723,+100.203,+99.465,+103.886,+1.839,+0.740,+1.186,+4.366,+3.000,+9.000,+98.506,+100.046,+100.727,+101.940,+99.463,+101.147,+0.932,+0.571
0,1625,+10.000,+10.000,+6.000,+6.000,+99.821,+100.727,+100.600,+102.821,+102.234,+122.946,+102.139,+104.088,+100.603,+109.331,+101.428,+103.032,+0.670,+9.340,+0.720,+0.472,+10.000,+6.000,+100.570,+101.710,+112.590,+102.821,+104.967,+102.495,+4.892,+0.378
0,1626,+10.000,+10.000,+0.000,+0.000,+98.942,+100.055,NaN,NaN,+106.969,+125.497,NaN,NaN,+101.098,+104.351,NaN,NaN,+2.490,+8.147,NaN,NaN,+10.000,+0.000,+99.499,NaN,+116.233,NaN,+102.724,NaN,+5.295,NaN
0,1627,+7.000,+7.000,+0.000,+0.000,+101.698,+103.782,NaN,NaN,+105.256,+108.437,NaN,NaN,+102.566,+106.675,NaN,NaN,+1.119,+1.673,NaN,NaN,+7.000,+0.000,+103.085,NaN,+106.847,NaN,+104.621,NaN,+1.187,NaN
0,1628,+10.000,+10.000,+5.000,+5.000,+96.614,+97.885,+98.327,+100.232,+109.772,+156.860,+105.230,+135.305,+100.741,+120.449,+100.812,+121.465,+3.712,+19.413,+3.074,+16.953,+10.000,+5.000,+97.249,+99.280,+127.550,+106.489,+110.595,+102.843,+10.373,+2.591
0,1629,+16.000,+16.000,+3.000,+3.000,+100.075,+100.696,+102.571,+104.088,+118.892,+132.658,+102.571,+104.088,+105.635,+110.932,+102.571,+104.088,+4.937,+8.908,+0.000,+0.000,+16.000,+3.000,+100.385,+103.330,+121.757,+103.330,+108.283,+103.330,+6.474,+0.000
0,1630,+15.000,+15.000,+7.000,+7.000,+97.782,+101.705,+98.809,+102.734,+116.153,+130.417,+105.437,+115.357,+104.547,+109.727,+101.133,+107.985,+4.641,+7.443,+2.316,+3.790,+15.000,+7.000,+101.271,+100.690,+120.312,+106.697,+107.137,+103.623,+5.602,+2.158
0,1631,+12.000,+12.000,+3.000,+3.000,+95.906,+97.799,+104.424,+110.229,+104.708,+120.212,+104.424,+141.144,+100.222,+108.166,+104.424,+126.058,+2.136,+6.699,+0.000,+12.632,+12.000,+3.000,+96.853,+107.327,+110.859,+111.891,+104.194,+110.369,+4.016,+2.151
0,1632,+13.000,+13.000,+1.000,+1.000,+97.375,+99.811,+102.370,+103.102,+102.309,+106.932,+102.370,+103.102,+100.415,+102.850,+102.370,+103.102,+1.578,+2.385,+0.000,+0.000,+13.000,+1.000,+99.243,+102.736,+104.323,+102.736,+101.632,+102.736,+1.417,+0.000
0,1633,+20.000,+20.000,+0.000,+0.000,+97.188,+97.375,NaN,NaN,+121.826,+160.838,NaN,NaN,+102.131,+110.141,NaN,NaN,+5.115,+16.181,NaN,NaN,+20.000,+0.000,+97.329,NaN,+132.650,NaN,+106.136,NaN,+9.667,NaN
0,1634,+18.000,+18.000,+6.000,+6.000,+96.972,+97.701,+101.435,+107.333,+118.047,+149.409,+114.372,+128.930,+105.259,+122.945,+104.135,+118.131,+4.839,+14.482,+4.588,+10.799,+18.000,+6.000,+97.337,+102.252,+130.812,+121.651,+114.102,+107.766,+8.275,+6.455
0,1635,+9.000,+9.000,+3.000,+3.000,+96.866,+99.436,+99.418,+102.129,+104.906,+112.417,+99.418,+102.129,+100.434,+106.357,+99.418,+102.129,+2.788,+4.702,+0.000,+0.000,+9.000,+3.000,+98.151,+99.438,+106.802,+99.438,+103.396,+99.438,+2.884,+0.000
0,1636,+10.000,+10.000,+3.000,+3.000,+97.038,+101.187,+102.383,+102.383,+112.038,+119.990,+102.679,+102.679,+101.371,+111.933,+102.481,+102.481,+3.923,+7.210,+0.140,+0.140,+10.000,+3.000,+99.112,+102.383,+114.583,+102.679,+106.652,+102.481,+4.850,+0.140
0,1637,+16.000,+16.000,+0.000,+0.000,+96.574,+99.218,NaN,NaN,+108.492,+111.872,NaN,NaN,+101.149,+106.763,NaN,NaN,+3.444,+4.222,NaN,NaN,+16.000,+0.000,+98.097,NaN,+110.182,NaN,+103.956,NaN,+3.549,NaN
0,1638,+3.000,+3.000,+7.000,+7.000,+97.971,+132.769,+99.630,+102.679,+103.110,+132.769,+105.856,+120.771,+100.756,+132.769,+102.346,+113.112,+2.120,+0.000,+2.663,+6.941,+3.000,+7.000,+115.370,+100.743,+117.939,+118.205,+116.762,+107.180,+1.060,+5.911
0,1639,+22.000,+22.000,+4.000,+4.000,+99.674,+100.163,+98.564,+110.756,+107.024,+136.752,+104.370,+128.145,+102.709,+106.923,+101.015,+117.103,+1.920,+8.940,+2.102,+6.647,+22.000,+4.000,+100.070,+104.352,+119.554,+107.255,+104.816,+105.578,+4.805,+1.051
0,1640,+15.000,+15.000,+6.000,+6.000,+97.159,+106.212,+103.363,+107.285,+115.125,+135.686,+107.018,+116.241,+106.378,+116.923,+104.558,+108.839,+4.212,+9.599,+1.578,+3.312,+15.000,+6.000,+101.686,+105.121,+121.725,+108.520,+111.650,+106.432,+5.759,+1.263
0,1641,+6.000,+6.000,+3.000,+3.000,+97.153,+121.579,+96.130,+105.414,+102.369,+136.259,+99.073,+123.424,+101.088,+127.359,+98.092,+112.473,+1.879,+6.154,+1.387,+7.851,+6.000,+3.000,+110.290,+99.107,+119.314,+100.579,+114.224,+100.088,+3.581,+0.694
0,1642,+10.000,+10.000,+0.000,+0.000,+96.933,+99.083,NaN,NaN,+104.534,+111.080,NaN,NaN,+100.361,+103.552,NaN,NaN,+2.217,+4.201,NaN,NaN,+10.000,+0.000,+98.008,NaN,+107.775,NaN,+101.957,NaN,+3.033,NaN
0,1643,+9.000,+9.000,+0.000,+0.000,+98.974,+101.631,NaN,NaN,+103.304,+158.221,NaN,NaN,+101.542,+114.905,NaN,NaN,+1.343,+19.383,NaN,NaN,+9.000,+0.000,+101.005,NaN,+129.862,NaN,+108.223,NaN,+9.722,NaN
0,1644,+11.000,+11.000,+3.000,+3.000,+99.754,+99.988,+99.952,+103.238,+105.815,+122.569,+99.952,+103.238,+102.806,+112.717,+99.952,+103.238,+1.598,+9.543,+0.000,+0.000,+11.000,+3.000,+99.871,+101.363,+114.192,+101.363,+107.762,+101.363,+5.407,+0.000
0,1645,+7.000,+7.000,+0.000,+0.000,+97.420,+100.786,NaN,NaN,+101.192,+125.159,NaN,NaN,+100.057,+110.394,NaN,NaN,+1.257,+9.280,NaN,NaN,+7.000,+0.000,+100.237,NaN,+111.290,NaN,+105.225,NaN,+4.389,NaN
0,1646,+18.000,+18.000,+0.000,+0.000,+98.440,+100.610,NaN,NaN,+105.200,+146.814,NaN,NaN,+101.902,+112.138,NaN,NaN,+2.042,+14.675,NaN,NaN,+18.000,+0.000,+100.446,NaN,+125.059,NaN,+107.020,NaN,+7.873,NaN
0,1647,+9.000,+9.000,+0.000,+0.000,+97.919,+98.567,NaN,NaN,+101.595,+109.140,NaN,NaN,+99.958,+102.358,NaN,NaN,+1.060,+2.956,NaN,NaN,+9.000,+0.000,+98.243,NaN,+104.780,NaN,+101.158,NaN,+1.804,NaN
0,1648,+9.000,+9.000,+3.000,+3.000,+97.418,+99.865,+100.284,+104.651,+106.358,+160.444,+100.349,+104.651,+101.657,+122.453,+100.306,+104.651,+2.831,+19.665,+0.031,+0.000,+9.000,+3.000,+98.641,+101.023,+131.416,+101.056,+112.055,+101.034,+10.699,+0.015
0,1649,+9.000,+9.000,+7.000,+7.000,+96.973,+97.916,+100.284,+104.651,+105.277,+123.272,+112.825,+128.564,+100.354,+109.843,+103.446,+114.194,+2.318,+10.023,+4.105,+8.578,+9.000,+7.000,+97.444,+102.468,+114.274,+117.584,+105.099,+107.661,+5.782,+4.686
0,1650,+9.000,+9.000,+4.000,+4.000,+99.637,+101.192,+100.429,+108.677,+110.961,+115.110,+107.798,+111.280,+102.362,+106.026,+102.271,+110.629,+3.108,+6.428,+3.191,+1.127,+9.000,+4.000,+100.414,+104.113,+113.036,+108.237,+104.194,+105.144,+4.239,+1.786
0,1651,+17.000,+17.000,+9.000,+9.000,+97.385,+97.415,+104.766,+111.858,+110.714,+167.564,+129.443,+177.469,+100.719,+117.358,+111.064,+141.702,+3.209,+25.055,+9.222,+19.108,+17.000,+9.000,+97.400,+109.916,+134.606,+129.650,+109.039,+124.095,+12.773,+6.135
0,1652,+21.000,+21.000,+0.000,+0.000,+97.591,+99.678,NaN,NaN,+109.934,+121.327,NaN,NaN,+102.368,+108.518,NaN,NaN,+3.197,+7.697,NaN,NaN,+21.000,+0.000,+98.634,NaN,+114.424,NaN,+105.443,NaN,+5.029,NaN
0,1653,+14.000,+14.000,+2.000,+2.000,+95.929,+96.232,+98.838,+102.613,+105.372,+165.594,+100.659,+104.164,+100.259,+108.514,+99.748,+103.388,+2.295,+16.336,+0.911,+0.775,+14.000,+2.000,+96.080,+99.850,+133.621,+100.761,+104.386,+100.305,+8.551,+0.455
0,1654,+16.000,+16.000,+7.000,+7.000,+95.814,+101.648,+99.219,+103.486,+103.162,+108.598,+104.728,+127.763,+101.471,+103.682,+100.548,+113.678,+1.745,+2.074,+1.804,+7.114,+16.000,+7.000,+98.731,+101.985,+105.781,+105.784,+102.577,+102.882,+1.704,+1.215
0,1655,+11.000,+11.000,+1.000,+1.000,+98.849,+102.100,+97.329,+109.311,+102.869,+107.006,+97.329,+109.311,+101.349,+103.059,+97.329,+109.311,+1.307,+1.271,+0.000,+0.000,+11.000,+1.000,+100.859,+103.320,+104.937,+103.320,+102.204,+103.320,+1.054,+0.000
0,1656,+15.000,+15.000,+3.000,+3.000,+101.401,+102.692,+103.492,+103.724,+113.287,+135.219,+103.492,+122.085,+103.597,+114.003,+103.492,+115.965,+2.693,+11.488,+0.000,+8.655,+15.000,+3.000,+102.046,+103.608,+118.955,+105.209,+108.800,+104.675,+5.917,+0.754
0,1657,+18.000,+18.000,+0.000,+0.000,+99.807,+102.392,NaN,NaN,+106.941,+112.038,NaN,NaN,+103.180,+104.668,NaN,NaN,+1.548,+2.854,NaN,NaN,+18.000,+0.000,+101.195,NaN,+109.490,NaN,+103.924,NaN,+2.079,NaN
0,1658,+12.000,+12.000,+3.000,+3.000,+96.691,+98.285,+99.410,+99.631,+105.997,+128.116,+99.410,+100.505,+102.202,+106.399,+99.410,+99.922,+2.137,+8.055,+0.000,+0.412,+12.000,+3.000,+97.488,+99.520,+115.650,+100.068,+104.300,+99.703,+4.512,+0.258
0,1659,+4.000,+4.000,+0.000,+0.000,+97.317,+97.541,NaN,NaN,+100.185,+103.185,NaN,NaN,+99.468,+101.774,NaN,NaN,+1.242,+2.444,NaN,NaN,+4.000,+0.000,+97.429,NaN,+101.685,NaN,+100.621,NaN,+1.843,NaN
0,1660,+17.000,+17.000,+0.000,+0.000,+97.287,+98.922,NaN,NaN,+103.754,+136.671,NaN,NaN,+100.019,+106.928,NaN,NaN,+2.046,+11.853,NaN,NaN,+17.000,+0.000,+98.398,NaN,+118.586,NaN,+103.473,NaN,+6.524,NaN
0,1661,+19.000,+19.000,+3.000,+3.000,+100.185,+102.159,+101.466,+118.057,+124.183,+131.591,+113.857,+120.459,+104.120,+112.113,+106.877,+119.278,+5.057,+11.300,+5.179,+0.981,+19.000,+3.000,+101.172,+110.391,+127.887,+115.701,+108.116,+112.591,+7.308,+2.261
0,1662,+24.000,+24.000,+3.000,+3.000,+99.146,+101.700,+101.232,+109.448,+107.350,+116.115,+104.752,+115.126,+104.003,+108.526,+102.607,+111.403,+2.014,+5.150,+1.537,+2.634,+24.000,+3.000,+100.526,+101.895,+111.398,+107.100,+106.265,+103.731,+3.332,+2.386
0,1663,+27.000,+27.000,+3.000,+3.000,+100.430,+101.731,+100.828,+102.305,+108.459,+134.446,+100.828,+124.089,+103.458,+110.112,+100.828,+115.734,+2.233,+10.247,+0.000,+9.590,+27.000,+3.000,+101.623,+101.566,+121.453,+106.089,+106.785,+103.714,+5.751,+1.853
0,1664,+16.000,+16.000,+5.000,+5.000,+100.939,+102.805,+104.697,+107.420,+107.991,+158.200,+113.454,+132.048,+103.494,+111.400,+107.504,+118.377,+1.999,+17.432,+3.070,+10.396,+16.000,+5.000,+101.872,+106.059,+132.894,+114.647,+107.447,+110.239,+9.455,+3.093
0,1665,+15.000,+15.000,+0.000,+0.000,+97.062,+101.021,NaN,NaN,+104.005,+121.002,NaN,NaN,+101.395,+106.994,NaN,NaN,+2.123,+7.150,NaN,NaN,+15.000,+0.000,+99.042,NaN,+112.504,NaN,+104.194,NaN,+4.020,NaN
0,1666,+11.000,+11.000,+6.000,+6.000,+95.979,+98.403,+100.185,+105.931,+101.390,+108.766,+104.902,+111.399,+99.244,+102.386,+101.625,+107.642,+1.542,+3.092,+1.713,+1.981,+11.000,+6.000,+97.191,+101.276,+104.742,+105.351,+100.815,+103.604,+2.195,+1.764
0,1667,+16.000,+16.000,+4.000,+4.000,+96.500,+97.540,+101.926,+105.094,+103.319,+137.844,+111.727,+125.064,+101.386,+108.601,+104.376,+118.347,+1.879,+12.341,+4.244,+8.063,+16.000,+4.000,+97.020,+103.510,+120.477,+117.576,+104.994,+109.237,+6.711,+5.153
0,1668,+15.000,+15.000,+3.000,+3.000,+99.664,+101.848,+99.170,+108.997,+118.622,+142.421,+111.091,+118.094,+104.373,+116.578,+105.351,+113.837,+5.439,+13.557,+4.877,+3.737,+15.000,+3.000,+100.979,+105.443,+130.522,+112.755,+110.476,+110.129,+8.461,+3.322
0,1669,+11.000,+11.000,+0.000,+0.000,+95.627,+97.260,NaN,NaN,+101.982,+104.131,NaN,NaN,+99.393,+101.473,NaN,NaN,+2.044,+1.933,NaN,NaN,+11.000,+0.000,+96.443,NaN,+102.378,NaN,+100.433,NaN,+1.862,NaN
0,1670,+25.000,+25.000,+6.000,+6.000,+96.466,+97.887,+95.565,+98.855,+128.986,+140.700,+102.933,+102.933,+106.876,+118.350,+98.868,+101.019,+7.502,+13.244,+3.390,+1.918,+25.000,+6.000,+97.176,+98.284,+134.843,+102.933,+112.613,+100.510,+8.881,+2.080
0,1671,+16.000,+16.000,+8.000,+8.000,+98.452,+100.984,+101.037,+106.298,+110.700,+114.551,+112.515,+130.071,+105.558,+110.109,+103.980,+116.671,+3.587,+4.329,+3.648,+7.902,+16.000,+8.000,+100.034,+102.871,+112.625,+115.059,+107.833,+107.666,+3.840,+4.543
0,1672,+11.000,+11.000,+5.000,+5.000,+96.025,+101.373,+97.765,+102.933,+113.268,+140.297,+106.609,+120.797,+101.991,+113.151,+101.818,+109.998,+4.406,+14.348,+2.813,+6.711,+11.000,+5.000,+99.281,+102.253,+123.139,+108.967,+107.571,+105.334,+8.301,+2.651
0,1673,+8.000,+8.000,+3.000,+3.000,+96.097,+101.925,+97.964,+108.522,+105.598,+118.528,+97.964,+108.522,+101.224,+107.193,+97.964,+108.522,+2.537,+4.539,+0.000,+0.000,+8.000,+3.000,+99.011,+101.742,+109.382,+102.532,+104.209,+102.005,+2.764,+0.372
0,1674,+15.000,+15.000,+3.000,+3.000,+99.715,+100.974,+95.672,+97.964,+107.679,+123.940,+95.672,+99.486,+103.230,+110.022,+95.672,+98.471,+2.094,+7.555,+0.000,+0.717,+15.000,+3.000,+100.370,+96.818,+114.761,+97.579,+106.626,+97.071,+4.559,+0.359
0,1675,+6.000,+6.000,+9.000,+9.000,+99.948,+102.947,+97.066,+103.047,+102.649,+122.557,+105.521,+147.146,+101.366,+107.831,+100.915,+115.525,+1.245,+6.961,+2.595,+15.392,+6.000,+9.000,+101.706,+100.350,+111.271,+109.987,+104.598,+103.324,+3.138,+2.681
0,1676,+4.000,+4.000,+7.000,+7.000,+96.738,+97.965,+97.653,+102.315,+105.540,+110.864,+103.468,+140.789,+101.036,+107.639,+99.664,+114.817,+4.084,+5.585,+2.444,+14.040,+4.000,+7.000,+97.351,+97.730,+108.202,+104.901,+104.338,+101.828,+4.347,+2.585
0,1677,+11.000,+11.000,+5.000,+5.000,+99.942,+102.960,+98.032,+100.663,+107.735,+137.612,+101.870,+148.028,+102.874,+112.091,+100.287,+122.820,+2.200,+10.380,+1.811,+20.441,+11.000,+5.000,+101.457,+99.347,+119.361,+104.810,+107.482,+102.134,+5.392,+2.317
0,1678,+6.000,+6.000,+1.000,+1.000,+96.360,+101.736,+96.667,+102.038,+101.977,+103.241,+96.667,+102.038,+100.713,+102.489,+96.667,+102.038,+1.966,+0.753,+0.000,+0.000,+6.000,+1.000,+99.048,+97.836,+102.609,+97.836,+101.601,+97.836,+1.234,+0.000
0,1679,+7.000,+7.000,+2.000,+2.000,+98.236,+100.755,+98.288,+102.469,+101.736,+121.803,+102.630,+108.329,+99.987,+106.520,+100.459,+105.399,+1.412,+6.976,+2.171,+2.930,+7.000,+2.000,+99.496,+100.378,+111.769,+103.780,+103.254,+102.079,+4.081,+1.701
0,1680,+9.000,+9.000,+8.000,+8.000,+97.464,+100.986,+96.899,+101.434,+101.301,+147.701,+102.630,+122.819,+100.205,+116.683,+99.622,+112.750,+1.341,+21.933,+1.892,+6.638,+9.000,+8.000,+99.225,+99.699,+124.328,+102.973,+108.444,+101.311,+10.828,+1.313
0,1681,+8.000,+8.000,+3.000,+3.000,+100.308,+101.629,+98.601,+102.630,+105.091,+109.771,+98.601,+102.630,+102.651,+106.704,+98.601,+102.630,+1.914,+3.027,+0.000,+0.000,+8.000,+3.000,+101.292,+99.778,+107.383,+99.778,+104.678,+99.778,+1.953,+0.000
0,1682,+6.000,+6.000,+5.000,+5.000,+96.637,+102.228,+98.221,+101.394,+102.379,+103.618,+101.977,+108.532,+100.722,+102.923,+100.088,+105.785,+1.913,+0.695,+1.305,+3.369,+6.000,+5.000,+100.127,+100.233,+102.998,+102.474,+101.822,+101.029,+0.867,+0.795
0,1683,+4.000,+4.000,+14.000,+14.000,+99.615,+100.210,+98.659,+101.267,+102.133,+103.719,+101.977,+113.055,+100.948,+102.842,+100.584,+104.146,+0.906,+1.519,+1.394,+3.236,+4.000,+14.000,+99.913,+99.986,+102.926,+103.592,+101.895,+101.713,+1.169,+0.768
0,1684,+6.000,+6.000,+6.000,+6.000,+100.210,+100.687,+97.139,+100.228,+101.977,+103.229,+100.653,+101.977,+100.941,+101.716,+99.525,+101.295,+0.792,+0.870,+1.555,+0.783,+6.000,+6.000,+100.449,+98.465,+102.146,+101.622,+101.329,+100.432,+0.728,+1.274
0,1685,+11.000,+11.000,+10.000,+10.000,+100.042,+100.454,+95.800,+100.787,+103.657,+124.207,+101.621,+107.000,+100.831,+107.455,+98.453,+102.666,+0.949,+10.274,+2.082,+2.001,+11.000,+10.000,+100.248,+98.909,+113.932,+101.734,+104.143,+100.174,+5.457,+1.025
0,1686,+11.000,+11.000,+7.000,+7.000,+98.766,+99.106,+98.376,+102.389,+115.475,+136.931,+101.847,+124.841,+102.597,+111.701,+100.089,+113.406,+4.465,+11.343,+1.526,+10.208,+11.000,+7.000,+99.078,+101.360,+126.203,+102.958,+107.149,+101.877,+7.653,+0.689
0,1687,+4.000,+4.000,+5.000,+5.000,+99.295,+102.589,+95.477,+96.983,+102.449,+109.670,+96.121,+112.452,+101.175,+104.359,+95.833,+103.239,+1.156,+3.066,+0.252,+6.869,+4.000,+5.000,+102.033,+96.230,+104.482,+98.203,+102.767,+97.133,+1.010,+0.630
0,1688,+9.000,+9.000,+11.000,+11.000,+97.806,+107.107,+100.368,+101.006,+122.944,+140.807,+101.977,+128.591,+103.360,+118.627,+101.047,+109.477,+7.343,+12.149,+0.611,+7.570,+9.000,+11.000,+103.977,+100.940,+127.330,+103.169,+110.993,+101.926,+7.719,+0.907
0,1689,+6.000,+6.000,+10.000,+10.000,+99.847,+102.099,+100.803,+103.976,+123.197,+161.162,+109.106,+125.910,+105.057,+131.630,+103.224,+113.608,+8.288,+29.531,+2.478,+7.653,+6.000,+10.000,+100.973,+102.390,+142.179,+109.619,+118.344,+106.095,+17.409,+2.259
0,1690,+15.000,+15.000,+9.000,+9.000,+96.150,+99.707,+98.149,+103.787,+109.972,+122.824,+104.374,+132.265,+101.285,+109.829,+102.410,+113.927,+4.657,+9.408,+2.652,+11.089,+15.000,+9.000,+98.882,+102.690,+116.391,+104.445,+105.557,+104.111,+6.074,+0.555
0,1691,+7.000,+7.000,+6.000,+6.000,+98.413,+99.474,+95.195,+102.528,+101.369,+120.033,+99.101,+124.682,+100.464,+108.873,+97.035,+112.411,+1.061,+9.687,+1.409,+9.229,+7.000,+6.000,+98.943,+97.148,+110.701,+101.444,+104.668,+99.297,+5.064,+1.619
0,1692,+3.000,+3.000,+12.000,+12.000,+97.573,+110.739,+99.101,+101.006,+98.322,+110.739,+102.745,+107.997,+97.898,+110.739,+100.980,+104.318,+0.314,+0.000,+1.666,+2.187,+3.000,+12.000,+104.156,+101.006,+104.531,+104.871,+104.318,+102.608,+0.157,+0.952
0,1693,+13.000,+13.000,+12.000,+12.000,+99.752,+102.478,+95.780,+98.403,+105.349,+125.798,+102.467,+113.822,+101.824,+107.985,+98.794,+103.344,+1.731,+8.065,+2.257,+3.441,+13.000,+12.000,+101.339,+96.764,+113.180,+102.606,+104.904,+100.443,+4.039,+2.246
0,1694,+14.000,+14.000,+7.000,+7.000,+100.132,+101.346,+100.732,+104.244,+106.993,+110.733,+102.467,+108.461,+102.668,+105.218,+101.366,+106.858,+1.706,+2.839,+0.565,+1.560,+14.000,+7.000,+100.739,+101.010,+108.176,+104.489,+103.943,+102.210,+2.170,+1.000
0,1695,+6.000,+6.000,+9.000,+9.000,+97.401,+102.173,+99.177,+111.716,+101.163,+132.324,+102.446,+148.994,+99.909,+117.249,+100.891,+126.680,+1.774,+15.076,+0.803,+15.475,+6.000,+9.000,+99.787,+100.656,+116.744,+110.586,+108.579,+105.014,+7.590,+3.843
0,1696,+14.000,+14.000,+13.000,+13.000,+98.149,+100.536,+95.501,+97.665,+103.618,+113.072,+104.876,+108.441,+100.892,+103.908,+100.297,+103.761,+1.683,+3.707,+3.157,+2.777,+14.000,+13.000,+99.604,+97.665,+108.345,+104.876,+102.400,+102.024,+2.490,+2.211
0,1697,+6.000,+6.000,+0.000,+0.000,+100.641,+102.565,NaN,NaN,+103.105,+103.105,NaN,NaN,+101.765,+102.835,NaN,NaN,+0.862,+0.270,NaN,NaN,+6.000,+0.000,+101.603,NaN,+103.105,NaN,+102.300,NaN,+0.539,NaN
0,1698,+9.000,+9.000,+9.000,+9.000,+98.107,+99.389,+96.015,+103.778,+104.355,+149.271,+105.718,+105.718,+101.581,+117.305,+100.388,+104.603,+2.266,+15.279,+3.450,+0.637,+9.000,+9.000,+99.137,+99.897,+126.767,+105.718,+109.443,+103.163,+8.228,+2.341
0,1699,+6.000,+6.000,+3.000,+3.000,+96.178,+97.820,+96.519,+98.055,+101.203,+104.561,+96.519,+104.524,+98.494,+100.106,+96.519,+100.759,+2.350,+2.551,+0.000,+2.746,+6.000,+3.000,+96.999,+97.287,+102.882,+99.625,+99.300,+98.340,+2.412,+0.968
0,1700,+6.000,+6.000,+6.000,+6.000,+96.413,+96.607,+97.495,+100.739,+101.203,+106.369,+99.763,+106.454,+97.870,+102.043,+99.007,+102.343,+1.903,+4.380,+1.069,+2.049,+6.000,+6.000,+96.510,+98.876,+103.786,+99.763,+99.956,+99.467,+2.899,+0.418
0,1701,+14.000,+14.000,+7.000,+7.000,+96.256,+99.750,+96.835,+103.041,+116.535,+132.269,+103.846,+111.697,+100.970,+113.493,+100.014,+107.119,+4.525,+14.019,+3.011,+3.993,+14.000,+7.000,+98.003,+102.501,+123.690,+103.982,+107.231,+103.255,+8.325,+0.479
0,1702,+13.000,+13.000,+15.000,+15.000,+95.947,+100.675,+99.763,+100.169,+106.278,+120.512,+104.224,+135.642,+101.886,+107.141,+101.380,+113.566,+2.822,+6.639,+1.958,+12.029,+13.000,+15.000,+99.388,+100.062,+112.208,+106.663,+104.514,+104.084,+4.300,+1.304
0,1703,+6.000,+6.000,+9.000,+9.000,+96.101,+99.362,+98.475,+102.680,+102.573,+107.197,+104.063,+104.063,+99.239,+103.155,+101.353,+103.141,+1.974,+3.169,+2.249,+0.652,+6.000,+9.000,+98.201,+100.577,+104.885,+104.063,+101.197,+102.564,+2.368,+1.114
0,1704,+15.000,+15.000,+6.000,+6.000,+95.029,+100.495,+97.430,+119.778,+104.197,+106.127,+102.680,+128.915,+100.264,+103.005,+101.476,+124.347,+2.805,+1.572,+1.948,+4.569,+15.000,+6.000,+97.762,+98.406,+105.162,+103.100,+101.634,+102.108,+2.045,+1.666
0,1705,+15.000,+15.000,+6.000,+6.000,+96.325,+99.544,+98.581,+102.406,+110.266,+131.590,+103.771,+116.751,+102.058,+107.947,+100.825,+111.721,+4.367,+8.795,+2.104,+5.704,+15.000,+6.000,+97.934,+99.469,+117.747,+107.545,+105.002,+102.942,+5.946,+3.456
0,1706,+13.000,+13.000,+11.000,+11.000,+97.925,+100.729,+96.222,+100.357,+113.437,+116.437,+102.680,+135.171,+101.315,+105.284,+99.455,+114.414,+4.108,+6.138,+2.448,+13.498,+13.000,+11.000,+99.327,+98.324,+114.937,+115.562,+103.300,+103.569,+4.875,+4.416
0,1707,+13.000,+13.000,+6.000,+6.000,+99.128,+100.996,+98.420,+100.462,+104.045,+153.474,+100.331,+103.943,+101.582,+113.516,+99.478,+102.202,+1.843,+18.176,+0.859,+1.741,+13.000,+6.000,+100.062,+99.375,+128.760,+100.396,+107.549,+100.082,+9.613,+0.427
0,1708,+15.000,+15.000,+12.000,+12.000,+100.682,+102.093,+96.305,+97.737,+153.758,+167.758,+103.083,+122.265,+106.563,+112.509,+99.821,+112.490,+13.028,+17.114,+2.373,+8.229,+15.000,+12.000,+101.394,+97.021,+160.758,+104.421,+109.536,+101.764,+14.696,+2.291
0,1709,+9.000,+9.000,+5.000,+5.000,+100.468,+100.682,+99.563,+104.382,+112.077,+131.143,+102.310,+121.962,+103.319,+114.669,+100.766,+115.155,+3.808,+13.217,+1.119,+8.345,+9.000,+5.000,+100.575,+100.657,+121.610,+102.758,+108.994,+101.516,+8.190,+0.811
0,1710,+8.000,+8.000,+7.000,+7.000,+99.708,+101.106,+96.701,+100.588,+106.466,+138.574,+100.468,+114.522,+103.235,+117.064,+97.990,+107.522,+1.964,+10.232,+1.597,+6.451,+8.000,+7.000,+100.407,+98.644,+121.558,+101.389,+110.149,+99.781,+5.689,+0.960
0,1711,+14.000,+14.000,+9.000,+9.000,+100.845,+104.842,+99.515,+104.289,+111.192,+152.670,+104.385,+147.401,+104.836,+117.336,+102.110,+115.495,+2.441,+13.129,+1.200,+12.534,+14.000,+9.000,+103.017,+103.210,+129.253,+112.803,+111.086,+106.563,+7.180,+3.077
0,1712,+6.000,+6.000,+5.000,+5.000,+99.383,+107.100,+96.923,+104.576,+102.310,+119.963,+102.622,+139.377,+100.789,+112.455,+101.225,+114.321,+1.080,+4.006,+2.208,+12.876,+6.000,+5.000,+103.241,+102.683,+110.271,+103.327,+106.622,+103.197,+2.195,+0.257
0,1713,+9.000,+9.000,+7.000,+7.000,+96.439,+99.967,+99.284,+101.702,+106.882,+108.021,+99.967,+116.058,+102.058,+103.841,+99.602,+112.048,+3.477,+3.038,+0.321,+4.724,+9.000,+7.000,+99.514,+99.373,+107.452,+103.081,+102.949,+100.697,+3.042,+1.185
0,1714,+4.000,+4.000,+6.000,+6.000,+98.435,+98.435,+97.539,+103.299,+99.967,+106.375,+101.210,+104.694,+99.510,+104.390,+100.136,+104.312,+0.632,+3.438,+1.191,+0.495,+4.000,+6.000,+98.435,+99.999,+103.171,+102.728,+101.950,+101.005,+2.030,+0.836
0,1715,+16.000,+16.000,+7.000,+7.000,+98.435,+98.923,+98.266,+98.818,+104.567,+115.522,+98.879,+108.799,+100.460,+105.196,+98.672,+104.554,+1.943,+5.508,+0.252,+4.785,+16.000,+7.000,+98.679,+98.818,+109.687,+99.393,+102.828,+98.978,+3.538,+0.201
0,1716,+7.000,+7.000,+7.000,+7.000,+99.130,+99.130,+100.151,+102.837,+102.122,+102.835,+103.218,+109.434,+101.513,+101.964,+101.175,+105.514,+0.977,+1.217,+1.333,+2.534,+7.000,+7.000,+99.130,+100.642,+102.478,+106.326,+101.738,+102.484,+1.086,+1.839
0,1717,+12.000,+12.000,+3.000,+3.000,+97.937,+101.335,+100.151,+104.289,+119.739,+142.661,+100.151,+104.289,+106.488,+117.476,+100.151,+104.289,+6.333,+13.013,+0.000,+0.000,+12.000,+3.000,+99.636,+102.199,+122.729,+102.199,+111.982,+102.199,+7.545,+0.000
0,1718,+9.000,+9.000,+6.000,+6.000,+98.763,+99.111,+99.385,+102.798,+103.171,+109.518,+103.920,+112.269,+100.760,+103.336,+102.315,+107.395,+1.467,+2.783,+1.877,+4.236,+9.000,+6.000,+99.050,+101.091,+104.725,+104.313,+102.048,+103.088,+1.765,+1.324
0,1719,+6.000,+6.000,+9.000,+9.000,+99.406,+100.352,+98.204,+100.878,+101.497,+102.567,+103.920,+111.772,+100.330,+101.495,+102.574,+105.380,+0.648,+1.073,+1.856,+2.802,+6.000,+9.000,+100.134,+99.541,+102.032,+104.787,+100.912,+103.891,+0.676,+1.558
0,1720,+3.000,+3.000,+2.000,+2.000,+96.248,+100.458,+98.507,+103.997,+99.155,+100.458,+98.507,+116.144,+98.186,+100.458,+98.507,+110.071,+1.370,+0.000,+0.000,+6.073,+3.000,+2.000,+98.353,+100.602,+99.806,+101.639,+99.322,+101.120,+0.685,+0.519
0,1721,+8.000,+8.000,+12.000,+12.000,+99.722,+100.494,+98.508,+102.127,+105.745,+115.880,+102.696,+119.387,+101.435,+105.216,+100.246,+108.769,+1.976,+5.355,+1.237,+5.372,+8.000,+12.000,+100.361,+99.693,+110.812,+103.667,+103.326,+101.741,+3.654,+1.302
0,1722,+6.000,+6.000,+11.000,+11.000,+103.154,+104.938,+98.056,+104.009,+110.488,+126.999,+108.336,+125.617,+105.773,+114.136,+101.120,+113.559,+2.581,+9.445,+3.509,+5.079,+6.000,+11.000,+104.046,+102.847,+118.743,+112.845,+109.954,+107.565,+5.855,+3.361
0,1723,+6.000,+6.000,+0.000,+0.000,+98.640,+100.226,NaN,NaN,+105.890,+106.375,NaN,NaN,+101.767,+103.301,NaN,NaN,+2.408,+3.075,NaN,NaN,+6.000,+0.000,+99.433,NaN,+106.133,NaN,+102.534,NaN,+2.650,NaN
0,1724,+6.000,+6.000,+6.000,+6.000,+96.485,+103.333,+96.823,+101.880,+105.322,+105.837,+102.790,+144.295,+100.288,+104.585,+99.933,+118.433,+3.206,+1.252,+2.491,+17.755,+6.000,+6.000,+99.909,+99.807,+105.579,+102.809,+102.436,+101.399,+2.157,+1.235
0,1725,+12.000,+12.000,+9.000,+9.000,+98.685,+106.076,+102.062,+103.120,+111.875,+134.598,+109.089,+121.157,+105.714,+114.864,+103.557,+106.699,+3.134,+8.747,+2.052,+5.694,+12.000,+9.000,+104.824,+102.955,+121.042,+109.496,+110.289,+104.155,+4.931,+1.910
0,1726,+4.000,+4.000,+11.000,+11.000,+100.226,+101.319,+103.234,+104.073,+132.337,+135.084,+107.202,+127.554,+108.254,+126.643,+105.000,+110.789,+13.905,+14.621,+1.565,+7.861,+4.000,+11.000,+100.773,+104.073,+133.711,+108.043,+117.448,+105.459,+11.647,+1.593
0,1727,+1.000,+1.000,+8.000,+8.000,+98.939,+103.870,+96.496,+97.413,+98.939,+103.870,+101.511,+130.689,+98.939,+103.870,+98.669,+109.437,+0.000,+0.000,+1.988,+11.592,+1.000,+8.000,+101.405,+96.954,+101.405,+102.582,+101.405,+100.653,+0.000,+2.202
0,1728,+8.000,+8.000,+8.000,+8.000,+97.784,+98.563,+103.548,+107.179,+103.778,+112.036,+106.554,+119.923,+100.639,+103.807,+105.389,+112.011,+1.737,+4.637,+1.427,+6.129,+8.000,+8.000,+98.173,+104.962,+107.317,+113.562,+102.223,+107.451,+2.962,+2.391
0,1729,+12.000,+12.000,+6.000,+6.000,+98.442,+98.796,+102.138,+104.463,+107.216,+133.421,+103.112,+118.752,+102.590,+114.873,+102.950,+108.266,+3.112,+10.054,+0.363,+4.754,+12.000,+6.000,+98.619,+102.703,+118.600,+103.996,+108.732,+103.364,+6.013,+0.476
0,1730,+11.000,+11.000,+5.000,+5.000,+97.351,+103.333,+100.299,+105.400,+104.535,+150.395,+106.338,+128.320,+101.195,+121.805,+102.425,+119.353,+2.317,+18.922,+2.644,+8.615,+11.000,+5.000,+102.410,+102.595,+127.130,+117.329,+111.500,+106.307,+9.627,+5.707
0,1731,+17.000,+17.000,+13.000,+13.000,+95.373,+102.138,+98.490,+102.138,+109.746,+132.519,+106.771,+118.272,+102.602,+113.568,+102.208,+107.802,+4.360,+11.521,+3.028,+3.700,+17.000,+13.000,+99.337,+101.578,+119.447,+107.636,+108.085,+105.214,+6.425,+2.228
0,1732,+12.000,+12.000,+3.000,+3.000,+99.892,+100.887,+102.503,+107.363,+108.695,+117.627,+103.988,+129.964,+102.966,+109.163,+103.289,+120.216,+2.839,+5.960,+0.610,+9.484,+12.000,+3.000,+100.389,+104.933,+113.161,+105.767,+106.064,+105.285,+4.083,+0.353
0,1733,+14.000,+14.000,+11.000,+11.000,+97.389,+99.895,+97.306,+101.420,+106.579,+136.199,+105.239,+106.771,+102.104,+110.313,+101.409,+105.190,+2.725,+11.675,+2.217,+1.432,+14.000,+11.000,+98.642,+100.605,+120.568,+106.005,+106.209,+103.739,+6.685,+1.520
0,1734,+7.000,+7.000,+15.000,+15.000,+98.562,+102.431,+97.687,+106.771,+101.910,+128.410,+107.722,+141.503,+99.682,+111.503,+104.185,+117.495,+1.243,+7.666,+2.710,+13.250,+7.000,+15.000,+100.496,+104.891,+113.710,+108.172,+105.592,+107.072,+3.733,+1.038
0,1735,+10.000,+10.000,+14.000,+14.000,+97.271,+98.375,+99.073,+101.942,+113.679,+116.885,+107.919,+114.166,+103.201,+109.149,+102.769,+108.031,+5.192,+8.047,+3.267,+3.825,+10.000,+14.000,+97.823,+99.819,+114.048,+112.250,+106.175,+105.279,+6.244,+3.039
0,1736,+3.000,+3.000,+10.000,+10.000,+97.192,+101.368,+96.610,+97.269,+100.750,+101.368,+104.568,+119.126,+99.028,+101.368,+101.860,+106.636,+1.455,+0.000,+2.021,+5.005,+3.000,+10.000,+99.280,+96.940,+101.059,+105.503,+100.198,+103.563,+0.727,+2.574
0,1737,+11.000,+11.000,+6.000,+6.000,+96.697,+100.251,+96.784,+103.751,+116.443,+149.679,+100.635,+134.055,+101.831,+119.883,+99.081,+115.747,+4.912,+19.038,+1.611,+11.654,+11.000,+6.000,+99.389,+98.235,+133.061,+100.693,+110.857,+99.918,+11.058,+0.880
0,1738,+6.000,+6.000,+9.000,+9.000,+96.298,+98.396,+99.329,+106.439,+98.449,+115.343,+102.008,+122.476,+97.374,+106.869,+100.445,+112.441,+1.075,+8.473,+0.743,+6.195,+6.000,+9.000,+97.347,+100.827,+106.896,+103.288,+102.121,+101.514,+4.774,+1.025
0,1739,+7.000,+7.000,+12.000,+12.000,+98.386,+100.316,+96.267,+107.489,+105.505,+122.885,+101.599,+146.845,+101.698,+106.970,+100.035,+126.083,+2.333,+7.025,+1.443,+9.071,+7.000,+12.000,+99.351,+99.894,+113.381,+105.280,+104.334,+102.579,+4.341,+1.996
0,1740,+5.000,+5.000,+0.000,+0.000,+96.398,+100.659,NaN,NaN,+103.170,+115.628,NaN,NaN,+100.719,+109.641,NaN,NaN,+2.396,+7.333,NaN,NaN,+5.000,+0.000,+98.529,NaN,+109.399,NaN,+105.180,NaN,+4.735,NaN
0,1741,+9.000,+9.000,+8.000,+8.000,+96.286,+97.803,+98.823,+100.636,+103.941,+121.803,+101.867,+119.438,+99.514,+103.744,+100.277,+109.852,+2.452,+6.699,+1.198,+7.152,+9.000,+8.000,+97.044,+100.345,+112.872,+102.519,+101.629,+101.041,+4.368,+0.798
0,1742,+15.000,+15.000,+5.000,+5.000,+97.305,+100.302,+97.569,+101.621,+141.158,+155.676,+100.751,+112.636,+107.236,+124.862,+99.413,+106.126,+10.843,+19.905,+1.090,+5.316,+15.000,+5.000,+98.804,+98.942,+148.417,+103.240,+116.049,+101.053,+14.177,+1.453
0,1743,+12.000,+12.000,+3.000,+3.000,+98.166,+99.814,+101.831,+106.577,+113.532,+122.082,+101.867,+135.577,+102.546,+109.137,+101.855,+117.244,+4.749,+8.045,+0.017,+13.021,+12.000,+3.000,+99.078,+102.139,+114.423,+102.157,+105.842,+102.151,+5.589,+0.009
0,1744,+12.000,+12.000,+10.000,+10.000,+98.825,+102.396,+98.075,+103.705,+112.239,+125.810,+103.705,+126.476,+104.681,+113.499,+100.717,+107.596,+4.220,+7.994,+2.064,+6.557,+12.000,+10.000,+100.610,+99.161,+118.400,+103.822,+109.090,+102.047,+5.260,+1.969
0,1745,+12.000,+12.000,+5.000,+5.000,+97.966,+101.033,+99.588,+101.416,+109.812,+149.088,+104.837,+105.214,+104.777,+114.972,+102.006,+104.006,+4.109,+14.585,+1.880,+1.559,+12.000,+5.000,+99.499,+100.502,+129.422,+105.026,+109.875,+102.996,+8.281,+1.666
0,1746,+12.000,+12.000,+5.000,+5.000,+97.196,+103.595,+98.224,+110.504,+119.241,+134.305,+103.980,+129.001,+104.151,+114.635,+102.714,+122.289,+5.906,+11.215,+2.246,+6.510,+12.000,+5.000,+100.396,+103.885,+126.773,+105.094,+109.393,+104.591,+7.067,+0.578
0,1747,+14.000,+14.000,+3.000,+3.000,+95.762,+96.916,+101.054,+105.536,+105.326,+113.220,+101.867,+108.351,+101.494,+104.980,+101.596,+107.241,+2.752,+4.644,+0.383,+1.224,+14.000,+3.000,+96.339,+101.461,+108.796,+103.106,+103.237,+102.558,+3.265,+0.776
0,1748,+9.000,+9.000,+7.000,+7.000,+96.055,+97.280,+103.873,+105.876,+106.220,+152.485,+105.820,+116.687,+99.902,+113.053,+104.770,+111.789,+2.926,+21.251,+0.801,+4.424,+9.000,+7.000,+96.668,+104.556,+129.353,+106.996,+106.477,+105.438,+11.781,+0.881
0,1749,+11.000,+11.000,+15.000,+15.000,+97.016,+97.674,+98.098,+99.228,+101.867,+121.433,+105.820,+145.637,+99.906,+108.753,+102.476,+117.021,+1.853,+8.856,+2.446,+14.164,+11.000,+15.000,+97.345,+98.663,+111.650,+107.121,+104.330,+104.970,+5.128,+2.064
0,1750,+10.000,+10.000,+3.000,+3.000,+97.758,+99.933,+103.319,+105.214,+103.424,+109.619,+103.319,+105.214,+101.415,+104.565,+103.319,+105.214,+1.636,+3.432,+0.000,+0.000,+10.000,+3.000,+99.746,+103.319,+106.521,+104.097,+102.990,+103.623,+2.336,+0.340
0,1751,+8.000,+8.000,+12.000,+12.000,+97.422,+97.688,+101.587,+103.980,+113.250,+132.241,+106.480,+138.522,+100.915,+107.532,+103.003,+115.615,+4.836,+10.743,+1.333,+12.256,+8.000,+12.000,+97.555,+102.912,+122.746,+107.874,+104.224,+104.157,+7.561,+1.639
0,1752,+8.000,+8.000,+9.000,+9.000,+97.146,+101.005,+99.410,+100.659,+107.076,+125.010,+101.587,+106.103,+100.649,+113.976,+100.844,+102.474,+2.993,+9.273,+0.627,+1.670,+8.000,+9.000,+100.235,+100.659,+116.043,+101.811,+107.313,+101.158,+4.969,+0.482
0,1753,+11.000,+11.000,+3.000,+3.000,+97.441,+103.289,+97.549,+102.318,+104.145,+131.217,+100.825,+104.495,+100.903,+111.538,+99.733,+103.628,+1.814,+7.407,+1.544,+0.943,+11.000,+3.000,+101.415,+100.825,+117.681,+100.825,+106.220,+100.825,+4.306,+0.000
0,1754,+3.000,+3.000,+13.000,+13.000,+99.975,+99.975,+98.359,+101.568,+99.975,+99.975,+103.305,+140.745,+99.975,+99.975,+101.005,+123.098,+0.000,+0.000,+1.674,+14.476,+3.000,+13.000,+99.975,+101.232,+99.975,+103.371,+99.975,+102.544,+0.000,+0.787
0,1755,+9.000,+9.000,+15.000,+15.000,+100.098,+102.661,+99.626,+103.305,+106.973,+118.995,+103.305,+126.070,+102.866,+109.419,+101.113,+112.336,+2.438,+5.863,+1.321,+7.054,+9.000,+15.000,+101.435,+100.500,+112.327,+106.542,+106.143,+103.017,+3.484,+1.672
0,1756,+6.000,+6.000,+9.000,+9.000,+98.509,+99.975,+97.589,+105.949,+105.175,+105.931,+103.192,+144.468,+102.524,+104.092,+101.386,+126.674,+2.108,+2.163,+1.690,+13.632,+6.000,+9.000,+99.242,+102.009,+105.553,+106.648,+103.308,+104.717,+2.053,+1.670
0,1757,+3.000,+3.000,+15.000,+15.000,+96.961,+98.522,+95.427,+102.271,+99.344,+99.344,+103.558,+110.243,+98.276,+99.070,+100.795,+106.415,+0.988,+0.388,+2.376,+2.350,+3.000,+15.000,+98.153,+96.488,+99.344,+105.057,+98.673,+102.311,+0.498,+1.850
0,1758,+1.000,+1.000,+7.000,+7.000,+99.412,+108.663,+97.584,+99.932,+99.412,+108.663,+102.000,+111.936,+99.412,+108.663,+99.316,+104.732,+0.000,+0.000,+1.343,+4.303,+1.000,+7.000,+104.037,+99.932,+104.037,+102.076,+104.037,+100.772,+0.000,+0.665
0,1759,+8.000,+8.000,+9.000,+9.000,+99.088,+99.344,+99.728,+103.295,+108.951,+135.457,+103.614,+118.668,+104.343,+111.136,+101.926,+111.462,+2.895,+10.483,+0.938,+6.247,+8.000,+9.000,+99.216,+100.875,+121.389,+107.796,+107.740,+103.024,+6.397,+1.839
0,1760,+3.000,+3.000,+13.000,+13.000,+103.177,+105.973,+98.675,+105.231,+105.175,+106.641,+104.891,+123.498,+103.919,+106.419,+101.754,+112.822,+0.893,+0.315,+2.040,+5.527,+3.000,+13.000,+104.689,+102.097,+105.908,+106.148,+105.169,+104.139,+0.530,+1.557
0,1761,+3.000,+3.000,+8.000,+8.000,+102.440,+117.644,+102.185,+103.737,+105.488,+117.644,+103.985,+121.154,+104.472,+117.644,+102.864,+108.647,+1.437,+0.000,+0.633,+5.200,+3.000,+8.000,+110.042,+102.745,+111.566,+105.358,+111.058,+104.126,+0.719,+0.855
0,1762,+6.000,+6.000,+14.000,+14.000,+101.494,+103.427,+98.429,+102.592,+102.494,+127.927,+104.839,+125.274,+102.114,+115.677,+101.845,+110.806,+0.442,+12.250,+2.322,+6.947,+6.000,+14.000,+102.460,+100.680,+115.140,+105.413,+108.895,+104.108,+6.106,+1.296
0,1763,+8.000,+8.000,+9.000,+9.000,+97.555,+102.709,+100.116,+103.402,+110.289,+122.973,+103.296,+127.377,+102.839,+108.567,+102.230,+113.216,+4.329,+7.419,+0.922,+10.540,+8.000,+9.000,+100.393,+101.759,+116.631,+103.797,+105.703,+103.061,+5.772,+0.608
0,1764,+3.000,+3.000,+6.000,+6.000,+103.166,+103.233,+98.112,+106.397,+103.166,+103.233,+102.654,+118.520,+103.166,+103.233,+100.978,+110.554,+0.000,+0.000,+1.445,+5.110,+3.000,+6.000,+103.200,+101.276,+103.200,+103.423,+103.200,+102.854,+0.000,+0.731
0,1765,+7.000,+7.000,+9.000,+9.000,+97.555,+98.133,+99.914,+101.111,+104.488,+124.918,+102.172,+132.750,+102.007,+112.121,+101.006,+112.248,+2.504,+8.095,+0.702,+14.515,+7.000,+9.000,+97.844,+100.512,+114.042,+104.549,+107.064,+101.998,+4.826,+1.468
0,1766,+12.000,+12.000,+11.000,+11.000,+97.769,+100.689,+96.565,+101.454,+114.101,+128.401,+112.246,+125.038,+102.580,+108.845,+102.359,+117.005,+4.215,+7.907,+4.233,+7.678,+12.000,+11.000,+99.361,+99.010,+114.774,+116.361,+105.712,+106.923,+5.197,+4.874
0,1767,+6.000,+6.000,+13.000,+13.000,+99.870,+101.658,+97.365,+101.705,+101.670,+104.959,+107.489,+112.751,+100.454,+102.888,+100.829,+106.778,+0.660,+1.418,+2.949,+2.785,+6.000,+13.000,+100.866,+101.292,+102.490,+107.489,+101.671,+103.655,+0.673,+1.815
0,1768,+11.000,+11.000,+15.000,+15.000,+97.996,+102.127,+97.894,+110.574,+108.451,+112.458,+105.457,+133.549,+103.762,+107.427,+101.938,+120.242,+3.084,+3.023,+2.612,+7.141,+11.000,+15.000,+100.061,+103.222,+110.238,+105.842,+105.594,+104.463,+2.761,+1.029
0,1769,+2.000,+2.000,+12.000,+12.000,+100.677,+102.731,+97.148,+100.841,+107.846,+110.111,+100.841,+137.841,+104.261,+106.421,+98.776,+114.485,+3.585,+3.690,+1.446,+11.951,+2.000,+12.000,+101.704,+98.439,+108.978,+101.401,+105.341,+100.302,+3.637,+1.002
0,1770,+8.000,+8.000,+13.000,+13.000,+101.081,+101.848,+97.864,+103.123,+107.489,+108.308,+101.718,+139.188,+103.452,+105.472,+99.993,+116.753,+2.028,+2.616,+1.285,+13.261,+8.000,+13.000,+101.487,+99.187,+107.727,+102.373,+104.462,+101.486,+2.177,+1.137
0,1771,+8.000,+8.000,+15.000,+15.000,+97.240,+101.848,+96.832,+101.982,+103.331,+117.491,+109.227,+136.818,+101.080,+110.525,+101.922,+111.127,+1.951,+6.817,+3.041,+8.646,+8.000,+15.000,+100.414,+100.295,+110.411,+111.087,+105.803,+105.483,+3.831,+3.772
0,1772,+4.000,+4.000,+5.000,+5.000,+100.604,+101.747,+97.202,+99.023,+101.848,+103.232,+99.578,+105.874,+100.984,+102.861,+98.434,+101.669,+0.504,+0.643,+1.021,+2.719,+4.000,+5.000,+101.176,+98.113,+102.540,+100.524,+101.922,+99.360,+0.487,+0.770
0,1773,+4.000,+4.000,+2.000,+2.000,+99.747,+100.604,+97.980,+107.729,+100.604,+107.427,+100.060,+111.850,+100.219,+102.310,+99.020,+109.790,+0.390,+2.955,+1.040,+2.061,+4.000,+2.000,+100.263,+99.020,+103.587,+100.954,+101.264,+99.987,+1.348,+0.967
0,1774,+7.000,+7.000,+9.000,+9.000,+98.518,+99.921,+97.804,+103.306,+107.439,+107.965,+100.060,+137.961,+101.048,+103.909,+99.524,+116.009,+2.742,+3.636,+0.677,+11.788,+7.000,+9.000,+99.834,+99.904,+107.702,+106.649,+102.479,+102.423,+2.790,+2.525
0,1775,+3.000,+3.000,+8.000,+8.000,+101.848,+112.260,+97.486,+98.040,+103.887,+112.260,+102.192,+119.304,+102.528,+112.260,+98.428,+106.772,+0.961,+0.000,+1.510,+6.809,+3.000,+8.000,+107.054,+97.832,+108.073,+102.387,+107.394,+99.796,+0.480,+1.439
0,1776,+3.000,+3.000,+6.000,+6.000,+97.457,+102.192,+101.328,+109.007,+99.333,+102.192,+102.939,+135.450,+98.708,+102.192,+102.492,+123.546,+0.884,+0.000,+0.545,+11.976,+3.000,+6.000,+99.825,+103.487,+100.763,+104.968,+100.450,+103.980,+0.442,+0.698
0,1777,+6.000,+6.000,+12.000,+12.000,+97.158,+101.848,+101.362,+111.000,+101.253,+117.168,+111.481,+159.123,+99.189,+106.443,+106.850,+135.795,+1.534,+6.229,+2.449,+20.691,+6.000,+12.000,+100.169,+106.932,+107.163,+115.895,+102.816,+109.835,+2.642,+2.197
0,1778,+7.000,+7.000,+6.000,+6.000,+98.282,+98.527,+100.533,+115.152,+103.129,+103.717,+105.917,+126.629,+99.649,+101.864,+103.343,+120.891,+1.630,+2.041,+1.964,+5.738,+7.000,+6.000,+98.527,+102.649,+103.133,+106.312,+100.757,+104.490,+1.486,+1.822
0,1779,+10.000,+10.000,+13.000,+13.000,+97.195,+103.032,+99.055,+103.032,+104.238,+107.391,+109.173,+115.193,+101.351,+103.630,+101.944,+107.299,+2.304,+1.280,+3.343,+3.991,+10.000,+13.000,+100.162,+101.502,+105.814,+109.222,+102.491,+103.811,+1.572,+2.534
0,1780,+10.000,+10.000,+8.000,+8.000,+101.253,+103.972,+101.737,+102.227,+105.953,+121.273,+104.964,+126.492,+103.035,+107.870,+103.264,+112.895,+1.514,+6.046,+1.188,+8.123,+10.000,+8.000,+102.746,+102.129,+113.613,+105.631,+105.452,+104.151,+3.558,+1.423
0,1781,+6.000,+6.000,+10.000,+10.000,+100.912,+105.953,+97.164,+101.394,+102.343,+121.824,+102.994,+128.552,+101.627,+113.889,+100.863,+111.527,+0.716,+7.936,+2.006,+9.034,+6.000,+10.000,+103.432,+100.415,+112.084,+103.014,+107.758,+102.513,+4.101,+0.730
0,1782,+10.000,+10.000,+13.000,+13.000,+97.167,+100.116,+98.565,+101.337,+105.953,+105.953,+104.964,+115.441,+101.062,+103.914,+101.327,+108.133,+2.986,+1.762,+2.140,+5.293,+10.000,+13.000,+98.641,+100.771,+105.953,+105.045,+102.488,+103.501,+2.040,+1.643
0,1783,+12.000,+12.000,+16.000,+16.000,+98.368,+102.499,+98.447,+101.136,+104.550,+115.499,+104.680,+129.738,+102.574,+107.536,+100.870,+109.376,+1.780,+4.998,+1.928,+7.236,+12.000,+16.000,+102.155,+100.446,+109.601,+104.822,+105.055,+102.287,+2.563,+1.616
0,1784,+0.000,+0.000,+6.000,+6.000,NaN,NaN,+99.206,+104.260,NaN,NaN,+104.260,+107.941,NaN,NaN,+101.586,+106.101,NaN,NaN,+2.163,+1.841,+0.000,+6.000,NaN,+101.380,NaN,+104.408,NaN,+102.723,NaN,+1.173
0,1785,+8.000,+8.000,+6.000,+6.000,+98.049,+100.371,+97.746,+101.250,+104.032,+154.171,+103.455,+121.161,+100.798,+118.093,+101.552,+112.872,+2.313,+20.904,+1.911,+8.455,+8.000,+6.000,+99.400,+98.457,+128.460,+104.853,+109.446,+102.507,+11.403,+2.220
0,1786,+11.000,+11.000,+15.000,+15.000,+98.439,+101.773,+96.689,+99.282,+107.632,+114.613,+104.982,+173.985,+102.444,+106.828,+101.443,+125.244,+2.346,+5.192,+2.964,+26.833,+11.000,+15.000,+100.199,+99.282,+111.123,+106.924,+104.636,+103.722,+3.445,+1.907
0,1787,+9.000,+9.000,+10.000,+10.000,+97.942,+98.826,+102.331,+105.571,+109.388,+156.841,+105.010,+118.097,+102.030,+117.236,+102.811,+109.666,+3.502,+18.446,+0.797,+4.971,+9.000,+10.000,+98.605,+102.751,+129.307,+105.291,+109.633,+103.863,+9.978,+0.960
0,1788,+11.000,+11.000,+3.000,+3.000,+96.354,+99.304,+97.951,+104.008,+104.807,+169.503,+100.145,+104.008,+100.817,+120.873,+98.811,+104.008,+2.083,+29.873,+0.956,+0.000,+11.000,+3.000,+97.829,+100.198,+137.155,+101.130,+110.845,+100.544,+15.589,+0.417
0,1789,+3.000,+3.000,+6.000,+6.000,+97.622,+100.690,+97.455,+103.918,+100.520,+100.690,+104.184,+120.484,+98.826,+100.690,+100.905,+112.201,+1.232,+0.000,+2.697,+8.283,+3.000,+6.000,+99.156,+99.191,+100.605,+105.028,+99.758,+101.902,+0.616,+2.334
0,1790,+11.000,+11.000,+1.000,+1.000,+97.354,+99.251,+97.128,+102.443,+103.422,+107.553,+97.128,+102.443,+99.462,+101.861,+97.128,+102.443,+1.822,+2.496,+0.000,+0.000,+11.000,+1.000,+98.303,+99.294,+105.488,+99.294,+100.661,+99.294,+2.076,+0.000
0,1791,+13.000,+13.000,+9.000,+9.000,+99.927,+101.726,+100.290,+104.696,+106.432,+112.177,+104.885,+142.620,+101.825,+105.096,+102.863,+115.113,+2.076,+2.919,+1.484,+11.893,+13.000,+9.000,+101.017,+101.731,+109.304,+105.128,+103.460,+103.847,+2.245,+1.196
0,1792,+12.000,+12.000,+9.000,+9.000,+99.560,+101.751,+96.280,+101.815,+110.729,+111.454,+102.331,+147.362,+102.367,+104.428,+100.113,+112.939,+2.941,+3.251,+2.378,+15.480,+12.000,+9.000,+100.655,+97.143,+110.883,+103.125,+103.397,+101.725,+2.966,+1.834
0,1793,+11.000,+11.000,+9.000,+9.000,+98.218,+100.063,+99.935,+102.683,+101.815,+102.866,+102.192,+132.687,+100.527,+101.905,+101.314,+116.751,+1.502,+0.644,+0.987,+8.546,+11.000,+9.000,+99.141,+100.875,+101.961,+110.311,+101.216,+105.078,+0.937,+4.142
0,1794,+7.000,+7.000,+11.000,+11.000,+96.751,+100.802,+102.639,+104.295,+106.753,+133.293,+105.710,+128.245,+101.447,+120.927,+103.965,+115.473,+3.279,+12.082,+0.870,+8.827,+7.000,+11.000,+99.293,+103.614,+120.023,+107.873,+111.187,+105.306,+7.390,+1.414
0,1795,+3.000,+3.000,+12.000,+12.000,+98.678,+100.271,+96.215,+105.519,+99.304,+100.271,+103.497,+117.718,+98.887,+100.271,+99.203,+110.355,+0.295,+0.000,+2.321,+4.764,+3.000,+12.000,+99.475,+99.190,+99.788,+106.803,+99.579,+101.458,+0.148,+2.741
0,1796,+8.000,+8.000,+12.000,+12.000,+100.050,+100.271,+97.564,+102.683,+101.454,+101.607,+102.184,+140.670,+100.442,+101.073,+99.926,+118.524,+0.586,+0.627,+1.200,+13.043,+8.000,+12.000,+100.161,+100.146,+101.531,+104.516,+100.757,+102.251,+0.527,+1.664
0,1797,+1.000,+1.000,+3.000,+3.000,+97.643,+110.193,+97.329,+99.167,+97.643,+110.193,+97.329,+99.167,+97.643,+110.193,+97.329,+99.167,+0.000,+0.000,+0.000,+0.000,+1.000,+3.000,+103.918,+98.248,+103.918,+98.248,+103.918,+98.248,+0.000,+0.000
0,1798,+17.000,+17.000,+6.000,+6.000,+97.643,+97.643,+99.482,+102.710,+104.914,+121.814,+102.504,+129.238,+100.331,+105.954,+100.055,+116.437,+2.258,+6.599,+1.099,+10.751,+17.000,+6.000,+97.643,+99.585,+112.378,+102.632,+103.143,+100.909,+4.077,+1.061
0,1799,+10.000,+10.000,+8.000,+8.000,+97.631,+99.865,+98.897,+102.069,+101.366,+109.768,+106.893,+122.802,+99.488,+103.381,+102.985,+112.690,+1.132,+4.239,+2.438,+7.361,+10.000,+8.000,+98.748,+100.483,+105.567,+108.012,+101.435,+104.898,+2.484,+2.127
0,1800,+12.000,+12.000,+11.000,+11.000,+97.517,+99.704,+100.405,+102.299,+103.945,+127.753,+102.069,+137.945,+100.559,+107.471,+101.371,+118.546,+1.726,+10.426,+0.770,+13.252,+12.000,+11.000,+98.610,+101.660,+115.849,+102.422,+104.015,+102.090,+5.578,+0.220
0,1801,+12.000,+12.000,+9.000,+9.000,+98.750,+100.696,+96.250,+100.493,+104.304,+120.752,+101.338,+118.600,+101.398,+107.651,+98.032,+105.463,+1.231,+6.919,+2.014,+5.858,+12.000,+9.000,+99.723,+98.371,+111.059,+103.144,+104.525,+100.395,+3.630,+1.890
0,1802,+8.000,+8.000,+9.000,+9.000,+96.467,+99.629,+100.941,+106.097,+101.556,+156.917,+107.360,+151.123,+99.080,+116.313,+103.181,+125.381,+1.784,+21.486,+2.126,+18.311,+8.000,+9.000,+98.601,+103.011,+129.237,+107.690,+107.696,+105.433,+11.489,+1.581
0,1803,+0.000,+0.000,+0.000,+0.000,NaN,NaN,NaN,NaN,NaN,NaN,NaN,NaN,NaN,NaN,NaN,NaN,NaN,NaN,NaN,NaN,+0.000,+0.000,NaN,NaN,NaN,NaN,NaN,NaN,NaN,NaN
0,1804,+12.000,+12.000,+8.000,+8.000,+97.882,+98.670,+97.372,+102.387,+105.164,+117.548,+102.980,+136.230,+100.029,+102.650,+101.379,+122.676,+2.097,+4.787,+1.755,+13.733,+12.000,+8.000,+98.276,+101.959,+109.953,+104.020,+101.339,+102.917,+3.127,+0.646
0,1805,+7.000,+7.000,+8.000,+8.000,+98.816,+100.736,+99.637,+107.394,+106.751,+113.577,+106.422,+162.972,+101.439,+103.635,+103.647,+122.025,+2.331,+4.302,+1.968,+17.770,+7.000,+8.000,+100.039,+100.000,+110.164,+114.266,+102.537,+107.373,+3.249,+4.087
0,1806,+13.000,+13.000,+6.000,+6.000,+100.732,+103.503,+101.890,+105.496,+130.951,+146.083,+104.361,+117.136,+105.789,+111.557,+103.383,+110.483,+7.597,+14.778,+0.985,+5.258,+13.000,+6.000,+102.117,+103.125,+138.517,+104.632,+108.673,+104.053,+10.668,+0.606
0,1807,+7.000,+7.000,+13.000,+13.000,+98.079,+102.267,+97.746,+103.685,+103.458,+104.564,+105.886,+114.436,+100.250,+103.564,+102.818,+108.571,+2.375,+0.898,+2.393,+3.521,+7.000,+13.000,+100.173,+99.843,+104.011,+107.561,+101.907,+104.933,+1.287,+1.972
0,1808,+17.000,+17.000,+6.000,+6.000,+97.070,+100.542,+95.915,+97.508,+107.048,+156.923,+100.444,+101.176,+101.626,+118.702,+97.289,+99.098,+2.843,+20.743,+1.549,+1.609,+17.000,+6.000,+99.632,+96.844,+131.986,+100.444,+110.164,+98.175,+11.290,+1.347
0,1809,+8.000,+8.000,+4.000,+4.000,+96.223,+96.520,+95.448,+97.561,+103.051,+113.979,+97.489,+102.799,+98.787,+104.858,+96.319,+99.204,+2.065,+7.255,+0.896,+2.146,+8.000,+4.000,+96.450,+97.226,+108.515,+98.229,+101.823,+97.714,+4.311,+0.376
0,1810,+8.000,+8.000,+14.000,+14.000,+97.394,+99.070,+99.312,+106.400,+103.015,+115.429,+112.722,+135.404,+99.845,+105.171,+102.309,+113.607,+1.966,+4.573,+3.749,+7.920,+8.000,+14.000,+98.232,+103.312,+107.909,+115.245,+102.508,+105.956,+2.805,+3.161
0,1811,+6.000,+6.000,+10.000,+10.000,+97.597,+99.999,+97.776,+105.545,+100.416,+101.349,+106.591,+123.488,+98.721,+100.674,+101.104,+110.627,+1.187,+0.675,+2.859,+5.567,+6.000,+10.000,+98.798,+98.931,+100.882,+107.780,+99.697,+104.635,+0.919,+2.660
0,1812,+2.000,+2.000,+14.000,+14.000,+96.475,+97.228,+96.794,+104.809,+97.378,+101.090,+104.564,+121.030,+96.927,+99.159,+102.478,+109.349,+0.452,+1.931,+2.178,+5.750,+2.000,+14.000,+96.851,+103.398,+99.234,+104.773,+98.043,+104.272,+1.191,+0.506
0,1813,+4.000,+4.000,+12.000,+12.000,+100.797,+103.165,+98.772,+105.588,+105.275,+123.229,+104.447,+111.213,+103.429,+118.213,+102.313,+108.007,+1.825,+8.688,+1.929,+1.788,+4.000,+12.000,+101.981,+102.723,+114.252,+105.577,+110.821,+104.316,+5.129,+0.778
0,1814,+9.000,+9.000,+9.000,+9.000,+97.832,+102.731,+98.902,+105.516,+103.839,+107.624,+104.801,+129.899,+100.146,+105.111,+102.726,+112.927,+1.550,+2.000,+1.948,+7.488,+9.000,+9.000,+100.281,+102.593,+105.731,+105.519,+102.629,+104.550,+1.655,+1.088
0,1815,+8.000,+8.000,+18.000,+18.000,+97.307,+98.333,+100.935,+106.795,+107.624,+108.321,+108.688,+148.886,+100.417,+103.247,+105.101,+116.633,+3.165,+3.574,+1.982,+12.997,+8.000,+18.000,+98.269,+106.245,+107.972,+109.673,+101.832,+107.412,+3.213,+1.284
0,1816,+6.000,+6.000,+15.000,+15.000,+98.078,+101.618,+99.254,+104.842,+103.439,+103.719,+104.842,+154.465,+100.675,+102.668,+102.489,+116.033,+1.962,+1.051,+1.732,+13.374,+6.000,+15.000,+99.848,+101.166,+103.579,+107.103,+101.672,+104.781,+1.416,+1.332
0,1817,+6.000,+6.000,+6.000,+6.000,+100.869,+101.484,+96.808,+99.996,+101.861,+107.177,+100.444,+121.883,+101.449,+103.024,+99.260,+110.207,+0.293,+2.032,+1.675,+9.129,+6.000,+6.000,+101.177,+98.487,+104.355,+100.964,+102.236,+99.878,+1.071,+1.001
0,1818,+3.000,+3.000,+11.000,+11.000,+102.346,+108.064,+96.486,+98.880,+105.463,+108.064,+104.631,+121.174,+103.385,+108.064,+99.804,+109.679,+1.469,+0.000,+1.935,+8.855,+3.000,+11.000,+105.205,+97.916,+106.763,+106.160,+105.724,+101.924,+0.735,+3.092
0,1819,+11.000,+11.000,+12.000,+12.000,+98.699,+104.213,+98.264,+101.037,+109.007,+114.882,+103.929,+115.684,+102.643,+108.647,+99.206,+105.998,+2.837,+4.174,+1.498,+3.878,+11.000,+12.000,+102.955,+99.104,+111.944,+103.948,+105.645,+100.291,+2.994,+1.675
0,1820,+3.000,+3.000,+12.000,+12.000,+103.100,+109.443,+96.245,+100.800,+108.438,+109.443,+103.524,+129.974,+106.659,+109.443,+99.899,+108.067,+2.516,+0.000,+1.862,+8.049,+3.000,+12.000,+106.271,+97.702,+108.940,+103.573,+108.051,+101.289,+1.258,+1.951
0,1821,+6.000,+6.000,+0.000,+0.000,+97.457,+104.838,NaN,NaN,+102.446,+120.514,NaN,NaN,+100.109,+112.676,NaN,NaN,+1.454,+7.838,NaN,NaN,+6.000,+0.000,+101.148,NaN,+110.293,NaN,+106.393,NaN,+3.968,NaN
0,1822,+16.000,+16.000,+3.000,+3.000,+99.119,+100.798,+98.535,+99.460,+102.957,+120.670,+99.119,+101.354,+100.625,+104.046,+98.729,+100.723,+1.191,+4.674,+0.275,+0.893,+16.000,+3.000,+100.108,+99.289,+111.264,+99.944,+102.335,+99.726,+2.615,+0.309
0,1823,+14.000,+14.000,+10.000,+10.000,+96.231,+99.845,+98.288,+100.475,+148.285,+170.480,+99.068,+118.783,+107.912,+126.647,+98.584,+106.620,+15.060,+28.088,+0.229,+5.469,+14.000,+10.000,+98.038,+98.678,+154.068,+100.112,+117.279,+98.949,+19.521,+0.394
0,1824,+12.000,+12.000,+9.000,+9.000,+99.911,+101.851,+97.515,+113.743,+132.457,+152.995,+104.866,+138.827,+107.121,+119.469,+102.600,+126.556,+9.463,+19.791,+2.543,+8.265,+12.000,+9.000,+101.351,+104.750,+142.726,+107.622,+113.295,+105.519,+13.560,+1.126
0,1825,+6.000,+6.000,+0.000,+0.000,+97.219,+100.397,NaN,NaN,+99.942,+102.488,NaN,NaN,+98.684,+101.758,NaN,NaN,+0.892,+0.795,NaN,NaN,+6.000,+0.000,+99.282,NaN,+100.720,NaN,+100.221,NaN,+0.481,NaN
0,1826,+8.000,+8.000,+7.000,+7.000,+97.097,+101.364,+99.499,+104.183,+104.539,+123.054,+103.011,+128.479,+102.828,+108.946,+101.474,+113.821,+2.374,+7.356,+1.150,+8.394,+8.000,+7.000,+99.231,+101.841,+113.796,+106.189,+105.887,+103.049,+4.388,+1.591
0,1827,+16.000,+16.000,+5.000,+5.000,+96.212,+104.085,+98.194,+105.704,+107.174,+124.108,+104.665,+116.240,+104.004,+109.954,+101.412,+112.231,+3.286,+6.206,+2.711,+4.207,+16.000,+5.000,+100.375,+98.213,+115.641,+109.346,+106.979,+103.196,+3.957,+3.802
0,1828,+9.000,+9.000,+10.000,+10.000,+98.821,+102.879,+96.947,+104.179,+105.674,+128.625,+102.372,+115.166,+102.306,+111.691,+100.175,+108.253,+2.201,+7.746,+1.443,+4.450,+9.000,+10.000,+102.171,+98.717,+113.723,+103.321,+106.999,+101.659,+4.055,+1.262
0,1829,+5.000,+5.000,+5.000,+5.000,+95.820,+97.219,+98.022,+105.849,+98.277,+106.178,+103.423,+136.672,+96.907,+100.360,+101.722,+113.508,+0.955,+3.879,+2.206,+11.938,+5.000,+5.000,+96.519,+101.935,+101.743,+106.408,+98.633,+104.450,+2.295,+1.433
0,1830,+6.000,+6.000,+19.000,+19.000,+96.779,+99.306,+97.250,+101.148,+112.162,+128.561,+106.028,+122.795,+102.046,+111.204,+101.147,+108.546,+4.864,+10.416,+2.782,+4.360,+6.000,+19.000,+98.467,+100.881,+114.966,+107.781,+106.625,+104.163,+6.732,+2.179
0,1831,+6.000,+6.000,+9.000,+9.000,+100.694,+102.163,+96.314,+102.163,+115.163,+145.350,+102.631,+122.699,+104.874,+117.028,+99.582,+105.316,+5.689,+18.465,+2.294,+6.274,+6.000,+9.000,+101.428,+101.440,+130.256,+102.631,+110.951,+102.068,+11.068,+0.400
0,1832,+5.000,+5.000,+9.000,+9.000,+99.541,+100.064,+95.323,+99.912,+100.064,+104.833,+100.498,+129.898,+99.814,+101.972,+98.335,+109.924,+0.235,+2.337,+2.242,+10.912,+5.000,+9.000,+99.802,+97.911,+102.448,+102.046,+100.893,+100.256,+1.170,+1.238
0,1833,+6.000,+6.000,+11.000,+11.000,+99.469,+99.860,+97.082,+100.047,+111.225,+117.623,+104.491,+112.042,+102.593,+108.741,+100.264,+103.173,+4.222,+8.882,+2.313,+3.767,+6.000,+11.000,+99.664,+100.047,+114.424,+104.491,+105.667,+101.118,+6.169,+1.601
0,1834,+9.000,+9.000,+9.000,+9.000,+97.487,+98.204,+99.374,+106.053,+103.049,+155.694,+104.189,+115.800,+100.844,+117.607,+101.462,+109.621,+1.923,+17.302,+1.328,+3.354,+9.000,+9.000,+97.845,+102.271,+128.489,+106.847,+109.225,+103.722,+9.153,+1.696
0,1835,+7.000,+7.000,+6.000,+6.000,+96.332,+98.802,+96.850,+101.767,+100.243,+108.111,+104.189,+118.229,+99.502,+102.623,+101.588,+111.871,+1.325,+3.392,+2.472,+6.224,+7.000,+6.000,+97.567,+100.991,+104.129,+105.557,+101.063,+103.101,+2.063,+1.852
0,1836,+9.000,+9.000,+7.000,+7.000,+97.579,+98.206,+95.958,+100.635,+105.737,+132.970,+102.391,+115.635,+101.207,+109.284,+99.403,+106.617,+3.222,+9.813,+1.754,+4.155,+9.000,+7.000,+97.893,+99.148,+118.691,+103.290,+105.246,+101.530,+6.142,+1.160
0,1837,+9.000,+9.000,+20.000,+20.000,+98.404,+101.550,+96.689,+103.077,+106.882,+111.501,+108.942,+127.622,+101.342,+103.346,+103.039,+112.262,+2.221,+2.933,+3.382,+8.048,+9.000,+20.000,+99.977,+102.863,+109.192,+109.212,+102.344,+105.721,+2.528,+1.936
0,1838,+19.000,+19.000,+9.000,+9.000,+99.988,+100.248,+99.627,+104.491,+132.060,+186.534,+104.836,+114.424,+105.046,+121.201,+101.815,+109.782,+7.267,+24.572,+1.926,+3.192,+19.000,+9.000,+100.245,+102.328,+143.261,+106.752,+113.123,+104.135,+13.460,+1.739
0,1839,+7.000,+7.000,+4.000,+4.000,+97.432,+99.788,+98.397,+104.962,+102.038,+143.515,+104.836,+129.942,+100.580,+111.704,+102.772,+112.994,+1.342,+16.273,+2.553,+10.130,+7.000,+4.000,+98.610,+101.163,+122.201,+105.916,+106.142,+103.734,+8.423,+1.692
0,1840,+16.000,+16.000,+12.000,+12.000,+97.291,+98.060,+97.413,+104.001,+115.761,+137.563,+103.707,+155.003,+104.406,+114.700,+100.831,+126.794,+4.755,+9.277,+2.057,+18.057,+16.000,+12.000,+97.707,+99.576,+120.635,+103.771,+109.553,+102.371,+5.773,+1.334
0,1841,+3.000,+3.000,+9.000,+9.000,+98.295,+101.559,+100.369,+103.706,+107.945,+111.653,+103.706,+111.217,+102.359,+108.288,+102.998,+106.210,+4.084,+4.758,+1.054,+3.541,+3.000,+9.000,+101.197,+103.543,+109.799,+103.706,+105.323,+103.665,+3.520,+0.066
0,1842,+6.000,+6.000,+0.000,+0.000,+100.720,+102.808,NaN,NaN,+105.072,+116.759,NaN,NaN,+102.550,+108.782,NaN,NaN,+1.415,+4.395,NaN,NaN,+6.000,+0.000,+102.225,NaN,+109.225,NaN,+105.666,NaN,+2.068,NaN
0,1843,+7.000,+7.000,+10.000,+10.000,+99.938,+100.720,+99.584,+101.886,+100.720,+105.122,+103.670,+136.658,+100.546,+101.599,+102.330,+111.490,+0.290,+1.477,+1.178,+9.638,+7.000,+10.000,+100.720,+101.778,+102.921,+106.946,+101.072,+103.654,+0.757,+1.245
0,1844,+11.000,+11.000,+9.000,+9.000,+99.938,+99.938,+96.752,+109.373,+117.726,+177.606,+106.838,+169.265,+105.502,+120.485,+102.231,+133.515,+4.842,+22.487,+2.797,+25.424,+11.000,+9.000,+99.938,+103.737,+147.666,+106.990,+112.994,+105.417,+13.390,+1.024
0,1845,+3.000,+3.000,+7.000,+7.000,+99.103,+107.598,+100.245,+105.239,+108.015,+112.569,+105.821,+112.065,+102.074,+109.619,+102.536,+109.177,+4.201,+2.133,+1.912,+2.679,+3.000,+7.000,+103.350,+103.109,+108.352,+106.220,+105.846,+104.428,+2.042,+1.149
0,1846,+6.000,+6.000,+12.000,+12.000,+99.605,+106.252,+96.651,+100.245,+110.348,+116.103,+103.017,+108.015,+103.977,+110.968,+100.287,+103.839,+3.196,+3.586,+2.309,+1.744,+6.000,+12.000,+104.753,+99.726,+110.673,+104.156,+107.472,+101.969,+2.306,+1.666
0,1847,+10.000,+10.000,+6.000,+6.000,+95.470,+95.665,+97.498,+102.455,+103.570,+118.523,+100.760,+104.567,+98.861,+105.033,+99.650,+103.511,+3.077,+7.929,+1.011,+1.056,+10.000,+6.000,+95.567,+98.766,+111.047,+101.857,+101.947,+100.588,+5.362,+0.970
0,1848,+5.000,+5.000,+11.000,+11.000,+96.549,+98.013,+99.853,+101.995,+98.796,+124.506,+102.455,+139.938,+97.337,+108.767,+100.741,+113.232,+0.885,+11.959,+1.096,+15.891,+5.000,+11.000,+97.286,+101.025,+110.528,+102.516,+103.052,+102.035,+5.763,+0.591
0,1849,+6.000,+6.000,+12.000,+12.000,+98.857,+100.656,+97.379,+102.547,+100.804,+140.522,+103.479,+150.106,+99.974,+120.613,+100.038,+121.741,+0.763,+19.909,+2.182,+17.436,+6.000,+12.000,+99.970,+100.738,+120.589,+104.778,+110.294,+103.099,+10.003,+1.310
0,1850,+5.000,+5.000,+12.000,+12.000,+97.489,+101.995,+97.295,+99.901,+106.988,+154.757,+101.742,+138.777,+100.290,+134.976,+99.129,+107.895,+3.777,+17.534,+1.519,+11.837,+5.000,+12.000,+99.742,+99.446,+130.873,+103.471,+117.633,+101.053,+10.060,+1.250
0,1851,+9.000,+9.000,+8.000,+8.000,+99.964,+101.995,+97.921,+101.234,+103.918,+111.237,+100.252,+138.888,+101.684,+105.693,+99.033,+108.093,+1.324,+4.053,+0.786,+11.803,+9.000,+8.000,+100.980,+98.176,+107.578,+101.126,+103.688,+100.418,+2.275,+1.149
0,1852,+4.000,+4.000,+11.000,+11.000,+97.121,+99.802,+96.662,+98.425,+101.419,+131.920,+103.155,+115.418,+98.196,+107.831,+101.541,+107.425,+1.861,+13.907,+1.918,+5.519,+4.000,+11.000,+98.462,+97.543,+116.669,+104.277,+103.014,+102.390,+7.884,+1.790
0,1853,+6.000,+6.000,+15.000,+15.000,+99.580,+99.964,+96.841,+101.946,+103.096,+103.841,+102.891,+134.495,+100.384,+102.148,+100.020,+112.064,+1.248,+1.763,+2.080,+8.798,+6.000,+15.000,+99.772,+99.750,+103.469,+104.693,+101.266,+102.301,+1.310,+1.343
0,1854,+7.000,+7.000,+8.000,+8.000,+99.433,+100.180,+99.670,+102.148,+111.542,+114.591,+102.148,+131.060,+106.159,+110.624,+100.640,+113.738,+4.554,+5.187,+1.170,+13.440,+7.000,+8.000,+100.162,+100.439,+112.735,+102.520,+108.391,+101.784,+4.716,+0.787
0,1855,+12.000,+12.000,+11.000,+11.000,+99.964,+103.763,+95.559,+102.385,+107.597,+119.235,+102.148,+120.915,+103.649,+109.628,+100.416,+109.572,+2.533,+3.739,+2.282,+7.294,+12.000,+11.000,+101.864,+99.400,+113.416,+102.171,+106.639,+101.647,+2.626,+0.871
0,1856,+9.000,+9.000,+9.000,+9.000,+104.185,+106.026,+98.601,+102.194,+120.859,+146.890,+102.194,+133.166,+107.282,+123.032,+100.919,+109.056,+4.881,+17.327,+1.327,+11.002,+9.000,+9.000,+105.105,+99.919,+133.875,+102.194,+115.157,+101.793,+10.265,+0.699
0,1857,+5.000,+5.000,+18.000,+18.000,+101.642,+102.155,+97.640,+102.115,+104.861,+115.949,+105.323,+141.945,+103.022,+106.624,+102.025,+114.737,+1.164,+4.792,+2.619,+9.731,+5.000,+18.000,+102.101,+101.881,+108.795,+106.444,+104.823,+104.412,+2.208,+1.262
0,1858,+11.000,+11.000,+12.000,+12.000,+102.153,+103.743,+96.918,+97.747,+112.929,+141.941,+105.299,+127.197,+105.459,+111.975,+101.993,+112.881,+3.425,+11.968,+1.911,+9.898,+11.000,+12.000,+103.134,+97.333,+127.435,+106.394,+108.717,+103.867,+7.288,+2.340
0,1859,+6.000,+6.000,+11.000,+11.000,+98.205,+102.488,+98.759,+102.284,+101.361,+112.915,+102.194,+143.440,+100.187,+107.575,+100.886,+118.148,+1.292,+3.087,+1.361,+16.146,+6.000,+11.000,+101.647,+102.053,+106.860,+107.080,+103.881,+103.701,+1.607,+1.666
0,1860,+13.000,+13.000,+8.000,+8.000,+97.051,+97.661,+99.668,+104.439,+125.224,+143.836,+104.693,+113.439,+106.156,+117.658,+101.854,+111.432,+7.019,+13.057,+1.959,+2.910,+13.000,+8.000,+97.356,+102.688,+134.530,+108.825,+111.907,+105.877,+9.557,+1.921
0,1861,+15.000,+15.000,+10.000,+10.000,+99.115,+102.067,+98.730,+103.320,+114.161,+121.923,+104.439,+110.823,+104.863,+108.401,+101.426,+107.345,+3.651,+6.876,+1.913,+2.484,+15.000,+10.000,+101.714,+102.780,+118.042,+104.566,+106.632,+103.225,+5.064,+0.490
0,1862,+9.000,+9.000,+15.000,+15.000,+98.546,+99.105,+97.158,+102.473,+104.511,+109.034,+104.210,+132.663,+102.141,+104.733,+99.897,+110.707,+1.646,+3.341,+2.651,+8.887,+9.000,+15.000,+98.825,+99.816,+106.773,+104.325,+103.437,+103.052,+2.447,+1.512
0,1863,+15.000,+15.000,+3.000,+3.000,+98.488,+102.349,+96.094,+99.468,+106.387,+127.136,+98.922,+111.231,+103.209,+109.991,+97.980,+106.784,+2.157,+8.719,+1.333,+5.213,+15.000,+3.000,+101.382,+97.508,+115.308,+99.310,+106.600,+98.709,+4.692,+0.849
0,1864,+12.000,+12.000,+3.000,+3.000,+96.308,+102.220,+99.079,+99.789,+105.538,+144.453,+99.230,+99.789,+101.916,+110.336,+99.179,+99.789,+2.664,+12.425,+0.071,+0.000,+12.000,+3.000,+99.264,+99.154,+123.695,+99.509,+106.126,+99.391,+6.868,+0.167
0,1865,+0.000,+0.000,+11.000,+11.000,NaN,NaN,+98.807,+100.078,NaN,NaN,+101.011,+111.157,NaN,NaN,+99.634,+103.096,NaN,NaN,+0.824,+3.052,+0.000,+11.000,NaN,+98.943,NaN,+101.480,NaN,+100.365,NaN,+0.833
0,1866,+8.000,+8.000,+12.000,+12.000,+100.189,+101.247,+98.549,+115.255,+103.525,+116.809,+108.768,+165.436,+101.472,+112.479,+102.275,+132.986,+1.226,+5.920,+3.089,+19.262,+8.000,+12.000,+100.718,+102.840,+109.558,+113.004,+106.976,+108.739,+2.894,+3.368
0,1867,+6.000,+6.000,+7.000,+7.000,+100.684,+105.895,+99.721,+102.465,+104.191,+121.536,+101.790,+137.872,+102.493,+109.874,+100.686,+120.583,+1.019,+5.866,+0.924,+15.229,+6.000,+7.000,+103.654,+100.593,+111.914,+102.808,+106.183,+102.111,+3.090,+0.774
0,1868,+6.000,+6.000,+12.000,+12.000,+97.710,+102.952,+102.139,+106.207,+106.302,+137.635,+108.995,+132.997,+101.656,+115.559,+104.259,+120.863,+2.886,+14.033,+2.226,+9.898,+6.000,+12.000,+100.331,+103.096,+121.968,+108.995,+108.608,+105.594,+8.322,+1.998
0,1869,+0.000,+0.000,+9.000,+9.000,NaN,NaN,+96.681,+99.972,NaN,NaN,+102.815,+108.595,NaN,NaN,+100.082,+104.056,NaN,NaN,+2.545,+2.558,+0.000,+9.000,NaN,+99.863,NaN,+102.912,NaN,+101.958,NaN,+0.914
0,1870,+8.000,+8.000,+12.000,+12.000,+97.579,+100.684,+98.690,+102.428,+101.372,+102.061,+102.428,+132.194,+100.169,+101.438,+100.311,+111.102,+1.518,+0.590,+1.208,+8.821,+8.000,+12.000,+99.131,+100.610,+101.689,+105.520,+100.803,+103.048,+0.861,+1.443
0,1871,+0.000,+0.000,+12.000,+12.000,NaN,NaN,+98.118,+102.827,NaN,NaN,+103.252,+112.167,NaN,NaN,+101.055,+107.558,NaN,NaN,+1.652,+3.465,+0.000,+12.000,NaN,+98.888,NaN,+103.646,NaN,+102.428,NaN,+1.463
0,1872,+5.000,+5.000,+5.000,+5.000,+95.784,+96.879,+95.096,+109.499,+98.402,+172.879,+100.525,+119.696,+96.652,+128.073,+97.268,+116.017,+0.964,+36.606,+2.660,+4.550,+5.000,+5.000,+96.332,+98.020,+135.640,+110.111,+112.362,+102.408,+18.493,+4.216
0,1873,+3.000,+3.000,+13.000,+13.000,+98.752,+99.988,+97.678,+100.258,+99.357,+110.117,+101.953,+115.359,+98.953,+104.563,+100.059,+107.693,+0.285,+4.193,+1.394,+5.490,+3.000,+13.000,+99.370,+98.968,+104.435,+102.747,+101.758,+101.657,+2.078,+0.978
0,1874,+3.000,+3.000,+6.000,+6.000,+99.226,+100.853,+97.896,+103.223,+106.444,+133.031,+102.654,+128.454,+101.995,+115.522,+100.105,+113.199,+3.177,+13.289,+1.497,+10.685,+3.000,+6.000,+100.585,+99.621,+119.738,+102.939,+108.759,+101.381,+8.067,+1.285
0,1875,+4.000,+4.000,+9.000,+9.000,+100.772,+103.272,+97.644,+99.051,+103.814,+112.774,+98.597,+109.968,+101.877,+106.404,+98.286,+104.261,+1.216,+3.732,+0.372,+3.674,+4.000,+9.000,+102.640,+98.156,+108.294,+100.004,+104.141,+99.025,+2.401,+0.636
0,1876,+3.000,+3.000,+10.000,+10.000,+102.654,+137.506,+100.078,+102.613,+104.818,+163.165,+103.223,+111.384,+103.376,+151.150,+101.309,+106.526,+1.020,+10.539,+1.255,+2.996,+3.000,+10.000,+120.080,+101.671,+133.991,+103.289,+127.263,+102.351,+5.688,+0.659
0,1877,+1.000,+1.000,+17.000,+17.000,+102.654,+102.892,+97.065,+103.355,+102.654,+102.892,+106.859,+134.580,+102.654,+102.892,+102.233,+115.109,+0.000,+0.000,+2.492,+8.298,+1.000,+17.000,+102.773,+101.939,+102.773,+107.265,+102.773,+104.868,+0.000,+2.179
0,1878,+3.000,+3.000,+11.000,+11.000,+98.804,+102.305,+97.033,+100.740,+101.253,+102.305,+102.501,+112.526,+99.620,+102.305,+100.539,+104.567,+1.154,+0.000,+2.350,+3.860,+3.000,+11.000,+100.555,+100.651,+101.779,+102.928,+100.963,+102.362,+0.577,+0.932
0,1879,+3.000,+3.000,+10.000,+10.000,+101.253,+117.054,+99.270,+101.178,+113.479,+123.528,+102.419,+117.301,+105.328,+119.965,+101.362,+106.236,+5.764,+2.683,+1.035,+4.081,+3.000,+10.000,+109.154,+100.742,+116.397,+104.285,+112.647,+102.525,+2.962,+1.118
0,1880,+12.000,+12.000,+6.000,+6.000,+98.623,+102.969,+101.087,+102.991,+109.240,+140.958,+101.087,+104.685,+102.689,+116.698,+101.087,+103.838,+2.655,+15.037,+0.000,+0.847,+12.000,+6.000,+100.796,+101.133,+125.099,+102.230,+109.693,+101.785,+8.344,+0.442
0,1881,+3.000,+3.000,+10.000,+10.000,+99.622,+100.485,+96.929,+103.406,+100.485,+100.485,+103.464,+110.906,+99.910,+100.485,+99.710,+105.717,+0.407,+0.000,+2.409,+2.060,+3.000,+10.000,+100.054,+101.336,+100.485,+104.989,+100.198,+102.886,+0.204,+1.311
0,1882,+3.000,+3.000,+9.000,+9.000,+99.622,+112.513,+98.704,+100.511,+100.667,+116.134,+100.917,+104.477,+100.028,+113.860,+100.388,+101.774,+0.457,+1.617,+0.632,+1.505,+3.000,+9.000,+106.067,+100.460,+108.400,+100.917,+106.944,+100.737,+1.037,+0.202
0,1883,+7.000,+7.000,+16.000,+16.000,+97.247,+103.719,+97.014,+101.731,+104.908,+147.728,+102.421,+126.650,+99.786,+115.954,+100.213,+111.125,+2.373,+15.444,+1.482,+9.541,+7.000,+16.000,+100.483,+100.751,+123.675,+103.239,+107.870,+101.793,+7.647,+0.814
0,1884,+0.000,+0.000,+14.000,+14.000,NaN,NaN,+102.110,+105.014,NaN,NaN,+105.056,+125.326,NaN,NaN,+103.972,+116.960,NaN,NaN,+1.136,+7.952,+0.000,+14.000,NaN,+103.822,NaN,+106.757,NaN,+105.185,NaN,+0.933
0,1885,+3.000,+3.000,+17.000,+17.000,+98.682,+100.231,+97.705,+101.133,+99.682,+100.231,+105.014,+159.905,+99.340,+100.231,+101.953,+127.075,+0.466,+0.000,+2.667,+19.263,+3.000,+17.000,+99.456,+100.393,+99.956,+105.035,+99.785,+103.920,+0.233,+1.508
0,1886,+6.000,+6.000,+9.000,+9.000,+95.485,+100.670,+96.264,+102.613,+103.337,+125.475,+105.014,+124.341,+99.595,+112.753,+100.653,+109.985,+3.013,+11.952,+3.008,+7.849,+6.000,+9.000,+98.077,+99.689,+113.944,+105.035,+106.174,+102.669,+7.175,+1.631
0,1887,+6.000,+6.000,+17.000,+17.000,+103.433,+111.822,+99.434,+103.355,+105.144,+123.971,+104.268,+124.539,+103.839,+117.040,+101.691,+108.303,+0.588,+5.075,+1.772,+6.428,+6.000,+17.000,+107.735,+103.355,+114.435,+106.684,+110.439,+104.037,+2.728,+0.929
0,1888,+4.000,+4.000,+16.000,+16.000,+97.723,+100.338,+99.622,+102.726,+100.338,+101.945,+105.944,+130.212,+98.377,+101.133,+103.268,+110.923,+1.132,+0.570,+2.140,+7.114,+4.000,+16.000,+99.031,+102.687,+100.766,+106.763,+99.755,+104.846,+0.649,+1.220
0,1889,+5.000,+5.000,+14.000,+14.000,+95.692,+102.487,+96.436,+99.001,+101.615,+126.789,+103.071,+147.177,+97.263,+117.232,+100.479,+114.411,+2.301,+11.709,+2.283,+15.088,+5.000,+14.000,+100.465,+98.609,+111.240,+103.114,+107.248,+102.446,+4.916,+1.566
0,1890,+3.000,+3.000,+15.000,+15.000,+95.093,+104.703,+99.035,+104.268,+110.872,+137.574,+104.550,+165.240,+100.353,+120.635,+102.503,+122.148,+7.438,+13.438,+1.982,+23.445,+3.000,+15.000,+99.898,+102.230,+124.223,+108.334,+110.494,+105.298,+10.175,+1.717
0,1891,+0.000,+0.000,+6.000,+6.000,NaN,NaN,+98.764,+99.846,NaN,NaN,+103.071,+128.846,NaN,NaN,+100.427,+118.128,NaN,NaN,+1.734,+11.311,+0.000,+6.000,NaN,+99.305,NaN,+103.554,NaN,+102.000,NaN,+1.499
0,1892,+3.000,+3.000,+16.000,+16.000,+97.415,+103.185,+97.887,+102.257,+105.053,+117.665,+103.432,+118.923,+101.959,+110.645,+100.608,+106.156,+3.282,+5.920,+1.358,+4.550,+3.000,+16.000,+100.300,+100.586,+111.359,+109.883,+106.302,+102.052,+4.564,+2.168
0,1893,+4.000,+4.000,+19.000,+19.000,+95.829,+96.090,+101.110,+103.618,+100.499,+132.903,+105.217,+145.125,+98.164,+112.963,+103.028,+114.746,+2.335,+13.319,+0.978,+14.520,+4.000,+19.000,+95.960,+103.486,+116.701,+107.844,+105.564,+105.192,+7.643,+0.876
0,1894,+0.000,+0.000,+18.000,+18.000,NaN,NaN,+97.247,+103.353,NaN,NaN,+104.253,+131.232,NaN,NaN,+101.019,+110.086,NaN,NaN,+2.745,+8.166,+0.000,+18.000,NaN,+103.230,NaN,+106.763,NaN,+103.756,NaN,+1.069
0,1895,+2.000,+2.000,+16.000,+16.000,+98.270,+103.307,+102.393,+104.253,+102.012,+109.036,+104.201,+113.549,+100.141,+106.171,+103.687,+108.481,+1.871,+2.865,+0.652,+3.210,+2.000,+16.000,+102.659,+104.097,+103.653,+106.480,+103.156,+104.490,+0.497,+0.755
0,1896,+0.000,+0.000,+9.000,+9.000,NaN,NaN,+96.089,+104.729,NaN,NaN,+104.447,+139.723,NaN,NaN,+100.928,+115.844,NaN,NaN,+3.653,+10.994,+0.000,+9.000,NaN,+104.447,NaN,+107.299,NaN,+105.111,NaN,+0.838
0,1897,+2.000,+2.000,+25.000,+25.000,+101.366,+104.495,+97.018,+104.408,+102.167,+106.142,+108.360,+124.560,+101.766,+105.319,+103.275,+113.243,+0.400,+0.823,+2.590,+7.272,+2.000,+25.000,+103.331,+104.263,+103.754,+109.785,+103.543,+106.628,+0.212,+2.217
0,1898,+1.000,+1.000,+13.000,+13.000,+102.357,+104.908,+97.882,+103.414,+102.357,+104.908,+105.261,+109.036,+102.357,+104.908,+102.004,+105.664,+0.000,+0.000,+1.809,+1.294,+1.000,+13.000,+103.632,+99.025,+103.632,+105.261,+103.632,+103.345,+0.000,+1.543
0,1899,+3.000,+3.000,+19.000,+19.000,+104.901,+105.295,+98.650,+102.016,+105.884,+105.884,+103.306,+133.175,+105.360,+105.688,+100.419,+115.911,+0.404,+0.278,+1.670,+11.838,+3.000,+19.000,+105.295,+101.504,+105.884,+103.928,+105.524,+102.953,+0.258,+0.841
0,1900,+1.000,+1.000,+9.000,+9.000,+97.820,+98.543,+97.089,+101.506,+97.820,+98.543,+99.352,+111.922,+97.820,+98.543,+98.094,+104.869,+0.000,+0.000,+0.870,+3.484,+1.000,+9.000,+98.181,+99.048,+98.181,+100.392,+98.181,+99.738,+0.000,+0.582
0,1901,+0.000,+0.000,+22.000,+22.000,NaN,NaN,+98.425,+102.471,NaN,NaN,+106.283,+140.566,NaN,NaN,+101.485,+113.690,NaN,NaN,+2.333,+9.911,+0.000,+22.000,NaN,+102.471,NaN,+109.921,NaN,+105.431,NaN,+2.126
0,1902,+3.000,+3.000,+15.000,+15.000,+104.631,+104.631,+98.045,+100.539,+104.631,+113.486,+104.631,+131.245,+104.631,+107.583,+100.319,+111.415,+0.000,+4.174,+1.799,+10.919,+3.000,+15.000,+104.631,+98.669,+109.059,+104.631,+106.107,+101.620,+2.087,+1.831
0,1903,+0.000,+0.000,+12.000,+12.000,NaN,NaN,+100.642,+102.259,NaN,NaN,+102.267,+125.852,NaN,NaN,+101.541,+114.361,NaN,NaN,+0.432,+9.862,+0.000,+12.000,NaN,+101.715,NaN,+102.426,NaN,+102.080,NaN,+0.236
0,1904,+3.000,+3.000,+15.000,+15.000,+102.563,+105.261,+95.629,+104.180,+104.372,+105.261,+104.631,+159.210,+103.769,+105.261,+100.859,+122.559,+0.853,+0.000,+2.998,+21.940,+3.000,+15.000,+103.912,+101.959,+104.816,+104.946,+104.515,+104.005,+0.426,+0.721
0,1905,+0.000,+0.000,+14.000,+14.000,NaN,NaN,+98.052,+103.675,NaN,NaN,+101.783,+124.175,NaN,NaN,+100.837,+113.594,NaN,NaN,+0.824,+6.832,+0.000,+14.000,NaN,+99.579,NaN,+102.106,NaN,+101.640,NaN,+0.675
0,1906,+2.000,+2.000,+10.000,+10.000,+103.675,+106.697,+96.980,+100.642,+103.675,+109.235,+102.527,+154.296,+103.675,+107.966,+99.187,+121.644,+0.000,+1.269,+2.039,+18.150,+2.000,+10.000,+105.186,+99.398,+106.455,+103.177,+105.821,+102.236,+0.635,+1.059
0,1907,+3.000,+3.000,+16.000,+16.000,+100.783,+110.744,+96.973,+100.778,+103.087,+110.744,+102.364,+125.365,+102.270,+110.744,+100.108,+105.717,+1.053,+0.000,+1.636,+6.093,+3.000,+16.000,+105.764,+100.778,+106.916,+104.338,+106.507,+101.713,+0.527,+1.107
0,1908,+9.000,+9.000,+23.000,+23.000,+97.664,+97.960,+99.345,+103.500,+102.940,+135.801,+109.913,+156.395,+100.282,+113.401,+103.735,+119.431,+1.898,+16.045,+2.768,+12.451,+9.000,+23.000,+97.812,+102.680,+119.370,+110.012,+106.842,+106.230,+8.600,+2.343
0,1909,+1.000,+1.000,+16.000,+16.000,+98.024,+98.280,+96.876,+101.953,+98.024,+98.280,+104.802,+156.925,+98.024,+98.280,+101.097,+121.468,+0.000,+0.000,+1.925,+16.598,+1.000,+16.000,+98.152,+101.352,+98.152,+105.453,+98.152,+103.305,+0.000,+1.277
0,1910,+5.000,+5.000,+12.000,+12.000,+97.288,+98.360,+98.394,+112.768,+98.280,+101.472,+101.585,+154.912,+97.685,+99.482,+100.016,+128.286,+0.486,+1.388,+1.187,+15.647,+5.000,+12.000,+97.824,+99.704,+99.570,+102.543,+98.584,+101.508,+0.752,+1.222
0,1911,+3.000,+3.000,+16.000,+16.000,+97.197,+98.159,+97.542,+101.061,+98.159,+98.159,+101.061,+129.332,+97.838,+98.159,+99.644,+111.243,+0.454,+0.000,+0.918,+9.882,+3.000,+16.000,+97.678,+100.316,+98.159,+101.227,+97.999,+100.736,+0.227,+0.258
0,1912,+3.000,+3.000,+7.000,+7.000,+99.084,+99.266,+96.996,+101.872,+99.266,+100.503,+99.881,+113.399,+99.145,+99.678,+98.237,+109.329,+0.085,+0.583,+1.119,+4.214,+3.000,+7.000,+99.175,+98.127,+99.794,+100.877,+99.411,+99.397,+0.273,+1.031
0,1913,+3.000,+3.000,+24.000,+24.000,+98.526,+100.503,+98.123,+100.750,+99.658,+100.503,+106.658,+128.690,+99.090,+100.503,+101.067,+113.420,+0.462,+0.000,+2.115,+9.042,+3.000,+24.000,+99.515,+100.016,+100.081,+110.160,+99.796,+104.368,+0.231,+3.351
0,1914,+5.000,+5.000,+17.000,+17.000,+97.530,+98.490,+99.567,+104.648,+100.307,+100.307,+107.770,+159.553,+99.294,+99.580,+103.736,+123.299,+1.095,+0.890,+2.006,+18.570,+5.000,+17.000,+98.010,+103.829,+100.307,+109.318,+99.437,+105.693,+0.982,+1.904
0,1915,+12.000,+12.000,+20.000,+20.000,+98.280,+98.530,+98.501,+103.452,+115.976,+129.786,+106.441,+125.938,+100.507,+109.057,+102.248,+112.660,+4.761,+11.020,+2.422,+8.027,+12.000,+20.000,+98.405,+102.183,+118.381,+106.588,+104.782,+104.492,+6.892,+1.654
0,1916,+0.000,+0.000,+17.000,+17.000,NaN,NaN,+99.067,+103.961,NaN,NaN,+106.117,+127.443,NaN,NaN,+103.388,+111.983,NaN,NaN,+2.198,+6.940,+0.000,+17.000,NaN,+102.768,NaN,+106.923,NaN,+105.315,NaN,+1.350
0,1917,+3.000,+3.000,+9.000,+9.000,+95.663,+99.546,+96.037,+100.153,+95.663,+99.546,+100.885,+124.890,+95.663,+99.546,+98.570,+112.766,+0.000,+0.000,+1.902,+9.115,+3.000,+9.000,+97.604,+98.972,+97.604,+102.168,+97.604,+100.347,+0.000,+0.868
0,1918,+6.000,+6.000,+15.000,+15.000,+99.070,+104.022,+96.813,+102.265,+102.890,+117.461,+102.286,+119.107,+100.327,+109.296,+99.876,+108.102,+1.403,+5.469,+1.561,+4.555,+6.000,+15.000,+101.546,+99.868,+108.456,+102.869,+104.812,+101.383,+2.893,+1.131
0,1919,+3.000,+3.000,+11.000,+11.000,+100.288,+133.684,+98.376,+100.342,+113.013,+133.684,+102.890,+115.105,+106.287,+133.684,+100.216,+106.688,+5.220,+0.000,+1.963,+5.402,+3.000,+11.000,+116.986,+99.452,+123.349,+103.171,+119.986,+100.969,+2.610,+1.568
0,1920,+3.000,+3.000,+13.000,+13.000,+100.887,+101.446,+97.926,+112.341,+101.446,+101.446,+104.022,+154.372,+101.260,+101.446,+101.567,+130.818,+0.263,+0.000,+1.907,+11.231,+3.000,+13.000,+101.167,+99.204,+101.446,+105.160,+101.353,+103.236,+0.132,+2.167
0,1921,+8.000,+8.000,+10.000,+10.000,+98.490,+99.730,+97.878,+101.559,+102.402,+102.402,+101.727,+146.911,+100.863,+101.887,+100.058,+114.348,+1.840,+0.867,+1.074,+17.734,+8.000,+10.000,+99.110,+98.187,+102.402,+101.739,+101.375,+100.806,+1.255,+1.012
0,1922,+9.000,+9.000,+12.000,+12.000,+100.409,+102.402,+100.825,+101.693,+114.957,+125.883,+102.148,+140.069,+103.696,+111.014,+101.566,+114.776,+4.123,+10.542,+0.482,+13.285,+9.000,+12.000,+102.286,+101.211,+120.420,+103.319,+107.355,+102.037,+6.739,+0.466
0,1923,+8.000,+8.000,+4.000,+4.000,+98.138,+100.479,+96.201,+96.395,+103.897,+112.282,+99.248,+99.468,+100.476,+103.764,+96.963,+98.329,+1.712,+3.391,+1.319,+1.214,+8.000,+4.000,+100.341,+96.298,+105.210,+99.358,+102.120,+97.646,+1.628,+1.112
0,1924,+7.000,+7.000,+12.000,+12.000,+97.490,+98.138,+100.063,+103.751,+103.625,+117.190,+102.696,+140.127,+100.080,+103.036,+101.541,+123.807,+2.549,+6.203,+0.961,+10.845,+7.000,+12.000,+97.814,+100.834,+110.407,+104.508,+101.558,+102.952,+4.188,+1.024
0,1925,+10.000,+10.000,+11.000,+11.000,+100.932,+102.540,+100.676,+107.249,+103.858,+117.104,+106.969,+133.466,+102.384,+109.332,+103.303,+116.973,+1.040,+6.052,+2.132,+9.027,+10.000,+11.000,+101.960,+103.384,+110.481,+110.451,+105.858,+106.251,+3.294,+1.585
0,1926,+15.000,+15.000,+12.000,+12.000,+96.452,+102.988,+98.482,+101.729,+107.489,+125.280,+103.708,+140.333,+103.201,+110.243,+100.828,+112.256,+3.307,+7.820,+1.547,+10.047,+15.000,+12.000,+99.720,+100.187,+116.385,+104.998,+106.722,+102.386,+4.481,+1.491
0,1927,+9.000,+9.000,+6.000,+6.000,+101.521,+104.533,+99.672,+112.371,+107.489,+107.489,+105.839,+138.665,+104.801,+106.443,+102.739,+123.407,+2.391,+1.361,+2.582,+10.908,+9.000,+6.000,+103.027,+100.744,+107.489,+107.086,+105.622,+104.836,+1.863,+2.668
0,1928,+9.000,+9.000,+18.000,+18.000,+97.746,+99.338,+98.068,+105.344,+106.718,+132.869,+107.055,+119.945,+101.574,+116.107,+103.763,+112.691,+3.307,+13.754,+2.133,+4.561,+9.000,+18.000,+99.293,+104.746,+119.522,+109.880,+108.840,+106.293,+7.686,+1.724
0,1929,+4.000,+4.000,+8.000,+8.000,+96.197,+102.988,+99.608,+102.949,+103.845,+111.088,+103.268,+135.013,+98.109,+105.013,+101.992,+117.762,+3.312,+3.507,+1.454,+11.750,+4.000,+8.000,+99.593,+101.279,+107.467,+103.937,+101.561,+103.298,+3.409,+0.923
0,1930,+9.000,+9.000,+15.000,+15.000,+97.801,+100.123,+99.381,+103.906,+102.988,+126.176,+106.595,+125.338,+100.451,+107.816,+103.584,+112.329,+1.264,+9.707,+2.307,+6.104,+9.000,+15.000,+99.085,+103.513,+113.390,+107.698,+104.134,+105.757,+5.131,+1.238
0,1931,+12.000,+12.000,+15.000,+15.000,+97.411,+100.369,+96.079,+104.703,+105.135,+113.258,+108.545,+134.203,+101.129,+105.827,+99.395,+118.585,+2.055,+5.572,+2.924,+10.749,+12.000,+15.000,+99.160,+98.101,+109.194,+108.780,+103.478,+103.581,+3.581,+3.283
0,1932,+18.000,+18.000,+5.000,+5.000,+96.158,+98.968,+98.438,+107.476,+106.534,+120.260,+102.360,+127.471,+101.836,+108.482,+99.953,+115.170,+2.944,+7.307,+1.293,+8.875,+18.000,+5.000,+97.563,+99.066,+111.959,+103.233,+105.159,+101.649,+4.723,+1.487
0,1933,+3.000,+3.000,+15.000,+15.000,+97.702,+104.717,+96.635,+103.632,+101.433,+121.500,+104.793,+130.573,+98.945,+113.496,+101.071,+115.285,+1.759,+6.874,+2.802,+10.959,+3.000,+15.000,+101.209,+103.254,+111.466,+104.878,+106.221,+104.070,+4.191,+0.453
0,1934,+3.000,+3.000,+18.000,+18.000,+101.235,+125.591,+98.960,+105.537,+101.433,+156.479,+114.565,+142.944,+101.367,+137.448,+105.093,+120.304,+0.093,+13.592,+3.315,+11.382,+3.000,+18.000,+113.512,+102.249,+128.857,+114.997,+119.407,+110.338,+6.750,+3.893
0,1935,+6.000,+6.000,+9.000,+9.000,+101.433,+103.658,+101.016,+111.737,+105.900,+114.401,+109.080,+154.990,+103.186,+109.029,+103.860,+123.465,+1.999,+5.372,+2.553,+13.147,+6.000,+9.000,+102.545,+103.292,+110.150,+110.409,+106.108,+107.751,+3.595,+2.643
0,1936,+3.000,+3.000,+17.000,+17.000,+97.579,+101.433,+98.949,+103.935,+97.579,+101.433,+105.900,+120.337,+97.579,+101.433,+102.461,+108.596,+0.000,+0.000,+2.464,+4.623,+3.000,+17.000,+99.506,+99.846,+99.506,+106.814,+99.506,+104.863,+0.000,+1.679
0,1937,+9.000,+9.000,+19.000,+19.000,+101.795,+104.483,+98.716,+102.988,+111.204,+153.963,+109.608,+115.163,+103.926,+126.128,+103.111,+108.703,+2.758,+21.001,+3.425,+2.785,+9.000,+19.000,+103.577,+101.925,+132.583,+109.756,+115.027,+106.309,+10.950,+1.992
0,1938,+6.000,+6.000,+9.000,+9.000,+100.282,+105.978,+98.375,+103.912,+104.483,+119.565,+103.262,+154.731,+103.560,+113.807,+100.709,+113.793,+1.480,+5.949,+1.709,+16.285,+6.000,+9.000,+103.130,+101.051,+112.024,+103.587,+108.683,+102.419,+3.437,+1.045
0,1939,+12.000,+12.000,+6.000,+6.000,+97.392,+100.933,+98.349,+99.963,+133.525,+152.742,+99.582,+101.798,+105.634,+121.195,+99.223,+100.881,+8.709,+19.919,+0.483,+0.918,+12.000,+6.000,+99.162,+98.566,+143.134,+100.508,+113.415,+99.685,+12.477,+0.650
0,1940,+12.000,+12.000,+8.000,+8.000,+104.483,+104.483,+97.634,+103.221,+133.525,+173.898,+104.880,+151.254,+111.320,+126.822,+102.333,+118.242,+10.403,+21.773,+2.743,+19.937,+12.000,+8.000,+104.483,+103.066,+142.458,+107.903,+119.071,+104.451,+13.696,+1.442
0,1941,+3.000,+3.000,+15.000,+15.000,+98.924,+114.910,+97.669,+104.599,+110.459,+120.910,+108.336,+135.781,+106.482,+116.910,+103.130,+111.630,+5.347,+2.828,+2.984,+8.038,+3.000,+15.000,+109.917,+101.481,+112.684,+108.665,+111.696,+105.663,+1.261,+2.137
0,1942,+6.000,+6.000,+6.000,+6.000,+97.787,+103.363,+97.640,+104.132,+105.273,+114.484,+102.557,+125.012,+101.433,+108.150,+100.734,+114.909,+2.571,+3.389,+1.674,+6.069,+6.000,+6.000,+101.934,+99.346,+109.089,+104.876,+104.791,+102.509,+2.523,+1.945
0,1943,+5.000,+5.000,+8.000,+8.000,+97.970,+97.970,+97.934,+100.166,+100.093,+107.320,+105.112,+136.646,+99.636,+102.275,+101.758,+116.578,+0.834,+2.972,+2.421,+15.653,+5.000,+8.000,+97.970,+99.802,+103.666,+105.193,+100.956,+103.543,+1.805,+2.001
0,1944,+3.000,+3.000,+22.000,+22.000,+97.970,+98.008,+101.554,+107.054,+97.970,+98.008,+110.087,+130.662,+97.970,+98.008,+105.269,+113.113,+0.000,+0.000,+2.527,+5.017,+3.000,+22.000,+97.989,+106.988,+97.989,+111.210,+97.989,+109.004,+0.000,+1.412
0,1945,+3.000,+3.000,+6.000,+6.000,+96.817,+97.870,+98.862,+106.812,+100.925,+115.699,+102.267,+121.742,+98.186,+105.727,+100.472,+117.628,+1.937,+7.431,+1.347,+5.656,+3.000,+6.000,+97.343,+100.179,+106.258,+102.406,+101.957,+101.560,+3.646,+0.993
0,1946,+3.000,+3.000,+7.000,+7.000,+97.109,+97.870,+97.516,+99.706,+97.870,+97.870,+100.320,+111.856,+97.616,+97.870,+98.647,+103.399,+0.359,+0.000,+1.250,+3.892,+3.000,+7.000,+97.490,+98.756,+97.870,+102.198,+97.743,+100.234,+0.179,+0.962
0,1947,+6.000,+6.000,+16.000,+16.000,+97.870,+97.870,+97.990,+107.054,+111.785,+157.204,+106.194,+126.872,+103.177,+127.679,+103.433,+112.523,+6.154,+28.407,+2.547,+6.135,+6.000,+16.000,+97.870,+103.249,+134.418,+108.222,+115.428,+106.105,+16.410,+1.184
0,1948,+5.000,+5.000,+9.000,+9.000,+97.970,+99.903,+99.073,+99.233,+102.163,+106.054,+102.525,+170.352,+99.647,+103.982,+100.702,+119.980,+2.054,+2.611,+1.481,+25.214,+5.000,+9.000,+98.936,+99.153,+104.109,+104.006,+101.815,+101.455,+2.121,+1.834
0,1949,+3.000,+3.000,+21.000,+21.000,+101.846,+102.911,+99.482,+109.811,+102.163,+102.911,+110.589,+159.531,+101.952,+102.911,+103.109,+133.111,+0.149,+0.000,+2.778,+17.402,+3.000,+21.000,+102.379,+101.833,+102.537,+114.439,+102.432,+106.935,+0.075,+3.872
0,1950,+6.000,+6.000,+9.000,+9.000,+100.354,+104.480,+96.116,+102.596,+111.512,+120.995,+103.937,+137.815,+102.333,+113.107,+101.376,+109.880,+4.113,+4.822,+2.057,+10.295,+6.000,+9.000,+102.417,+102.307,+112.640,+105.798,+107.720,+103.629,+3.336,+1.176
0,1951,+6.000,+6.000,+18.000,+18.000,+98.324,+99.903,+98.303,+105.685,+100.882,+100.998,+105.671,+159.397,+99.605,+100.520,+102.003,+121.583,+1.001,+0.498,+2.773,+17.898,+6.000,+18.000,+99.114,+102.378,+100.940,+106.602,+100.062,+105.163,+0.720,+1.315
0,1952,+3.000,+3.000,+18.000,+18.000,+101.684,+129.247,+95.481,+101.713,+135.841,+159.530,+101.889,+122.151,+113.573,+148.316,+100.053,+107.214,+15.758,+13.553,+1.573,+4.442,+3.000,+18.000,+116.220,+100.336,+147.686,+102.553,+130.944,+101.496,+12.925,+0.742
0,1953,+3.000,+3.000,+12.000,+12.000,+99.092,+100.318,+98.274,+103.046,+100.154,+100.318,+103.385,+120.173,+99.446,+100.318,+100.736,+109.104,+0.501,+0.000,+1.446,+6.463,+3.000,+12.000,+99.705,+101.847,+100.236,+104.903,+99.882,+103.201,+0.250,+1.066
0,1954,+6.000,+6.000,+9.000,+9.000,+99.092,+100.318,+96.081,+100.154,+127.139,+151.460,+101.070,+113.339,+104.132,+119.482,+98.729,+104.302,+10.301,+22.030,+1.304,+5.179,+6.000,+9.000,+99.705,+98.577,+137.290,+101.267,+111.807,+99.689,+14.694,+1.030
0,1955,+6.000,+6.000,+13.000,+13.000,+99.524,+100.318,+97.008,+100.034,+103.615,+111.370,+105.442,+115.699,+100.667,+105.844,+100.470,+108.305,+1.343,+5.526,+2.201,+4.282,+6.000,+13.000,+100.253,+99.956,+107.493,+106.158,+103.256,+103.327,+3.051,+1.891
0,1956,+6.000,+6.000,+0.000,+0.000,+100.094,+100.094,NaN,NaN,+100.187,+138.443,NaN,NaN,+100.110,+121.148,NaN,NaN,+0.035,+12.919,NaN,NaN,+6.000,+0.000,+100.094,NaN,+119.268,NaN,+110.629,NaN,+6.452,NaN
0,1957,+3.000,+3.000,+3.000,+3.000,+99.986,+99.986,+100.127,+120.881,+99.986,+99.986,+102.767,+120.881,+99.986,+99.986,+101.887,+120.881,+0.000,+0.000,+1.245,+0.000,+3.000,+3.000,+99.986,+102.195,+99.986,+103.515,+99.986,+103.075,+0.000,+0.622
0,1958,+7.000,+7.000,+9.000,+9.000,+99.744,+99.907,+97.527,+101.739,+103.016,+103.044,+103.731,+113.982,+100.305,+100.391,+100.946,+109.797,+1.111,+1.083,+1.620,+5.699,+7.000,+9.000,+99.825,+100.495,+103.030,+104.140,+100.348,+102.069,+1.097,+1.410
0,1959,+10.000,+10.000,+8.000,+8.000,+96.813,+98.499,+96.109,+100.877,+101.188,+101.739,+100.371,+149.422,+99.452,+100.351,+98.362,+121.356,+1.086,+1.048,+1.431,+16.690,+10.000,+8.000,+97.656,+98.852,+101.464,+102.255,+99.901,+100.702,+1.019,+1.488
0,1960,+6.000,+6.000,+15.000,+15.000,+99.590,+99.744,+95.872,+102.382,+99.711,+102.800,+104.246,+123.079,+99.637,+101.272,+100.141,+111.631,+0.046,+1.528,+2.478,+6.397,+6.000,+15.000,+99.667,+100.255,+101.243,+105.691,+100.454,+103.465,+0.762,+1.642
0,1961,+16.000,+16.000,+4.000,+4.000,+99.590,+99.590,+101.197,+105.764,+115.960,+122.912,+104.400,+127.603,+103.209,+105.839,+103.476,+122.143,+4.735,+7.078,+1.331,+9.456,+16.000,+4.000,+99.590,+102.552,+117.009,+111.155,+104.524,+105.735,+5.305,+3.257
0,1962,+15.000,+15.000,+7.000,+7.000,+99.590,+106.379,+96.499,+107.174,+118.887,+149.819,+104.305,+120.134,+103.877,+120.574,+100.913,+114.110,+4.988,+18.437,+2.758,+3.947,+15.000,+7.000,+102.985,+102.479,+133.299,+108.130,+112.226,+105.687,+11.235,+1.836
0,1963,+9.000,+9.000,+4.000,+4.000,+97.119,+104.030,+99.155,+105.129,+106.608,+124.166,+104.079,+117.760,+102.675,+109.937,+100.880,+108.331,+2.742,+6.318,+1.930,+5.444,+9.000,+4.000,+102.383,+100.144,+113.809,+104.604,+106.306,+102.687,+3.368,+1.968
0,1964,+2.000,+2.000,+5.000,+5.000,+101.324,+101.481,+96.926,+100.005,+102.721,+106.264,+101.078,+109.846,+102.022,+103.872,+99.962,+104.035,+0.699,+2.392,+1.615,+3.287,+2.000,+5.000,+101.402,+99.381,+104.492,+101.909,+102.947,+101.347,+1.545,+0.989
0,1965,+15.000,+15.000,+14.000,+14.000,+96.584,+101.481,+101.074,+103.578,+107.182,+120.788,+105.873,+137.226,+103.566,+106.252,+102.288,+115.303,+2.784,+4.324,+1.256,+12.490,+15.000,+14.000,+101.231,+101.622,+112.328,+106.675,+104.909,+103.172,+2.863,+1.678
0,1966,+6.000,+6.000,+9.000,+9.000,+95.416,+101.147,+101.025,+103.578,+106.195,+108.204,+106.670,+130.492,+100.682,+105.410,+103.802,+112.374,+3.836,+2.741,+2.008,+7.278,+6.000,+9.000,+98.732,+103.012,+107.199,+108.531,+103.046,+105.504,+2.932,+1.667
0,1967,+9.000,+9.000,+16.000,+16.000,+96.316,+101.075,+98.974,+103.936,+106.195,+109.695,+117.384,+125.580,+100.748,+104.496,+103.857,+113.901,+3.226,+3.689,+4.377,+5.996,+9.000,+16.000,+99.182,+102.829,+107.945,+117.761,+102.622,+109.242,+3.245,+5.129
0,1968,+15.000,+15.000,+9.000,+9.000,+95.491,+96.491,+104.904,+116.716,+107.121,+140.475,+120.454,+139.613,+100.822,+112.414,+112.290,+127.199,+2.584,+14.706,+5.264,+9.447,+15.000,+9.000,+95.991,+110.486,+121.164,+122.861,+106.618,+117.030,+7.946,+4.415
0,1969,+5.000,+5.000,+7.000,+7.000,+97.098,+97.958,+98.140,+100.388,+101.509,+102.955,+112.530,+139.418,+99.360,+100.990,+106.875,+123.213,+1.634,+2.407,+4.874,+12.663,+5.000,+7.000,+97.612,+99.264,+102.232,+115.270,+100.175,+109.889,+1.977,+5.932
0,1970,+14.000,+14.000,+7.000,+7.000,+97.958,+102.735,+96.640,+101.858,+106.404,+109.193,+108.254,+121.470,+101.184,+105.031,+100.512,+106.659,+2.091,+2.671,+3.356,+6.611,+14.000,+7.000,+100.347,+100.836,+107.798,+108.299,+103.108,+103.290,+1.912,+2.501
0,1971,+9.000,+9.000,+9.000,+9.000,+101.566,+101.853,+101.502,+108.227,+102.984,+119.047,+104.650,+146.454,+101.999,+105.788,+103.058,+127.475,+0.537,+6.946,+0.985,+12.395,+9.000,+9.000,+101.710,+102.314,+110.681,+106.452,+103.893,+105.751,+3.637,+1.247
0,1972,+3.000,+3.000,+9.000,+9.000,+99.341,+99.341,+101.339,+103.800,+99.341,+99.341,+108.234,+120.053,+99.341,+99.341,+103.725,+112.057,+0.000,+0.000,+1.895,+6.345,+3.000,+9.000,+99.341,+102.570,+99.341,+110.144,+99.341,+105.202,+0.000,+2.779
0,1973,+14.000,+14.000,+9.000,+9.000,+99.086,+101.601,+97.333,+104.924,+105.570,+109.193,+104.948,+119.630,+101.639,+104.237,+100.339,+111.852,+1.656,+2.763,+1.980,+5.989,+14.000,+9.000,+100.344,+100.439,+107.382,+112.277,+102.938,+103.618,+1.778,+3.455
0,1974,+15.000,+15.000,+14.000,+14.000,+97.357,+100.856,+102.970,+111.445,+113.246,+147.081,+112.053,+128.081,+103.119,+115.418,+107.447,+118.397,+4.156,+17.098,+3.109,+6.109,+15.000,+14.000,+99.576,+108.489,+126.787,+113.386,+109.269,+111.424,+10.191,+1.475
0,1975,+11.000,+11.000,+1.000,+1.000,+97.372,+99.363,+98.053,+98.841,+104.533,+119.852,+98.053,+98.841,+101.275,+107.626,+98.053,+98.841,+2.739,+6.803,+0.000,+0.000,+11.000,+1.000,+98.367,+98.447,+112.193,+98.447,+104.451,+98.447,+4.342,+0.000
0,1976,+7.000,+7.000,+5.000,+5.000,+99.327,+100.232,+100.010,+101.750,+101.858,+102.328,+108.018,+113.640,+100.545,+101.355,+102.005,+107.027,+0.839,+0.987,+3.102,+4.244,+7.000,+5.000,+100.232,+100.880,+102.093,+108.025,+100.950,+104.315,+0.719,+2.439
0,1977,+6.000,+6.000,+4.000,+4.000,+99.777,+100.232,+99.777,+104.431,+104.826,+106.740,+100.226,+116.471,+101.431,+103.486,+99.889,+113.461,+2.050,+3.254,+0.194,+5.213,+6.000,+4.000,+100.005,+102.329,+105.783,+104.884,+102.458,+103.394,+2.428,+1.028
0,1978,+7.000,+7.000,+14.000,+14.000,+99.653,+99.777,+96.158,+106.335,+101.486,+103.931,+113.896,+142.639,+100.341,+101.032,+104.854,+123.036,+0.783,+1.409,+4.832,+11.899,+7.000,+14.000,+99.715,+103.628,+102.708,+118.279,+100.687,+110.770,+1.046,+4.409
0,1979,+8.000,+8.000,+17.000,+17.000,+97.734,+102.729,+98.767,+99.959,+104.292,+104.292,+106.160,+146.035,+101.428,+103.473,+101.178,+113.853,+1.659,+0.658,+2.214,+9.879,+8.000,+17.000,+101.013,+99.738,+104.292,+108.597,+102.451,+105.585,+0.857,+2.599
0,1980,+3.000,+3.000,+7.000,+7.000,+100.232,+106.397,+97.992,+100.736,+103.219,+106.397,+102.330,+106.324,+101.228,+106.397,+101.077,+104.183,+1.408,+0.000,+1.497,+1.759,+3.000,+7.000,+103.315,+99.364,+104.808,+103.785,+103.813,+102.359,+0.704,+1.290
0,1981,+8.000,+8.000,+9.000,+9.000,+100.232,+101.319,+98.333,+100.366,+106.263,+117.769,+105.414,+139.151,+102.382,+110.630,+99.913,+114.556,+1.969,+4.414,+2.084,+14.270,+8.000,+9.000,+100.776,+98.891,+109.816,+106.120,+106.506,+102.064,+2.700,+2.394
0,1982,+4.000,+4.000,+11.000,+11.000,+95.591,+96.534,+98.046,+100.631,+99.777,+108.724,+102.192,+104.876,+98.731,+105.676,+99.758,+103.431,+1.813,+5.278,+1.263,+1.477,+4.000,+11.000,+96.063,+100.046,+104.251,+102.326,+102.204,+101.100,+3.545,+0.913
0,1983,+9.000,+9.000,+11.000,+11.000,+95.612,+100.101,+97.838,+108.371,+103.406,+126.434,+115.248,+139.746,+101.117,+109.008,+101.903,+123.566,+2.550,+7.303,+4.622,+9.243,+9.000,+11.000,+99.633,+99.578,+114.355,+116.549,+105.063,+106.394,+3.721,+6.351
0,1984,+8.000,+8.000,+5.000,+5.000,+99.275,+100.671,+98.415,+99.304,+103.207,+114.903,+100.740,+129.142,+100.899,+105.363,+100.050,+111.089,+1.409,+5.598,+0.926,+10.702,+8.000,+5.000,+100.017,+98.859,+109.055,+102.791,+103.131,+101.078,+3.008,+1.346
0,1985,+4.000,+4.000,+9.000,+9.000,+99.884,+103.137,+96.968,+98.705,+103.406,+112.674,+100.740,+117.592,+101.929,+105.522,+99.192,+106.647,+1.310,+4.130,+1.437,+6.183,+4.000,+9.000,+101.511,+98.647,+108.040,+101.450,+103.725,+100.470,+2.540,+0.867
0,1986,+6.000,+6.000,+10.000,+10.000,+100.376,+102.628,+99.032,+101.970,+103.987,+134.290,+102.528,+142.475,+101.703,+114.489,+100.864,+124.159,+1.210,+14.131,+0.907,+14.929,+6.000,+10.000,+101.502,+101.408,+119.139,+104.107,+108.096,+102.187,+7.276,+0.778
0,1987,+6.000,+6.000,+7.000,+7.000,+97.093,+100.672,+98.647,+107.243,+102.032,+102.628,+104.631,+114.055,+100.852,+102.083,+101.993,+110.770,+1.739,+0.696,+2.901,+1.963,+6.000,+7.000,+98.883,+103.418,+102.330,+105.014,+101.467,+104.481,+1.183,+0.685
0,1988,+10.000,+10.000,+8.000,+8.000,+96.850,+101.672,+101.145,+102.313,+104.312,+106.397,+102.360,+135.174,+101.209,+103.547,+101.804,+117.923,+2.198,+1.936,+0.400,+10.636,+10.000,+8.000,+99.670,+101.729,+105.355,+103.495,+102.378,+102.859,+1.802,+0.594
0,1989,+12.000,+12.000,+5.000,+5.000,+98.853,+99.523,+100.582,+103.032,+101.921,+119.905,+100.872,+125.439,+100.887,+105.796,+100.698,+112.117,+0.810,+8.173,+0.142,+7.347,+12.000,+5.000,+99.188,+100.727,+110.913,+104.109,+103.342,+102.654,+4.214,+1.578
0,1990,+16.000,+16.000,+9.000,+9.000,+96.194,+101.310,+99.300,+99.996,+104.769,+141.808,+105.229,+123.867,+101.941,+107.575,+102.674,+112.697,+2.111,+11.993,+2.161,+6.431,+16.000,+9.000,+100.481,+99.648,+122.044,+105.996,+104.758,+103.878,+6.430,+1.937
0,1991,+12.000,+12.000,+13.000,+13.000,+96.240,+104.769,+102.307,+104.605,+107.325,+157.024,+105.307,+119.184,+102.642,+112.299,+103.617,+109.926,+2.862,+15.320,+1.052,+5.812,+12.000,+13.000,+100.504,+103.561,+132.174,+112.358,+107.470,+105.131,+8.576,+2.375
0,1992,+14.000,+14.000,+6.000,+6.000,+99.327,+102.125,+97.046,+102.808,+104.459,+115.872,+108.555,+147.845,+102.008,+105.013,+102.515,+119.523,+1.902,+3.405,+4.869,+18.772,+14.000,+6.000,+100.903,+97.707,+110.165,+109.716,+103.510,+103.688,+2.374,+5.054
0,1993,+9.000,+9.000,+0.000,+0.000,+96.592,+102.421,NaN,NaN,+102.421,+102.421,NaN,NaN,+100.285,+102.421,NaN,NaN,+1.840,+0.000,NaN,NaN,+9.000,+0.000,+99.506,NaN,+102.421,NaN,+101.353,NaN,+0.920,NaN
0,1994,+15.000,+15.000,+9.000,+9.000,+97.817,+99.525,+99.768,+115.124,+101.310,+111.974,+104.178,+135.157,+99.777,+102.377,+101.963,+123.523,+1.365,+3.295,+1.605,+7.692,+15.000,+9.000,+98.887,+101.302,+106.447,+105.473,+101.077,+103.210,+2.051,+1.279
0,1995,+10.000,+10.000,+7.000,+7.000,+97.928,+100.999,+99.913,+101.622,+109.416,+112.596,+103.876,+114.641,+101.341,+107.393,+101.413,+105.444,+2.832,+4.459,+1.302,+5.074,+10.000,+7.000,+99.464,+100.231,+109.507,+103.876,+104.367,+102.077,+2.964,+1.111
0,1996,+0.000,+0.000,+8.000,+8.000,NaN,NaN,+102.816,+104.088,NaN,NaN,+119.570,+147.652,NaN,NaN,+107.050,+119.243,NaN,NaN,+5.222,+16.237,+0.000,+8.000,NaN,+103.835,NaN,+121.423,NaN,+108.380,NaN,+5.872
0,1997,+7.000,+7.000,+6.000,+6.000,+100.268,+100.268,+100.457,+104.107,+123.973,+189.172,+100.892,+163.054,+106.398,+133.473,+100.688,+118.613,+7.804,+34.510,+0.207,+20.188,+7.000,+6.000,+100.268,+100.675,+148.786,+100.912,+119.936,+100.839,+19.767,+0.103
0,1998,+12.000,+12.000,+13.000,+13.000,+97.683,+100.656,+101.402,+104.854,+104.878,+127.121,+106.387,+155.574,+101.071,+105.313,+104.521,+117.553,+1.712,+6.750,+1.631,+14.233,+12.000,+13.000,+99.169,+101.864,+116.000,+108.940,+103.192,+106.113,+4.006,+2.018
0,1999,+11.000,+11.000,+6.000,+6.000,+97.502,+100.499,+99.219,+103.365,+104.040,+104.463,+105.075,+109.483,+101.085,+102.811,+101.516,+107.047,+1.813,+1.510,+2.621,+2.736,+11.000,+6.000,+99.001,+102.424,+104.040,+106.503,+101.948,+104.467,+1.513,+1.568
0,2000,+9.000,+9.000,+15.000,+15.000,+99.038,+100.850,+97.966,+110.585,+103.793,+104.040,+108.899,+137.716,+101.082,+102.929,+104.336,+121.170,+1.252,+1.339,+3.922,+7.563,+9.000,+15.000,+100.345,+106.715,+103.848,+111.874,+102.005,+108.184,+1.055,+1.578
0,2001,+6.000,+6.000,+7.000,+7.000,+98.565,+105.458,+98.870,+100.035,+104.289,+120.096,+103.793,+139.527,+101.279,+111.703,+101.720,+123.912,+1.657,+5.130,+1.367,+11.908,+6.000,+7.000,+103.308,+99.453,+110.627,+103.970,+106.491,+102.502,+2.690,+1.444
0,2002,+9.000,+9.000,+14.000,+14.000,+99.621,+99.890,+98.263,+110.237,+106.393,+116.450,+110.312,+126.986,+102.467,+107.367,+104.915,+113.637,+1.799,+5.659,+4.077,+4.515,+9.000,+14.000,+99.756,+106.409,+109.632,+113.220,+104.917,+109.040,+3.295,+1.727
0,2003,+3.000,+3.000,+9.000,+9.000,+100.850,+103.166,+100.685,+113.308,+102.257,+103.166,+106.272,+126.104,+101.788,+103.166,+103.511,+117.499,+0.663,+0.000,+2.150,+4.334,+3.000,+9.000,+102.008,+103.905,+102.711,+108.077,+102.477,+105.548,+0.331,+1.726
0,2004,+9.000,+9.000,+9.000,+9.000,+98.733,+100.955,+99.903,+109.527,+102.439,+138.763,+107.978,+128.866,+101.241,+123.473,+103.545,+115.231,+1.171,+16.506,+3.064,+5.819,+9.000,+9.000,+99.844,+104.142,+120.601,+108.391,+112.357,+107.581,+8.675,+1.300
0,2005,+14.000,+14.000,+7.000,+7.000,+96.361,+97.741,+96.251,+104.854,+107.430,+126.925,+100.967,+187.606,+100.217,+109.378,+99.981,+138.072,+2.417,+7.862,+1.543,+35.167,+14.000,+7.000,+97.051,+98.609,+113.594,+102.304,+104.798,+100.856,+4.427,+1.156
0,2006,+10.000,+10.000,+6.000,+6.000,+97.827,+98.995,+99.887,+103.330,+105.859,+124.066,+101.493,+110.108,+101.473,+109.023,+100.329,+105.981,+2.820,+10.067,+0.543,+2.703,+10.000,+6.000,+98.411,+100.690,+114.962,+102.411,+105.248,+101.480,+6.037,+0.748
0,2007,+10.000,+10.000,+6.000,+6.000,+99.265,+100.105,+100.019,+110.675,+101.623,+104.561,+104.502,+137.878,+100.253,+101.403,+102.209,+121.548,+0.849,+1.452,+1.759,+11.369,+10.000,+6.000,+99.719,+103.428,+103.092,+107.588,+100.828,+106.202,+1.072,+1.961
0,2008,+10.000,+10.000,+9.000,+9.000,+100.238,+103.166,+98.457,+103.133,+104.502,+115.780,+103.925,+131.714,+102.600,+107.952,+100.848,+109.370,+1.200,+5.399,+1.822,+8.239,+10.000,+9.000,+102.139,+98.849,+110.141,+104.822,+105.276,+102.379,+3.143,+2.422
0,2009,+5.000,+5.000,+0.000,+0.000,+97.298,+101.552,NaN,NaN,+115.200,+137.612,NaN,NaN,+105.987,+123.731,NaN,NaN,+6.193,+17.022,NaN,NaN,+5.000,+0.000,+99.425,NaN,+126.406,NaN,+114.859,NaN,+10.958,NaN
0,2010,+9.000,+9.000,+12.000,+12.000,+96.086,+100.140,+97.106,+99.242,+104.266,+125.813,+103.790,+115.990,+101.400,+107.281,+99.092,+106.492,+2.839,+8.008,+2.414,+4.231,+9.000,+12.000,+98.113,+98.403,+114.508,+105.887,+104.341,+101.730,+4.856,+2.387
0,2011,+15.000,+15.000,+1.000,+1.000,+98.977,+101.717,+100.047,+104.380,+119.016,+121.784,+100.047,+104.380,+102.448,+107.364,+100.047,+104.380,+4.607,+6.410,+0.000,+0.000,+15.000,+1.000,+100.798,+101.770,+120.400,+101.770,+104.906,+101.770,+4.784,+0.000
0,2012,+13.000,+13.000,+6.000,+6.000,+98.429,+104.940,+98.619,+106.503,+131.464,+145.736,+104.161,+116.556,+108.509,+123.360,+100.799,+109.788,+11.727,+14.075,+2.134,+4.077,+13.000,+6.000,+102.531,+98.885,+135.568,+105.332,+115.934,+102.440,+11.819,+2.314
0,2013,+7.000,+7.000,+13.000,+13.000,+98.546,+99.773,+97.333,+105.049,+114.634,+119.420,+105.085,+124.437,+101.871,+108.826,+100.426,+111.671,+5.243,+9.280,+2.049,+8.073,+7.000,+13.000,+99.159,+97.870,+117.027,+105.511,+105.348,+101.888,+6.408,+2.279
0,2014,+7.000,+7.000,+3.000,+3.000,+97.035,+103.447,+97.618,+101.154,+121.791,+128.501,+98.284,+101.910,+104.437,+114.602,+98.062,+101.406,+7.390,+12.075,+0.314,+0.356,+7.000,+3.000,+100.241,+101.126,+125.146,+101.504,+109.519,+101.252,+8.552,+0.178
0,2015,+9.000,+9.000,+17.000,+17.000,+95.721,+96.341,+98.342,+102.402,+105.843,+159.480,+107.877,+133.347,+102.483,+119.897,+101.729,+111.136,+3.248,+23.516,+1.856,+8.053,+9.000,+17.000,+96.031,+101.211,+131.464,+107.894,+111.190,+103.321,+12.488,+2.148
0,2016,+9.000,+9.000,+3.000,+3.000,+98.382,+105.843,+98.957,+104.847,+113.601,+165.295,+101.261,+104.847,+104.346,+135.601,+99.725,+104.847,+4.280,+22.036,+1.086,+0.000,+9.000,+3.000,+104.208,+101.514,+139.448,+102.801,+119.973,+101.943,+11.690,+0.607
0,2017,+12.000,+12.000,+9.000,+9.000,+100.071,+102.534,+98.395,+103.498,+105.265,+149.355,+101.154,+123.290,+102.722,+123.921,+100.421,+110.954,+1.672,+17.980,+0.807,+6.493,+12.000,+9.000,+101.303,+100.228,+126.848,+103.128,+113.322,+102.508,+9.571,+0.877
0,2018,+6.000,+6.000,+10.000,+10.000,+97.039,+110.108,+100.424,+101.711,+102.385,+166.769,+103.832,+110.251,+99.312,+138.438,+102.059,+105.273,+2.290,+28.331,+1.451,+2.184,+6.000,+10.000,+103.574,+101.067,+134.577,+104.086,+118.875,+103.436,+14.649,+0.893
0,2019,+9.000,+9.000,+16.000,+16.000,+96.316,+105.197,+97.859,+102.421,+124.619,+146.313,+105.102,+114.285,+101.699,+130.508,+101.278,+108.844,+8.305,+15.200,+2.387,+4.772,+9.000,+16.000,+100.757,+98.918,+126.983,+109.694,+116.104,+103.415,+8.992,+2.298
0,2020,+15.000,+15.000,+11.000,+11.000,+98.731,+100.865,+96.297,+97.298,+108.701,+138.986,+103.653,+109.230,+102.497,+111.403,+99.012,+102.153,+2.598,+12.500,+2.393,+3.755,+15.000,+11.000,+100.377,+97.215,+122.039,+104.236,+106.950,+99.696,+7.211,+2.394
0,2021,+18.000,+18.000,+3.000,+3.000,+97.341,+99.559,+97.067,+98.599,+114.069,+154.982,+98.324,+98.599,+104.675,+117.111,+97.679,+98.599,+5.152,+17.562,+0.514,+0.000,+18.000,+3.000,+98.450,+97.833,+131.359,+98.462,+110.893,+98.139,+10.914,+0.257
0,2022,+14.000,+14.000,+8.000,+8.000,+97.306,+101.699,+95.742,+103.395,+114.069,+133.808,+104.635,+112.407,+102.827,+109.701,+98.466,+109.416,+4.770,+7.407,+2.826,+3.193,+14.000,+8.000,+99.503,+100.949,+123.939,+105.521,+106.264,+102.819,+5.622,+1.640
0,2023,+24.000,+24.000,+5.000,+5.000,+98.674,+99.175,+97.348,+99.303,+113.248,+137.250,+99.090,+104.281,+104.090,+113.463,+98.045,+102.344,+3.356,+10.041,+0.854,+2.374,+24.000,+5.000,+98.924,+98.219,+119.938,+101.685,+108.776,+99.135,+5.572,+1.346
0,2024,+14.000,+14.000,+9.000,+9.000,+101.045,+101.607,+96.612,+97.927,+118.005,+155.268,+104.017,+141.624,+107.034,+115.599,+98.674,+111.825,+5.437,+14.923,+2.085,+16.717,+14.000,+9.000,+101.326,+97.502,+136.637,+104.149,+111.317,+100.255,+9.930,+2.528
0,2025,+15.000,+15.000,+9.000,+9.000,+96.734,+102.835,+97.590,+100.302,+118.814,+131.013,+105.927,+111.867,+104.218,+109.715,+99.575,+108.188,+5.201,+8.813,+2.641,+3.654,+15.000,+9.000,+99.784,+99.417,+124.913,+106.008,+106.966,+101.011,+6.185,+2.204
0,2026,+7.000,+7.000,+12.000,+12.000,+96.153,+96.945,+96.713,+105.302,+102.835,+139.771,+109.867,+112.962,+99.820,+117.434,+102.136,+109.227,+2.813,+19.430,+3.603,+2.481,+7.000,+12.000,+96.810,+102.842,+121.303,+110.681,+108.627,+106.604,+10.973,+2.058
0,2027,+14.000,+14.000,+7.000,+7.000,+97.458,+97.846,+96.694,+96.808,+106.129,+141.935,+97.701,+115.499,+100.324,+111.258,+97.423,+105.201,+2.185,+16.244,+0.433,+8.923,+14.000,+7.000,+97.706,+96.751,+124.032,+103.784,+105.791,+98.408,+8.650,+2.218
0,2028,+6.000,+6.000,+12.000,+12.000,+98.342,+99.455,+101.165,+111.186,+101.759,+106.078,+109.867,+132.909,+99.609,+103.596,+104.352,+118.378,+1.114,+2.066,+3.697,+9.047,+6.000,+12.000,+99.015,+104.883,+103.159,+111.762,+101.603,+109.670,+1.366,+2.725
0,2029,+12.000,+12.000,+7.000,+7.000,+95.347,+97.483,+96.767,+97.458,+105.768,+117.181,+109.867,+124.401,+99.428,+105.580,+101.765,+110.846,+3.444,+7.116,+4.559,+7.624,+12.000,+7.000,+96.500,+97.112,+111.475,+111.103,+102.504,+105.353,+5.141,+4.625
0,2030,+6.000,+6.000,+9.000,+9.000,+97.724,+97.789,+97.143,+101.027,+103.732,+104.118,+102.169,+104.360,+99.739,+101.308,+100.009,+103.017,+2.317,+1.898,+1.299,+1.133,+6.000,+9.000,+97.756,+100.552,+103.925,+102.179,+100.523,+101.218,+2.005,+0.753
0,2031,+10.000,+10.000,+10.000,+10.000,+96.646,+98.802,+99.905,+102.506,+103.732,+112.893,+105.775,+134.556,+99.500,+105.260,+102.780,+118.916,+3.018,+5.298,+1.614,+11.380,+10.000,+10.000,+98.154,+101.381,+108.312,+113.331,+102.380,+106.573,+3.756,+3.926
0,2032,+11.000,+11.000,+3.000,+3.000,+98.352,+102.081,+98.136,+103.515,+107.415,+111.495,+99.642,+103.515,+102.508,+105.883,+99.140,+103.515,+3.417,+3.692,+0.710,+0.000,+11.000,+3.000,+100.216,+98.889,+109.455,+101.578,+104.195,+100.682,+3.481,+1.268
0,2033,+11.000,+11.000,+9.000,+9.000,+98.575,+100.052,+97.245,+102.641,+105.312,+123.979,+101.250,+141.203,+101.592,+109.365,+99.544,+123.013,+2.244,+9.223,+1.232,+15.848,+11.000,+9.000,+99.313,+100.211,+114.645,+104.238,+105.479,+101.642,+5.094,+1.410
0,2034,+11.000,+11.000,+10.000,+10.000,+99.765,+103.265,+97.567,+98.981,+104.622,+114.138,+100.781,+143.906,+103.722,+107.897,+99.164,+111.260,+1.304,+3.844,+1.003,+13.460,+11.000,+10.000,+101.515,+98.274,+109.236,+100.882,+105.809,+99.874,+2.284,+0.679
0,2035,+16.000,+16.000,+0.000,+0.000,+99.975,+103.233,NaN,NaN,+104.446,+115.177,NaN,NaN,+102.711,+105.888,NaN,NaN,+1.644,+3.402,NaN,NaN,+16.000,+0.000,+101.933,NaN,+108.506,NaN,+104.300,NaN,+2.022,NaN
0,2036,+5.000,+5.000,+5.000,+5.000,+100.848,+104.480,+99.284,+102.163,+106.359,+145.482,+99.817,+184.247,+103.029,+122.838,+99.497,+121.302,+1.976,+17.652,+0.261,+31.575,+5.000,+5.000,+102.664,+99.550,+124.797,+101.978,+112.933,+101.241,+9.708,+0.920
0,2037,+3.000,+3.000,+16.000,+16.000,+101.471,+112.647,+97.784,+107.235,+103.978,+133.377,+113.211,+157.442,+102.329,+122.111,+106.528,+128.604,+1.167,+8.558,+4.727,+17.168,+3.000,+16.000,+107.059,+102.078,+118.678,+115.649,+112.220,+111.127,+4.831,+3.713
0,2038,+13.000,+13.000,+7.000,+7.000,+99.140,+100.225,+101.995,+106.514,+104.223,+110.550,+105.646,+112.051,+101.355,+104.592,+103.569,+109.131,+1.548,+2.210,+1.297,+2.100,+13.000,+7.000,+99.682,+103.391,+105.721,+105.936,+102.973,+104.556,+1.522,+0.898
0,2039,+12.000,+12.000,+15.000,+15.000,+98.012,+98.954,+97.418,+103.345,+102.778,+114.450,+107.822,+134.858,+100.916,+106.276,+102.836,+116.136,+1.174,+5.763,+3.171,+7.964,+12.000,+15.000,+98.483,+100.382,+108.159,+109.058,+103.596,+106.655,+3.097,+2.097
0,2040,+8.000,+8.000,+11.000,+11.000,+98.894,+99.443,+97.593,+108.345,+101.196,+101.580,+108.345,+142.734,+100.422,+101.025,+103.514,+120.464,+0.639,+0.740,+5.293,+14.166,+8.000,+11.000,+99.168,+99.009,+101.340,+110.818,+100.723,+107.728,+0.652,+2.846
0,2041,+16.000,+16.000,+0.000,+0.000,+98.032,+99.897,NaN,NaN,+103.989,+116.901,NaN,NaN,+100.231,+103.686,NaN,NaN,+1.807,+6.404,NaN,NaN,+16.000,+0.000,+99.192,NaN,+110.445,NaN,+101.959,NaN,+3.962,NaN
0,2042,+12.000,+12.000,+9.000,+9.000,+98.544,+104.650,+99.631,+106.201,+127.590,+137.758,+104.164,+124.588,+107.544,+118.985,+100.957,+116.290,+7.830,+9.422,+1.510,+6.314,+12.000,+9.000,+103.011,+100.362,+132.674,+113.450,+113.265,+103.677,+7.146,+3.672
0,2043,+16.000,+16.000,+6.000,+6.000,+105.025,+106.192,+99.220,+107.795,+115.492,+144.655,+104.450,+116.541,+108.412,+120.822,+101.842,+112.168,+2.798,+11.559,+1.996,+4.373,+16.000,+6.000,+105.609,+99.786,+125.674,+106.122,+114.617,+103.341,+5.969,+2.644
0,2044,+9.000,+9.000,+7.000,+7.000,+95.711,+102.717,+97.227,+98.836,+107.221,+165.555,+105.230,+149.115,+103.580,+125.589,+102.851,+119.000,+3.234,+28.310,+2.757,+16.115,+9.000,+7.000,+100.181,+98.032,+136.388,+108.391,+114.584,+104.898,+14.796,+3.198
0,2045,+16.000,+16.000,+5.000,+5.000,+98.876,+100.888,+98.305,+101.257,+106.009,+120.055,+101.779,+108.048,+103.962,+109.045,+99.476,+105.332,+2.062,+6.229,+1.215,+3.327,+16.000,+5.000,+100.342,+98.861,+113.032,+103.121,+106.503,+100.555,+3.832,+1.398
0,2046,+14.000,+14.000,+8.000,+8.000,+99.312,+103.222,+97.891,+100.266,+118.194,+137.932,+101.098,+112.697,+106.125,+114.194,+100.129,+105.343,+4.256,+12.644,+0.921,+5.702,+14.000,+8.000,+101.267,+100.041,+128.063,+101.408,+110.159,+100.840,+8.052,+0.426
0,2047,+6.000,+6.000,+3.000,+3.000,+102.117,+104.536,+96.824,+101.509,+103.883,+127.661,+97.828,+101.509,+103.018,+111.903,+97.455,+101.509,+0.668,+7.961,+0.449,+0.000,+6.000,+3.000,+103.326,+97.326,+115.470,+99.504,+107.461,+98.442,+4.094,+0.890
0,2048,+10.000,+10.000,+8.000,+8.000,+96.766,+99.382,+101.098,+101.546,+107.411,+161.325,+109.235,+110.710,+100.722,+123.753,+103.576,+108.116,+3.534,+25.061,+2.726,+3.487,+10.000,+8.000,+98.201,+101.363,+134.368,+110.710,+112.238,+104.633,+12.917,+3.731
0,2049,+10.000,+10.000,+6.000,+6.000,+100.179,+100.483,+101.275,+115.127,+103.134,+113.876,+110.710,+170.590,+101.745,+104.865,+105.753,+142.992,+0.920,+3.861,+2.777,+27.599,+10.000,+6.000,+100.331,+105.992,+107.854,+115.650,+103.305,+108.574,+2.167,+3.331
0,2050,+15.000,+15.000,+16.000,+16.000,+95.610,+98.101,+99.879,+107.061,+109.244,+135.467,+110.710,+145.304,+103.293,+110.959,+107.179,+116.155,+4.735,+9.450,+3.310,+10.970,+15.000,+16.000,+96.856,+103.470,+120.894,+110.717,+107.126,+109.779,+6.200,+1.882
0,2051,+6.000,+6.000,+11.000,+11.000,+96.867,+102.453,+101.982,+105.343,+104.357,+107.876,+110.643,+178.375,+101.552,+104.617,+105.905,+139.271,+2.321,+2.274,+2.357,+23.480,+6.000,+11.000,+99.660,+104.203,+105.133,+116.037,+103.085,+110.868,+1.868,+5.017
0,2052,+6.000,+6.000,+16.000,+16.000,+99.024,+100.797,+99.347,+105.876,+102.136,+108.769,+109.181,+122.282,+100.797,+103.445,+104.364,+110.733,+1.260,+2.657,+2.123,+3.969,+6.000,+16.000,+99.911,+102.345,+105.452,+109.818,+102.121,+106.369,+1.832,+1.819
0,2053,+3.000,+3.000,+12.000,+12.000,+96.857,+101.574,+97.447,+107.203,+100.914,+101.574,+111.147,+135.305,+99.242,+101.574,+102.358,+117.575,+1.731,+0.000,+3.497,+10.853,+3.000,+12.000,+99.215,+101.935,+101.244,+112.226,+100.408,+105.747,+0.866,+3.004
0,2054,+10.000,+10.000,+4.000,+4.000,+99.847,+102.453,+99.754,+100.583,+106.050,+137.811,+99.847,+103.947,+101.778,+111.495,+99.824,+101.424,+2.631,+11.333,+0.040,+1.456,+10.000,+4.000,+101.150,+100.115,+121.930,+100.372,+106.636,+100.204,+6.447,+0.105
0,2055,+6.000,+6.000,+13.000,+13.000,+96.559,+109.369,+96.832,+97.408,+102.284,+119.844,+107.672,+177.113,+99.159,+114.607,+102.512,+122.605,+1.864,+5.238,+3.549,+26.544,+6.000,+13.000,+102.964,+97.120,+109.921,+107.841,+106.883,+105.029,+2.557,+3.098
0,2056,+6.000,+6.000,+7.000,+7.000,+99.508,+101.610,+99.229,+99.702,+104.988,+106.097,+102.136,+113.507,+101.743,+104.546,+100.710,+106.778,+1.962,+1.699,+0.803,+5.894,+6.000,+7.000,+100.559,+99.465,+105.543,+102.272,+103.144,+101.445,+1.558,+0.871
0,2057,+12.000,+12.000,+12.000,+12.000,+95.932,+99.847,+98.697,+101.610,+104.607,+119.778,+101.851,+146.766,+100.847,+107.192,+100.504,+116.831,+2.655,+6.194,+1.361,+15.712,+12.000,+12.000,+97.889,+98.939,+111.008,+101.994,+104.020,+101.157,+3.972,+1.042
0,2058,+13.000,+13.000,+3.000,+3.000,+99.526,+100.190,+99.182,+105.882,+113.898,+139.148,+99.182,+129.667,+103.314,+107.875,+99.182,+117.054,+4.007,+11.806,+0.000,+9.763,+13.000,+3.000,+99.858,+101.518,+126.523,+107.397,+105.594,+103.591,+7.881,+2.695
0,2059,+15.000,+15.000,+10.000,+10.000,+99.286,+100.800,+96.926,+99.943,+113.331,+135.683,+100.276,+129.171,+102.876,+110.022,+98.302,+117.517,+4.227,+11.089,+1.439,+10.282,+15.000,+10.000,+100.043,+98.561,+124.507,+100.943,+106.449,+99.785,+7.164,+0.757
0,2060,+14.000,+14.000,+12.000,+12.000,+95.940,+98.029,+98.142,+109.937,+104.662,+132.833,+121.335,+139.700,+100.555,+110.547,+106.298,+120.903,+2.449,+12.928,+8.799,+8.191,+14.000,+12.000,+97.507,+103.733,+117.994,+122.015,+105.551,+115.436,+7.292,+5.899
0,2061,+12.000,+12.000,+4.000,+4.000,+99.099,+101.951,+100.837,+105.271,+127.213,+136.068,+104.652,+121.454,+103.546,+109.429,+102.977,+114.274,+7.374,+11.346,+1.385,+6.015,+12.000,+4.000,+100.525,+103.209,+127.294,+105.297,+106.488,+104.607,+8.380,+0.819
0,2062,+14.000,+14.000,+12.000,+12.000,+97.224,+99.298,+98.953,+105.536,+101.678,+104.020,+107.647,+135.489,+99.948,+101.357,+103.486,+116.465,+1.462,+1.037,+2.335,+11.357,+14.000,+12.000,+98.677,+102.657,+102.849,+108.780,+100.652,+105.698,+1.031,+1.871
0,2063,+9.000,+9.000,+7.000,+7.000,+100.082,+100.493,+98.794,+110.862,+103.221,+118.166,+114.223,+126.498,+101.267,+107.653,+104.347,+118.170,+1.113,+7.538,+5.006,+5.641,+9.000,+7.000,+100.357,+99.598,+109.329,+116.110,+104.460,+107.512,+3.610,+5.779
0,2064,+3.000,+3.000,+10.000,+10.000,+95.349,+96.529,+98.389,+100.423,+97.349,+97.808,+106.293,+107.385,+96.219,+97.016,+100.485,+104.007,+0.837,+0.565,+2.337,+2.336,+3.000,+10.000,+96.029,+99.559,+97.579,+106.398,+96.617,+101.900,+0.685,+2.504
0,2065,+15.000,+15.000,+5.000,+5.000,+96.014,+97.381,+98.481,+111.346,+104.240,+122.883,+105.282,+160.178,+99.682,+103.418,+102.810,+135.188,+2.186,+7.268,+2.414,+20.213,+15.000,+5.000,+96.698,+100.713,+113.562,+107.586,+101.550,+104.825,+4.485,+2.584
0,2066,+3.000,+3.000,+0.000,+0.000,+97.006,+127.612,NaN,NaN,+100.493,+127.612,NaN,NaN,+98.739,+127.612,NaN,NaN,+1.424,+0.000,NaN,NaN,+3.000,+0.000,+112.309,NaN,+114.053,NaN,+113.175,NaN,+0.712,NaN
0,2067,+10.000,+10.000,+6.000,+6.000,+97.575,+98.717,+97.653,+101.091,+101.659,+105.568,+104.873,+131.143,+99.044,+100.810,+101.715,+110.036,+1.299,+2.548,+2.950,+9.980,+10.000,+6.000,+98.146,+101.091,+103.613,+105.642,+99.927,+103.148,+1.890,+1.992
0,2068,+14.000,+14.000,+13.000,+13.000,+97.241,+100.082,+100.470,+104.216,+120.277,+141.332,+103.987,+159.205,+103.053,+119.643,+102.067,+123.681,+5.844,+15.165,+1.274,+14.253,+14.000,+13.000,+98.661,+102.064,+129.346,+107.480,+111.348,+104.433,+9.202,+1.899
0,2069,+14.000,+14.000,+9.000,+9.000,+95.111,+105.191,+97.993,+110.974,+108.812,+145.032,+115.118,+137.136,+105.348,+115.486,+105.044,+120.115,+3.578,+15.531,+4.779,+9.850,+14.000,+9.000,+100.517,+100.771,+126.922,+119.200,+110.417,+109.999,+8.545,+5.544
0,2070,+12.000,+12.000,+9.000,+9.000,+101.467,+102.043,+95.934,+106.143,+107.806,+125.578,+109.355,+124.305,+104.725,+108.585,+102.316,+115.858,+1.891,+6.831,+3.924,+6.311,+12.000,+9.000,+101.755,+102.302,+116.692,+110.738,+106.655,+104.269,+3.981,+2.662
0,2071,+12.000,+12.000,+5.000,+5.000,+98.302,+104.252,+98.920,+107.460,+104.765,+108.405,+104.722,+123.218,+102.740,+106.309,+102.227,+117.382,+1.891,+1.337,+2.432,+7.185,+12.000,+5.000,+102.289,+102.182,+105.264,+105.631,+104.525,+104.380,+0.923,+1.180
0,2072,+13.000,+13.000,+8.000,+8.000,+99.962,+104.252,+98.437,+105.698,+143.405,+181.282,+104.542,+130.495,+111.035,+119.492,+102.844,+117.296,+12.783,+26.424,+1.973,+8.995,+13.000,+8.000,+102.429,+101.029,+162.343,+104.958,+115.263,+103.920,+19.423,+1.162
0,2073,+15.000,+15.000,+9.000,+9.000,+100.959,+101.179,+100.599,+106.203,+116.978,+146.082,+105.445,+145.310,+107.346,+117.412,+103.491,+122.821,+3.350,+13.305,+1.711,+14.491,+15.000,+9.000,+101.069,+104.783,+128.619,+140.413,+112.379,+109.080,+7.633,+11.085
0,2074,+16.000,+16.000,+3.000,+3.000,+99.761,+101.090,+96.210,+106.783,+109.297,+118.180,+103.518,+146.265,+103.128,+109.581,+100.346,+126.278,+2.466,+5.667,+3.060,+16.122,+16.000,+3.000,+100.426,+100.776,+113.738,+104.430,+106.355,+102.299,+3.774,+1.552
0,2075,+16.000,+16.000,+7.000,+7.000,+100.547,+101.066,+100.172,+111.081,+105.342,+105.419,+109.222,+127.557,+102.675,+103.603,+105.667,+116.945,+1.091,+1.046,+2.581,+6.857,+16.000,+7.000,+100.807,+106.387,+105.380,+114.174,+103.139,+110.124,+0.952,+2.859
0,2076,+6.000,+6.000,+1.000,+1.000,+97.787,+103.353,+102.454,+117.796,+102.668,+167.524,+102.454,+117.796,+101.060,+124.438,+102.454,+117.796,+1.980,+25.728,+0.000,+0.000,+6.000,+1.000,+101.088,+103.236,+132.655,+103.236,+112.749,+103.236,+12.443,+0.000
0,2077,+21.000,+21.000,+3.000,+3.000,+97.580,+103.206,+98.970,+102.405,+112.546,+122.344,+101.605,+102.405,+103.701,+108.019,+100.358,+102.405,+2.761,+5.512,+1.080,+0.000,+21.000,+3.000,+102.556,+100.288,+117.445,+101.829,+105.860,+101.190,+3.766,+0.656
0,2078,+6.000,+6.000,+2.000,+2.000,+97.285,+103.353,+95.881,+103.764,+102.668,+115.575,+99.556,+103.764,+100.058,+106.785,+97.719,+103.764,+1.844,+4.668,+1.837,+0.000,+6.000,+2.000,+101.579,+98.190,+107.306,+100.028,+103.421,+99.109,+1.883,+0.919
0,2079,+6.000,+6.000,+2.000,+2.000,+100.280,+100.280,+96.389,+96.600,+102.668,+113.325,+99.162,+101.120,+101.018,+106.837,+97.776,+98.860,+0.987,+6.488,+1.386,+2.260,+6.000,+2.000,+100.280,+96.495,+107.997,+99.359,+103.928,+97.927,+3.597,+1.432
0,2080,+6.000,+6.000,+6.000,+6.000,+97.103,+101.804,+103.295,+123.445,+101.210,+117.677,+105.137,+140.498,+98.921,+106.396,+104.190,+135.259,+1.373,+5.912,+0.897,+5.935,+6.000,+6.000,+99.722,+105.060,+108.324,+113.601,+102.658,+108.848,+3.295,+3.553
0,2081,+11.000,+11.000,+7.000,+7.000,+96.896,+99.944,+102.319,+104.514,+103.344,+149.415,+104.514,+110.089,+101.716,+115.438,+103.755,+106.924,+2.176,+15.129,+0.764,+1.874,+11.000,+7.000,+99.420,+104.421,+124.246,+106.415,+108.577,+105.034,+7.611,+0.653
0,2082,+15.000,+15.000,+10.000,+10.000,+95.225,+98.546,+96.888,+103.920,+108.573,+142.932,+104.681,+143.804,+102.155,+114.704,+102.077,+126.179,+3.301,+14.694,+2.700,+15.020,+15.000,+10.000,+96.885,+102.846,+125.753,+104.866,+108.429,+103.974,+8.113,+0.842
0,2083,+5.000,+5.000,+9.000,+9.000,+96.935,+101.469,+97.503,+101.397,+102.356,+108.964,+104.681,+144.105,+101.250,+103.500,+101.085,+121.026,+2.158,+2.754,+2.403,+16.607,+5.000,+9.000,+99.202,+100.580,+105.642,+107.041,+102.375,+103.362,+2.037,+2.240
0,2084,+9.000,+9.000,+6.000,+6.000,+97.361,+100.570,+98.467,+113.334,+104.320,+136.993,+107.552,+122.694,+101.192,+116.718,+102.492,+118.403,+2.709,+11.531,+3.182,+3.575,+9.000,+6.000,+99.380,+100.408,+120.495,+108.857,+108.955,+105.448,+6.003,+2.886
0,2085,+9.000,+9.000,+8.000,+8.000,+96.432,+102.315,+99.683,+101.082,+108.793,+123.495,+101.022,+112.668,+102.965,+108.096,+100.348,+106.321,+3.150,+6.861,+0.541,+4.668,+9.000,+8.000,+99.434,+100.141,+112.965,+101.317,+105.531,+100.958,+4.387,+0.353
0,2086,+12.000,+12.000,+11.000,+11.000,+100.484,+103.013,+97.053,+102.277,+108.823,+123.272,+102.029,+150.682,+103.578,+108.852,+100.484,+123.185,+2.376,+6.675,+1.386,+15.532,+12.000,+11.000,+101.749,+101.558,+114.330,+104.531,+106.215,+101.987,+4.305,+0.813
0,2087,+6.000,+6.000,+6.000,+6.000,+96.280,+101.813,+99.399,+104.723,+104.987,+129.232,+108.596,+141.094,+101.989,+109.415,+103.620,+119.242,+2.692,+9.022,+3.614,+16.266,+6.000,+6.000,+99.047,+101.804,+115.886,+109.440,+105.702,+105.036,+5.025,+3.152
0,2088,+22.000,+22.000,+9.000,+9.000,+99.949,+100.735,+98.333,+105.613,+111.366,+141.740,+104.676,+130.520,+105.099,+115.907,+101.621,+112.862,+4.008,+11.906,+1.712,+6.828,+22.000,+9.000,+100.541,+100.845,+126.553,+108.298,+110.503,+104.691,+7.127,+2.684
0,2089,+9.000,+9.000,+6.000,+6.000,+98.235,+101.552,+98.658,+102.610,+111.180,+148.877,+102.610,+102.610,+106.808,+117.916,+101.538,+102.610,+4.848,+17.078,+1.466,+0.000,+9.000,+6.000,+100.580,+101.602,+129.173,+102.610,+112.362,+102.442,+9.490,+0.376
0,2090,+15.000,+15.000,+4.000,+4.000,+104.900,+106.765,+99.589,+107.426,+110.884,+134.363,+102.610,+116.446,+107.932,+116.042,+101.220,+109.681,+2.243,+10.122,+1.301,+3.906,+15.000,+4.000,+105.833,+100.091,+122.623,+103.658,+111.987,+102.009,+5.782,+1.660
0,2091,+14.000,+14.000,+6.000,+6.000,+95.497,+97.053,+97.633,+100.593,+108.996,+169.446,+100.593,+105.655,+102.402,+122.508,+99.113,+102.533,+4.036,+24.929,+1.480,+2.009,+14.000,+6.000,+96.275,+98.228,+138.169,+100.673,+112.455,+99.424,+13.982,+1.197
0,2092,+19.000,+19.000,+6.000,+6.000,+98.298,+100.541,+97.190,+119.290,+108.514,+154.340,+102.610,+150.783,+104.256,+114.486,+100.267,+130.470,+3.258,+14.658,+2.353,+13.094,+19.000,+6.000,+99.682,+101.638,+127.980,+103.687,+109.371,+103.120,+8.064,+0.827
0,2093,+20.000,+20.000,+12.000,+12.000,+95.543,+100.422,+98.097,+101.038,+122.058,+149.553,+119.290,+129.755,+103.874,+119.972,+103.438,+111.845,+5.251,+15.924,+5.560,+11.261,+20.000,+12.000,+99.555,+99.567,+127.763,+120.393,+111.923,+106.405,+9.550,+7.329
0,2094,+27.000,+27.000,+7.000,+7.000,+99.100,+101.035,+97.887,+101.048,+109.672,+138.000,+101.048,+126.103,+103.152,+108.980,+99.548,+105.427,+2.534,+9.210,+1.309,+8.485,+27.000,+7.000,+100.067,+99.468,+120.783,+101.048,+106.066,+100.710,+5.346,+0.566
0,2095,+14.000,+14.000,+5.000,+5.000,+98.145,+101.234,+97.278,+101.425,+125.302,+131.603,+98.140,+122.397,+106.965,+113.823,+97.815,+110.382,+6.866,+10.779,+0.319,+7.977,+14.000,+5.000,+100.694,+97.499,+128.452,+99.594,+110.394,+99.107,+8.400,+0.808
0,2096,+6.000,+6.000,+12.000,+12.000,+101.879,+102.088,+99.779,+104.438,+104.680,+104.680,+109.995,+115.736,+103.077,+103.654,+102.026,+111.252,+1.003,+1.061,+2.991,+3.927,+6.000,+12.000,+101.984,+103.205,+104.680,+113.955,+103.365,+106.463,+0.922,+3.514
0,2097,+12.000,+12.000,+11.000,+11.000,+98.949,+99.234,+97.383,+102.800,+102.877,+126.093,+103.919,+122.855,+100.726,+110.945,+101.912,+107.009,+1.214,+9.281,+1.746,+5.364,+12.000,+11.000,+99.091,+101.091,+113.769,+107.421,+105.836,+103.936,+4.965,+1.646
0,2098,+8.000,+8.000,+12.000,+12.000,+96.192,+96.762,+96.083,+101.783,+104.061,+125.066,+105.328,+136.135,+100.837,+110.424,+99.996,+113.993,+2.692,+11.510,+3.083,+12.123,+8.000,+12.000,+96.477,+98.765,+114.564,+105.658,+105.631,+102.213,+6.608,+2.839
0,2099,+6.000,+6.000,+9.000,+9.000,+102.101,+103.230,+98.583,+103.216,+106.614,+107.340,+102.877,+115.478,+103.371,+105.050,+100.031,+106.970,+1.627,+1.880,+1.570,+3.943,+6.000,+9.000,+102.665,+98.975,+106.977,+103.558,+104.210,+101.757,+1.543,+1.386
0,2100,+9.000,+9.000,+8.000,+8.000,+96.065,+102.877,+98.855,+99.430,+102.101,+135.424,+101.197,+127.281,+100.605,+118.245,+99.563,+106.850,+1.990,+13.383,+0.650,+8.629,+9.000,+8.000,+100.825,+99.366,+118.762,+101.434,+109.425,+100.348,+6.936,+0.720
0,2101,+14.000,+14.000,+9.000,+9.000,+96.917,+99.605,+101.757,+107.196,+129.603,+137.530,+103.394,+131.059,+103.456,+111.011,+102.595,+119.018,+7.393,+14.416,+0.633,+8.214,+14.000,+9.000,+98.261,+101.840,+133.566,+106.332,+107.233,+103.624,+9.811,+1.520
0,2102,+6.000,+6.000,+6.000,+6.000,+96.583,+100.767,+99.133,+103.528,+111.109,+144.691,+103.169,+128.566,+101.230,+122.729,+101.166,+117.345,+4.680,+21.962,+1.648,+8.409,+6.000,+6.000,+98.675,+99.766,+127.900,+113.939,+111.979,+107.415,+12.520,+5.841
0,2103,+8.000,+8.000,+9.000,+9.000,+99.953,+100.767,+96.443,+100.821,+109.796,+125.135,+108.779,+128.629,+102.062,+110.847,+101.426,+114.927,+3.016,+9.616,+3.786,+9.890,+8.000,+9.000,+100.767,+100.591,+114.438,+114.878,+106.455,+105.278,+5.657,+5.242
0,2104,+9.000,+9.000,+3.000,+3.000,+100.080,+100.080,+98.651,+101.384,+102.761,+105.197,+101.197,+128.072,+100.836,+103.436,+99.838,+111.275,+0.736,+1.785,+1.047,+11.940,+9.000,+3.000,+100.080,+99.924,+103.943,+106.191,+102.136,+102.179,+1.108,+2.844
0,2105,+10.000,+10.000,+14.000,+14.000,+100.080,+101.493,+101.180,+110.701,+106.305,+111.327,+117.072,+151.707,+102.200,+108.199,+107.187,+127.991,+1.979,+2.903,+3.942,+13.116,+10.000,+14.000,+100.787,+107.923,+108.816,+119.766,+105.200,+113.807,+2.119,+3.927
0,2106,+13.000,+13.000,+9.000,+9.000,+99.117,+100.080,+107.990,+109.993,+105.057,+115.854,+115.813,+127.544,+101.951,+107.152,+111.134,+119.026,+1.582,+4.854,+3.098,+4.772,+13.000,+9.000,+100.080,+108.654,+109.017,+119.519,+104.552,+112.785,+2.756,+4.206
0,2107,+12.000,+12.000,+6.000,+6.000,+98.413,+102.180,+101.197,+102.719,+113.303,+158.756,+106.686,+121.312,+104.041,+115.304,+102.314,+111.848,+4.576,+14.682,+1.981,+5.564,+12.000,+6.000,+100.297,+101.958,+136.030,+107.025,+109.672,+104.098,+9.039,+2.165
0,2108,+3.000,+3.000,+7.000,+7.000,+100.080,+102.588,+99.161,+104.287,+102.296,+102.588,+104.438,+115.818,+100.819,+102.588,+102.123,+108.679,+1.045,+0.000,+1.686,+4.298,+3.000,+7.000,+101.334,+101.724,+102.442,+105.967,+101.704,+103.817,+0.522,+1.426
0,2109,+11.000,+11.000,+14.000,+14.000,+100.080,+100.080,+96.185,+104.287,+102.296,+120.404,+104.298,+128.042,+101.109,+104.450,+101.265,+108.138,+0.808,+5.344,+3.028,+6.248,+11.000,+14.000,+100.080,+100.241,+111.129,+112.155,+102.780,+104.114,+2.821,+2.655
0,2110,+12.000,+12.000,+11.000,+11.000,+101.061,+103.149,+102.241,+104.768,+109.237,+131.862,+112.964,+151.207,+105.395,+112.190,+105.140,+126.259,+2.665,+8.151,+2.782,+16.093,+12.000,+11.000,+102.105,+103.991,+117.853,+113.333,+108.792,+107.373,+4.611,+3.094
0,2111,+7.000,+7.000,+12.000,+12.000,+99.743,+101.324,+97.452,+100.606,+106.319,+106.319,+100.093,+137.367,+102.016,+103.691,+98.989,+110.346,+2.483,+2.282,+0.580,+9.042,+7.000,+12.000,+100.533,+100.350,+106.319,+108.055,+102.854,+102.869,+2.348,+2.094
0,2112,+9.000,+9.000,+0.000,+0.000,+100.917,+102.182,NaN,NaN,+102.976,+113.329,NaN,NaN,+101.734,+104.952,NaN,NaN,+0.566,+4.149,NaN,NaN,+9.000,+0.000,+101.806,NaN,+107.123,NaN,+103.343,NaN,+2.061,NaN
0,2113,+8.000,+8.000,+18.000,+18.000,+100.917,+103.435,+95.512,+103.898,+104.339,+115.396,+104.366,+125.749,+102.744,+107.000,+100.827,+110.375,+1.235,+3.960,+2.671,+5.843,+8.000,+18.000,+102.176,+101.761,+109.416,+104.659,+104.872,+102.999,+2.395,+0.847
0,2114,+12.000,+12.000,+4.000,+4.000,+97.239,+98.678,+95.832,+106.002,+103.616,+145.130,+112.794,+139.202,+101.673,+108.438,+101.623,+130.102,+1.782,+12.588,+6.929,+13.975,+12.000,+4.000,+97.958,+100.917,+123.108,+121.437,+105.055,+107.774,+6.544,+8.014
0,2115,+6.000,+6.000,+9.000,+9.000,+99.011,+101.342,+97.894,+101.539,+103.632,+145.648,+105.998,+136.732,+101.327,+109.974,+101.273,+109.996,+1.613,+16.090,+2.936,+10.259,+6.000,+9.000,+100.176,+99.807,+124.044,+106.935,+105.650,+104.068,+8.412,+2.268
0,2116,+13.000,+13.000,+7.000,+7.000,+96.466,+99.239,+95.896,+101.815,+104.859,+137.897,+104.433,+114.399,+100.389,+108.150,+99.227,+107.611,+2.599,+12.886,+2.769,+4.688,+13.000,+7.000,+97.853,+98.581,+119.550,+104.433,+104.270,+101.652,+6.887,+1.952
0,2117,+4.000,+4.000,+7.000,+7.000,+97.581,+99.757,+97.448,+98.670,+101.361,+115.814,+100.961,+133.169,+100.376,+110.660,+99.287,+114.291,+1.615,+6.365,+1.639,+13.015,+4.000,+7.000,+98.669,+98.059,+108.508,+103.101,+105.518,+100.717,+3.979,+1.698
0,2118,+11.000,+11.000,+6.000,+6.000,+97.022,+98.232,+97.911,+101.994,+110.805,+157.349,+101.798,+117.473,+102.247,+117.870,+99.475,+108.352,+3.695,+24.227,+1.323,+5.430,+11.000,+6.000,+98.018,+100.756,+134.077,+104.452,+110.059,+101.375,+13.420,+1.376
0,2119,+3.000,+3.000,+0.000,+0.000,+99.363,+99.743,NaN,NaN,+99.743,+99.743,NaN,NaN,+99.616,+99.743,NaN,NaN,+0.179,+0.000,NaN,NaN,+3.000,+0.000,+99.553,NaN,+99.743,NaN,+99.680,NaN,+0.089,NaN
0,2120,+7.000,+7.000,+3.000,+3.000,+99.439,+99.439,+99.378,+110.754,+101.988,+126.469,+99.436,+133.544,+99.934,+117.714,+99.397,+124.317,+0.850,+9.143,+0.027,+9.796,+7.000,+3.000,+99.439,+99.560,+113.106,+99.589,+108.824,+99.570,+4.546,+0.014
0,2121,+10.000,+10.000,+1.000,+1.000,+99.363,+101.988,+102.306,+102.620,+159.031,+204.434,+102.306,+102.620,+108.381,+128.047,+102.306,+102.620,+17.213,+39.181,+0.000,+0.000,+10.000,+1.000,+100.676,+102.463,+171.089,+102.463,+118.214,+102.463,+25.802,+0.000
0,2122,+8.000,+8.000,+5.000,+5.000,+99.124,+100.292,+97.419,+100.419,+117.051,+120.204,+104.135,+105.613,+104.654,+110.682,+99.909,+103.316,+5.739,+8.189,+2.317,+2.380,+8.000,+5.000,+99.708,+99.617,+118.627,+104.312,+107.668,+101.128,+6.165,+1.636
0,2123,+10.000,+10.000,+7.000,+7.000,+97.107,+99.056,+99.181,+101.768,+107.138,+151.861,+103.494,+113.169,+102.687,+120.270,+101.935,+105.128,+3.213,+21.062,+1.339,+3.549,+10.000,+7.000,+98.082,+101.105,+129.500,+103.953,+111.478,+102.656,+10.965,+0.914
0,2124,+16.000,+16.000,+6.000,+6.000,+96.738,+98.691,+98.815,+103.494,+108.711,+111.058,+103.209,+128.356,+103.396,+106.865,+100.831,+110.640,+3.517,+4.020,+2.025,+9.383,+16.000,+6.000,+97.715,+103.005,+109.768,+103.953,+105.131,+103.303,+3.662,+0.323
0,2125,+11.000,+11.000,+1.000,+1.000,+95.919,+97.239,+98.931,+104.785,+106.220,+159.966,+98.931,+104.785,+102.005,+115.839,+98.931,+104.785,+2.708,+17.437,+0.000,+0.000,+11.000,+1.000,+96.579,+101.858,+133.093,+101.858,+108.922,+101.858,+9.591,+0.000
0,2126,+15.000,+15.000,+0.000,+0.000,+99.488,+101.231,NaN,NaN,+107.672,+108.589,NaN,NaN,+101.712,+103.933,NaN,NaN,+1.903,+2.498,NaN,NaN,+15.000,+0.000,+100.888,NaN,+108.131,NaN,+102.823,NaN,+2.003,NaN
0,2127,+7.000,+7.000,+8.000,+8.000,+97.085,+99.493,+98.055,+101.804,+101.415,+102.201,+98.697,+110.486,+99.529,+100.943,+98.200,+106.068,+1.442,+1.090,+0.199,+3.850,+7.000,+8.000,+98.737,+98.070,+101.808,+104.286,+100.236,+99.978,+1.029,+1.875
0,2128,+14.000,+14.000,+9.000,+9.000,+98.180,+100.361,+99.608,+100.748,+108.607,+114.478,+112.486,+155.194,+100.125,+104.758,+107.461,+130.273,+2.506,+5.229,+3.694,+14.769,+14.000,+9.000,+99.330,+100.178,+111.542,+124.181,+102.441,+112.671,+3.473,+7.126
0,2129,+15.000,+15.000,+0.000,+0.000,+96.789,+98.444,NaN,NaN,+104.450,+108.550,NaN,NaN,+101.500,+103.640,NaN,NaN,+2.240,+3.181,NaN,NaN,+15.000,+0.000,+97.616,NaN,+106.500,NaN,+102.570,NaN,+2.594,NaN
0,2130,+3.000,+3.000,+0.000,+0.000,+98.320,+100.605,NaN,NaN,+99.723,+100.605,NaN,NaN,+98.803,+100.605,NaN,NaN,+0.651,+0.000,NaN,NaN,+3.000,+0.000,+99.463,NaN,+100.164,NaN,+99.704,NaN,+0.325,NaN
0,2131,+9.000,+9.000,+6.000,+6.000,+97.079,+99.723,+96.651,+99.535,+100.689,+137.096,+99.723,+107.140,+99.353,+109.533,+98.648,+103.409,+1.579,+13.492,+1.090,+3.732,+9.000,+6.000,+98.455,+98.187,+118.851,+103.338,+104.443,+100.393,+6.783,+2.131
0,2132,+12.000,+12.000,+6.000,+6.000,+99.677,+100.689,+102.131,+108.154,+103.777,+107.400,+108.255,+124.968,+101.070,+102.906,+105.791,+118.252,+1.186,+1.966,+2.348,+5.740,+12.000,+6.000,+100.474,+104.635,+105.588,+114.647,+101.988,+108.952,+1.477,+3.256
0,2133,+19.000,+19.000,+4.000,+4.000,+96.490,+101.454,+97.300,+101.001,+110.041,+136.803,+99.535,+102.939,+103.338,+110.471,+98.976,+102.455,+3.046,+9.330,+0.968,+0.839,+19.000,+4.000,+98.972,+99.150,+120.228,+101.970,+106.904,+101.137,+5.275,+1.152
0,2134,+9.000,+9.000,+0.000,+0.000,+95.255,+96.176,NaN,NaN,+101.001,+150.843,NaN,NaN,+98.479,+104.609,NaN,NaN,+1.808,+16.415,NaN,NaN,+9.000,+0.000,+95.716,NaN,+125.871,NaN,+101.544,NaN,+8.727,NaN
0,2135,+11.000,+11.000,+3.000,+3.000,+96.211,+100.053,+99.535,+102.070,+108.026,+127.053,+99.535,+102.070,+100.539,+107.995,+99.535,+102.070,+3.273,+9.098,+0.000,+0.000,+11.000,+3.000,+99.085,+100.268,+117.540,+100.802,+104.267,+100.473,+5.934,+0.235
0,2136,+10.000,+10.000,+6.000,+6.000,+96.162,+98.903,+98.175,+101.157,+108.559,+120.503,+101.001,+117.313,+101.370,+103.819,+99.216,+105.679,+3.884,+6.167,+0.957,+6.324,+10.000,+6.000,+97.533,+98.855,+114.531,+101.231,+102.594,+100.025,+4.894,+0.718
0,2137,+13.000,+13.000,+0.000,+0.000,+96.223,+99.166,NaN,NaN,+110.871,+135.519,NaN,NaN,+102.989,+115.777,NaN,NaN,+4.235,+12.933,NaN,NaN,+13.000,+0.000,+98.456,NaN,+119.202,NaN,+109.383,NaN,+7.227,NaN
0,2138,+16.000,+16.000,+3.000,+3.000,+98.632,+103.332,+99.311,+131.087,+107.621,+141.643,+99.311,+131.087,+102.813,+112.876,+99.311,+131.087,+3.215,+11.666,+0.000,+0.000,+16.000,+3.000,+101.184,+99.371,+123.686,+99.371,+107.844,+99.371,+6.335,+0.000
0,2139,+14.000,+14.000,+3.000,+3.000,+95.748,+96.223,+99.851,+100.851,+103.883,+115.260,+100.851,+100.851,+99.574,+102.420,+100.518,+100.851,+2.439,+4.403,+0.471,+0.000,+14.000,+3.000,+95.985,+100.351,+108.130,+100.851,+100.997,+100.685,+2.890,+0.236
0,2140,+9.000,+9.000,+6.000,+6.000,+97.232,+99.311,+98.275,+106.648,+99.641,+122.218,+121.328,+121.328,+98.945,+110.896,+111.624,+117.116,+0.819,+9.825,+7.326,+5.248,+9.000,+6.000,+98.272,+102.461,+110.930,+121.328,+104.921,+114.370,+5.137,+5.829
0,2141,+18.000,+18.000,+3.000,+3.000,+96.122,+96.747,+105.960,+116.231,+102.459,+111.526,+114.631,+116.231,+98.771,+103.463,+111.741,+116.231,+1.962,+5.377,+4.088,+0.000,+18.000,+3.000,+96.437,+111.096,+106.263,+115.431,+101.117,+113.986,+3.473,+2.044
0,2142,+12.000,+12.000,+0.000,+0.000,+97.454,+98.023,NaN,NaN,+104.916,+138.565,NaN,NaN,+99.118,+107.327,NaN,NaN,+2.278,+13.442,NaN,NaN,+12.000,+0.000,+97.912,NaN,+121.741,NaN,+103.223,NaN,+7.508,NaN
0,2143,+9.000,+9.000,+3.000,+3.000,+98.361,+98.946,+98.439,+102.091,+123.560,+139.378,+98.768,+102.936,+102.316,+112.586,+98.658,+102.655,+7.626,+18.945,+0.155,+0.399,+9.000,+3.000,+98.692,+100.349,+131.469,+100.852,+107.451,+100.544,+12.258,+0.221
0,2144,+14.000,+14.000,+3.000,+3.000,+97.748,+99.026,+98.930,+102.151,+100.921,+106.623,+101.713,+139.186,+98.902,+100.714,+100.785,+114.727,+0.999,+2.496,+1.312,+17.297,+14.000,+3.000,+98.387,+101.932,+102.992,+119.058,+99.808,+107.756,+1.519,+7.993
0,2145,+15.000,+15.000,+1.000,+1.000,+97.678,+101.448,+103.560,+103.560,+106.336,+150.029,+103.560,+103.560,+101.284,+112.683,+103.560,+103.560,+1.991,+18.796,+0.000,+0.000,+15.000,+1.000,+99.660,+103.560,+125.796,+103.560,+106.983,+103.560,+9.552,+0.000
0,2146,+16.000,+16.000,+3.000,+3.000,+97.329,+99.737,+99.532,+108.560,+103.000,+128.783,+99.532,+108.560,+100.584,+104.545,+99.532,+108.560,+1.390,+6.624,+0.000,+0.000,+16.000,+3.000,+98.533,+100.165,+114.745,+100.165,+102.564,+100.165,+3.545,+0.000
0,2147,+6.000,+6.000,+3.000,+3.000,+98.350,+103.560,+100.408,+100.798,+110.634,+147.268,+100.408,+100.798,+103.936,+125.602,+100.408,+100.798,+3.987,+21.668,+0.000,+0.000,+6.000,+3.000,+100.955,+100.603,+128.951,+100.603,+114.769,+100.603,+12.397,+0.000
0,2148,+15.000,+15.000,+4.000,+4.000,+97.080,+97.360,+97.914,+101.713,+111.288,+143.360,+100.451,+105.727,+101.417,+111.860,+98.548,+102.716,+4.353,+12.271,+1.099,+1.738,+15.000,+4.000,+97.220,+98.086,+120.957,+101.082,+106.638,+99.383,+7.205,+1.078
0,2149,+16.000,+16.000,+4.000,+4.000,+97.847,+101.129,+100.297,+105.439,+105.338,+133.048,+100.418,+112.987,+102.004,+109.081,+100.388,+109.482,+2.500,+11.579,+0.052,+2.747,+16.000,+4.000,+100.506,+101.065,+119.193,+101.414,+105.542,+101.153,+6.536,+0.151
0,2150,+15.000,+15.000,+7.000,+7.000,+99.720,+100.765,+98.791,+101.713,+105.908,+117.380,+100.297,+159.400,+102.404,+106.949,+100.025,+115.628,+2.066,+5.724,+0.507,+19.655,+15.000,+7.000,+100.242,+100.230,+111.253,+101.025,+104.676,+100.584,+3.359,+0.377
0,2151,+16.000,+16.000,+3.000,+3.000,+96.918,+99.287,+100.989,+128.582,+117.062,+148.273,+106.169,+142.851,+103.954,+117.831,+104.442,+133.341,+5.312,+18.803,+2.442,+6.724,+16.000,+3.000,+98.102,+109.364,+131.565,+114.785,+110.892,+111.868,+11.118,+2.232
0,2152,+7.000,+7.000,+3.000,+3.000,+99.608,+102.256,+98.996,+99.809,+102.035,+104.618,+102.225,+116.016,+100.689,+103.538,+100.073,+106.215,+0.708,+1.121,+1.522,+7.039,+7.000,+3.000,+101.160,+99.403,+102.746,+106.021,+102.113,+101.961,+0.587,+2.903
0,2153,+16.000,+16.000,+3.000,+3.000,+97.170,+99.608,+101.773,+102.879,+104.618,+125.227,+102.879,+102.879,+101.309,+106.625,+102.146,+102.879,+2.612,+7.431,+0.518,+0.000,+16.000,+3.000,+98.389,+102.248,+114.488,+102.879,+103.967,+102.486,+4.305,+0.280
0,2154,+9.000,+9.000,+9.000,+9.000,+98.845,+99.866,+101.618,+102.879,+103.591,+117.368,+104.962,+115.185,+100.610,+105.177,+103.332,+106.283,+1.479,+5.642,+1.470,+3.963,+9.000,+9.000,+99.356,+102.316,+109.224,+105.160,+102.894,+103.763,+3.315,+1.209
0,2155,+12.000,+12.000,+6.000,+6.000,+95.458,+99.608,+99.601,+99.601,+112.838,+133.366,+101.739,+110.145,+102.412,+112.813,+100.787,+104.473,+4.401,+12.099,+0.626,+3.187,+12.000,+6.000,+97.832,+99.601,+123.102,+101.979,+107.613,+101.323,+7.736,+0.811
0,2156,+8.000,+8.000,+0.000,+0.000,+98.026,+99.974,NaN,NaN,+104.604,+138.579,NaN,NaN,+100.205,+114.937,NaN,NaN,+1.931,+18.316,NaN,NaN,+8.000,+0.000,+99.000,NaN,+121.592,NaN,+107.571,NaN,+9.707,NaN
0,2157,+16.000,+16.000,+8.000,+8.000,+96.945,+98.916,+101.139,+104.911,+124.608,+129.530,+105.711,+113.644,+101.905,+109.642,+103.896,+107.915,+6.768,+10.699,+1.644,+3.397,+16.000,+8.000,+98.578,+102.527,+127.069,+105.712,+105.774,+104.861,+7.856,+1.070
0,2158,+17.000,+17.000,+4.000,+4.000,+96.075,+97.273,+102.455,+102.799,+104.192,+133.199,+105.713,+129.036,+100.190,+107.691,+104.089,+122.476,+2.359,+8.039,+1.625,+11.361,+17.000,+4.000,+96.674,+102.627,+118.695,+111.082,+103.941,+107.221,+4.791,+3.896
0,2159,+7.000,+7.000,+2.000,+2.000,+96.252,+99.512,+103.847,+106.685,+99.771,+105.368,+103.847,+107.830,+98.180,+100.460,+103.847,+107.257,+1.021,+2.007,+0.000,+0.572,+7.000,+2.000,+98.012,+103.977,+101.893,+103.977,+99.320,+103.977,+1.170,+0.000
0,2160,+17.000,+17.000,+0.000,+0.000,+95.592,+101.112,NaN,NaN,+104.958,+114.861,NaN,NaN,+100.223,+104.047,NaN,NaN,+2.336,+4.674,NaN,NaN,+17.000,+0.000,+98.427,NaN,+108.061,NaN,+102.135,NaN,+2.974,NaN
0,2161,+21.000,+21.000,+3.000,+3.000,+97.045,+98.712,+100.151,+107.145,+108.315,+166.282,+100.151,+107.145,+101.861,+113.419,+100.151,+107.145,+2.613,+18.911,+0.000,+0.000,+21.000,+3.000,+97.878,+101.116,+135.428,+101.116,+107.640,+101.116,+10.268,+0.000
0,2162,+14.000,+14.000,+3.000,+3.000,+96.094,+98.699,+97.818,+181.391,+104.736,+119.257,+98.851,+181.391,+99.885,+104.342,+98.162,+181.391,+2.688,+5.508,+0.487,+0.000,+14.000,+3.000,+97.397,+98.467,+111.997,+98.983,+102.113,+98.639,+3.644,+0.244
0,2163,+18.000,+18.000,+0.000,+0.000,+98.880,+101.572,NaN,NaN,+110.357,+123.938,NaN,NaN,+102.499,+107.592,NaN,NaN,+2.836,+7.752,NaN,NaN,+18.000,+0.000,+100.624,NaN,+117.148,NaN,+105.045,NaN,+4.938,NaN
0,2164,+9.000,+9.000,+3.000,+3.000,+98.298,+101.572,+97.818,+104.536,+106.696,+133.672,+97.818,+104.536,+101.036,+112.628,+97.818,+104.536,+2.526,+14.881,+0.000,+0.000,+9.000,+3.000,+99.935,+99.386,+120.184,+99.386,+106.832,+99.386,+8.295,+0.000
0,2165,+15.000,+15.000,+3.000,+3.000,+97.612,+98.520,+100.374,+103.382,+108.173,+125.172,+100.374,+138.563,+101.146,+106.378,+100.374,+117.855,+2.905,+7.537,+0.000,+15.024,+15.000,+3.000,+98.066,+101.739,+116.029,+101.739,+103.762,+101.739,+4.938,+0.000
0,2166,+11.000,+11.000,+5.000,+5.000,+98.430,+98.615,+98.954,+99.432,+101.784,+106.767,+110.164,+173.295,+99.963,+100.981,+103.537,+126.122,+1.180,+2.138,+5.411,+31.691,+11.000,+5.000,+98.522,+99.193,+104.276,+112.836,+100.472,+105.072,+1.555,+6.351
0,2167,+12.000,+12.000,+6.000,+6.000,+97.408,+99.613,+99.635,+106.908,+102.455,+110.873,+112.104,+114.002,+99.785,+102.954,+106.467,+108.290,+1.425,+3.641,+3.630,+2.561,+12.000,+6.000,+98.591,+105.567,+105.749,+113.053,+101.369,+107.775,+2.148,+2.420
0,2168,+8.000,+8.000,+6.000,+6.000,+97.065,+97.408,+97.435,+101.971,+101.581,+114.323,+101.971,+117.098,+98.065,+101.093,+100.456,+109.534,+1.607,+5.465,+2.136,+7.563,+8.000,+6.000,+97.237,+100.786,+105.799,+103.586,+99.579,+101.858,+3.006,+0.926
0,2169,+22.000,+22.000,+3.000,+3.000,+97.410,+98.580,+97.116,+103.793,+109.653,+135.437,+97.197,+118.530,+101.276,+109.260,+97.143,+108.753,+2.523,+10.983,+0.038,+6.914,+22.000,+3.000,+97.995,+97.157,+120.042,+99.584,+105.268,+97.966,+6.311,+1.144
0,2170,+8.000,+8.000,+10.000,+10.000,+96.131,+96.743,+98.538,+101.971,+104.131,+128.116,+102.828,+162.759,+99.429,+108.481,+101.198,+135.426,+2.989,+9.693,+1.765,+22.433,+8.000,+10.000,+96.437,+101.690,+112.637,+103.058,+103.955,+102.502,+5.339,+0.360
0,2171,+7.000,+7.000,+10.000,+10.000,+95.773,+99.836,+98.986,+103.576,+102.876,+111.371,+103.576,+151.867,+99.328,+103.763,+101.553,+111.012,+1.907,+4.832,+1.389,+14.054,+7.000,+10.000,+98.452,+101.635,+107.123,+104.966,+101.546,+103.030,+3.089,+1.181
0,2172,+12.000,+12.000,+2.000,+2.000,+99.868,+101.066,+102.729,+106.747,+103.957,+139.479,+106.355,+108.019,+101.715,+112.673,+104.542,+107.383,+1.411,+13.359,+1.813,+0.636,+12.000,+2.000,+100.742,+103.583,+120.201,+106.457,+107.194,+105.020,+6.852,+1.437
0,2173,+19.000,+19.000,+0.000,+0.000,+97.790,+101.003,NaN,NaN,+104.175,+114.880,NaN,NaN,+101.391,+106.338,NaN,NaN,+1.794,+3.764,NaN,NaN,+19.000,+0.000,+100.196,NaN,+107.936,NaN,+103.865,NaN,+2.243,NaN
0,2174,+8.000,+8.000,+4.000,+4.000,+99.376,+102.164,+98.121,+102.511,+102.626,+118.383,+102.686,+109.453,+101.290,+106.922,+101.178,+106.601,+1.195,+5.053,+1.791,+2.983,+8.000,+4.000,+100.770,+100.316,+110.313,+103.041,+104.106,+102.118,+2.902,+1.059
0,2175,+19.000,+19.000,+3.000,+3.000,+97.298,+99.388,+98.627,+103.737,+107.836,+140.717,+101.954,+114.772,+101.018,+108.238,+99.825,+108.409,+2.462,+13.556,+1.509,+4.661,+19.000,+3.000,+98.760,+100.290,+124.276,+102.232,+104.628,+101.075,+7.510,+0.835
0,2176,+7.000,+7.000,+5.000,+5.000,+96.855,+102.556,+97.740,+101.680,+99.441,+108.934,+102.964,+124.711,+98.409,+103.497,+101.105,+109.669,+0.878,+2.220,+1.773,+7.832,+7.000,+5.000,+100.149,+99.710,+102.894,+103.352,+100.953,+102.316,+0.847,+1.350
0,2177,+16.000,+16.000,+3.000,+3.000,+96.741,+96.855,+101.272,+140.339,+102.287,+107.643,+107.492,+143.339,+98.967,+101.113,+105.418,+141.339,+1.764,+3.171,+2.932,+1.414,+16.000,+3.000,+96.798,+111.213,+104.492,+120.805,+100.040,+114.411,+2.262,+4.522
0,2178,+15.000,+15.000,+3.000,+3.000,+97.897,+100.876,+97.849,+113.190,+102.511,+144.102,+101.341,+131.135,+101.506,+114.021,+100.177,+121.923,+1.294,+14.626,+1.646,+7.334,+15.000,+3.000,+99.387,+100.084,+123.306,+105.754,+107.764,+102.811,+7.550,+2.319
0,2179,+14.000,+14.000,+0.000,+0.000,+97.498,+100.741,NaN,NaN,+107.126,+124.239,NaN,NaN,+100.631,+110.189,NaN,NaN,+2.647,+9.338,NaN,NaN,+14.000,+0.000,+99.120,NaN,+113.375,NaN,+105.410,NaN,+5.532,NaN
0,2180,+10.000,+10.000,+6.000,+6.000,+97.217,+101.589,+101.346,+102.626,+105.907,+157.567,+104.061,+119.593,+100.715,+126.919,+102.526,+108.890,+2.654,+21.456,+0.837,+6.759,+10.000,+6.000,+101.138,+101.986,+131.737,+104.845,+113.817,+103.259,+11.310,+0.975
0,2181,+3.000,+3.000,+12.000,+12.000,+99.732,+101.341,+101.341,+120.104,+100.955,+101.341,+128.301,+149.006,+100.156,+101.341,+111.570,+130.341,+0.565,+0.000,+7.620,+9.530,+3.000,+12.000,+100.536,+113.269,+101.148,+137.586,+100.748,+121.412,+0.283,+7.863
0,2182,+21.000,+21.000,+10.000,+10.000,+96.194,+99.644,+100.418,+101.932,+128.393,+141.173,+112.004,+137.406,+103.383,+113.352,+106.972,+122.319,+7.959,+13.366,+3.668,+11.928,+21.000,+10.000,+98.324,+101.175,+134.783,+117.986,+108.367,+109.967,+9.833,+4.954
0,2183,+9.000,+9.000,+6.000,+6.000,+96.895,+98.536,+104.093,+105.612,+113.135,+132.353,+106.184,+108.876,+100.956,+112.236,+104.811,+107.812,+4.785,+14.376,+0.972,+1.114,+9.000,+6.000,+97.939,+104.157,+122.744,+106.773,+106.596,+105.620,+8.508,+1.009
0,2184,+12.000,+12.000,+6.000,+6.000,+97.949,+101.715,+104.093,+104.093,+101.715,+123.242,+104.093,+136.802,+100.499,+111.284,+104.093,+120.448,+1.256,+7.068,+0.000,+16.355,+12.000,+6.000,+101.365,+104.093,+112.317,+104.093,+105.892,+104.093,+3.570,+0.000
0,2185,+15.000,+15.000,+6.000,+6.000,+97.338,+99.287,+105.277,+124.705,+113.770,+125.308,+112.003,+158.238,+101.931,+108.784,+109.041,+134.327,+3.499,+9.087,+2.133,+12.022,+15.000,+6.000,+98.313,+115.458,+119.539,+118.354,+105.357,+117.221,+5.695,+1.263
0,2186,+9.000,+9.000,+6.000,+6.000,+97.093,+99.966,+101.715,+103.568,+101.715,+110.575,+103.141,+132.882,+98.931,+103.564,+102.321,+113.233,+1.329,+3.973,+0.643,+11.024,+9.000,+6.000,+99.319,+102.821,+104.790,+105.055,+101.247,+103.549,+2.039,+0.701
0,2187,+9.000,+9.000,+9.000,+9.000,+99.010,+99.233,+101.521,+104.821,+103.367,+115.358,+105.386,+151.876,+101.612,+105.776,+103.385,+115.455,+1.111,+6.373,+1.134,+15.615,+9.000,+9.000,+99.122,+103.171,+108.990,+105.553,+103.694,+104.346,+3.578,+0.753
0,2188,+14.000,+14.000,+6.000,+6.000,+99.233,+101.640,+104.746,+104.924,+130.336,+164.236,+104.746,+118.613,+106.517,+116.937,+104.746,+111.769,+7.989,+18.642,+0.000,+6.844,+14.000,+6.000,+100.437,+104.835,+138.954,+104.835,+111.727,+104.835,+11.706,+0.000
0,2189,+9.000,+9.000,+12.000,+12.000,+99.284,+101.390,+96.650,+113.384,+109.953,+141.390,+116.259,+156.677,+103.171,+112.742,+109.248,+132.921,+3.925,+15.611,+5.645,+15.391,+9.000,+12.000,+100.462,+108.919,+125.671,+124.844,+107.956,+116.017,+9.651,+5.039
0,2190,+16.000,+16.000,+12.000,+12.000,+97.681,+101.134,+100.335,+108.129,+105.843,+108.914,+109.468,+125.905,+101.302,+104.988,+106.035,+114.310,+2.013,+3.129,+2.853,+6.796,+16.000,+12.000,+99.408,+102.813,+107.378,+110.483,+103.145,+108.248,+2.166,+1.849
0,2191,+15.000,+15.000,+6.000,+6.000,+99.574,+102.802,+97.866,+103.158,+137.858,+145.559,+103.109,+119.030,+107.034,+118.047,+100.594,+107.659,+8.866,+15.529,+1.802,+5.602,+15.000,+6.000,+101.283,+100.497,+141.709,+103.267,+112.540,+101.926,+11.187,+1.076
0,2192,+13.000,+13.000,+7.000,+7.000,+97.648,+99.430,+103.632,+104.886,+102.055,+138.278,+111.121,+126.455,+100.182,+105.895,+107.017,+116.970,+1.224,+10.106,+2.640,+9.066,+13.000,+7.000,+99.430,+104.259,+119.415,+112.511,+103.038,+108.678,+5.205,+2.934
0,2193,+6.000,+6.000,+3.000,+3.000,+97.836,+98.364,+101.469,+111.937,+100.552,+102.145,+101.469,+111.937,+98.631,+100.412,+101.469,+111.937,+0.926,+1.741,+0.000,+0.000,+6.000,+3.000,+98.100,+103.256,+101.349,+103.592,+99.522,+103.368,+1.231,+0.158
0,2194,+3.000,+3.000,+1.000,+1.000,+98.500,+100.552,+95.857,+95.961,+100.552,+100.552,+95.857,+95.961,+99.700,+100.552,+95.857,+95.961,+0.873,+0.000,+0.000,+0.000,+3.000,+1.000,+99.526,+95.909,+100.552,+95.909,+100.126,+95.909,+0.437,+0.000
0,2195,+6.000,+6.000,+12.000,+12.000,+98.440,+104.769,+98.028,+106.166,+111.770,+123.328,+107.623,+127.567,+103.805,+112.902,+101.948,+116.347,+5.093,+7.335,+3.313,+7.085,+6.000,+12.000,+101.604,+101.990,+115.498,+107.949,+108.353,+105.353,+5.052,+2.163
0,2196,+5.000,+5.000,+4.000,+4.000,+98.317,+98.836,+98.882,+102.360,+100.528,+102.145,+102.924,+117.273,+99.798,+101.304,+101.597,+113.545,+0.763,+1.282,+1.589,+6.457,+5.000,+4.000,+98.576,+100.587,+101.337,+103.632,+100.551,+102.324,+1.012,+1.108
0,2197,+7.000,+7.000,+11.000,+11.000,+97.366,+99.249,+96.639,+99.506,+100.817,+101.952,+104.340,+114.624,+99.245,+100.596,+99.733,+106.778,+1.225,+0.961,+3.009,+5.683,+7.000,+11.000,+98.708,+98.072,+101.231,+106.916,+99.920,+101.997,+1.030,+2.807
0,2198,+13.000,+13.000,+10.000,+10.000,+98.440,+99.840,+100.208,+103.280,+103.600,+114.856,+102.452,+133.664,+101.456,+105.066,+101.014,+118.124,+1.811,+4.956,+0.974,+11.268,+13.000,+10.000,+99.140,+101.330,+109.071,+104.124,+103.261,+102.607,+3.083,+0.840
0,2199,+15.000,+15.000,+2.000,+2.000,+95.682,+103.051,+98.584,+108.275,+103.743,+114.838,+98.584,+108.275,+101.786,+105.020,+98.584,+108.275,+2.569,+3.241,+0.000,+0.000,+15.000,+2.000,+99.667,+99.114,+109.290,+100.518,+103.403,+99.816,+1.921,+0.702
0,2200,+10.000,+10.000,+3.000,+3.000,+97.884,+99.071,+98.413,+105.854,+109.944,+126.798,+98.413,+147.025,+100.987,+107.585,+98.413,+124.026,+3.480,+7.507,+0.000,+17.151,+10.000,+3.000,+98.477,+98.413,+115.378,+98.413,+104.286,+98.413,+4.889,+0.000
0,2201,+9.000,+9.000,+10.000,+10.000,+98.909,+102.045,+100.969,+110.189,+104.884,+104.884,+114.455,+149.439,+102.052,+103.606,+105.346,+123.877,+1.928,+1.005,+3.696,+10.734,+9.000,+10.000,+100.477,+108.413,+104.884,+120.005,+102.829,+113.819,+1.440,+4.123
0,2202,+9.000,+9.000,+12.000,+12.000,+98.224,+100.420,+98.226,+104.054,+105.664,+138.820,+105.572,+111.465,+102.767,+113.605,+102.032,+107.030,+2.268,+12.030,+2.173,+2.912,+9.000,+12.000,+100.079,+103.253,+121.445,+108.147,+108.186,+104.327,+6.648,+1.677
0,2203,+8.000,+8.000,+6.000,+6.000,+97.299,+99.183,+97.589,+99.259,+104.517,+118.282,+98.413,+103.594,+99.859,+104.518,+97.885,+101.427,+2.430,+6.531,+0.376,+2.168,+8.000,+6.000,+98.241,+98.001,+109.173,+98.643,+102.189,+98.296,+4.132,+0.300
0,2204,+6.000,+6.000,+9.000,+9.000,+97.988,+101.318,+95.602,+101.465,+101.318,+101.318,+100.328,+147.231,+99.771,+101.318,+98.114,+116.279,+1.249,+0.000,+1.941,+14.966,+6.000,+9.000,+99.653,+97.008,+101.318,+100.602,+100.544,+99.929,+0.624,+1.149
0,2205,+7.000,+7.000,+13.000,+13.000,+97.382,+97.828,+97.892,+110.420,+101.415,+104.679,+114.933,+194.727,+98.861,+100.485,+104.673,+130.260,+1.470,+2.134,+5.706,+22.961,+7.000,+13.000,+97.605,+110.069,+103.047,+115.312,+99.673,+113.447,+1.753,+1.394
0,2206,+12.000,+12.000,+12.000,+12.000,+97.967,+101.318,+98.550,+100.358,+104.595,+125.385,+112.073,+175.196,+101.434,+105.193,+102.319,+132.715,+2.495,+6.202,+3.880,+27.098,+12.000,+12.000,+99.866,+99.454,+114.317,+139.755,+103.314,+111.674,+3.732,+13.119
0,2207,+3.000,+3.000,+4.000,+4.000,+101.170,+132.622,+98.531,+99.052,+101.964,+132.622,+103.411,+128.807,+101.435,+132.622,+101.753,+118.368,+0.374,+0.000,+1.993,+12.181,+3.000,+4.000,+116.896,+98.792,+117.293,+104.154,+117.029,+102.408,+0.187,+2.190
0,2208,+8.000,+8.000,+9.000,+9.000,+98.771,+99.789,+97.394,+106.296,+104.768,+108.830,+105.887,+155.395,+101.702,+104.293,+100.892,+130.288,+2.383,+2.874,+3.053,+18.609,+8.000,+9.000,+99.280,+101.295,+105.388,+106.092,+102.997,+104.138,+2.279,+1.547
0,2209,+7.000,+7.000,+10.000,+10.000,+99.759,+100.862,+99.520,+100.988,+103.722,+104.595,+103.946,+138.547,+101.314,+102.958,+102.258,+113.928,+1.717,+1.495,+1.479,+9.875,+7.000,+10.000,+100.310,+100.254,+104.158,+107.094,+102.136,+104.071,+1.445,+1.997
0,2210,+12.000,+12.000,+20.000,+20.000,+97.847,+101.513,+99.248,+106.344,+105.310,+106.102,+110.390,+142.098,+100.801,+102.165,+104.834,+124.252,+2.029,+1.345,+3.046,+10.815,+12.000,+20.000,+99.680,+104.529,+105.706,+114.294,+101.483,+107.935,+1.518,+2.561
0,2211,+15.000,+15.000,+15.000,+15.000,+98.202,+100.675,+95.602,+99.362,+103.123,+103.813,+104.716,+121.672,+101.431,+101.924,+100.604,+110.385,+1.312,+0.936,+3.148,+7.179,+15.000,+15.000,+99.438,+97.730,+103.445,+105.743,+101.677,+103.310,+1.093,+2.449
0,2212,+3.000,+3.000,+9.000,+9.000,+101.024,+139.782,+95.660,+99.450,+102.371,+139.782,+99.801,+123.492,+101.519,+139.782,+98.224,+106.646,+0.605,+0.000,+1.166,+6.738,+3.000,+9.000,+120.403,+98.707,+121.076,+103.398,+120.651,+99.896,+0.302,+1.458
0,2213,+12.000,+12.000,+9.000,+9.000,+96.767,+97.684,+95.713,+99.608,+102.968,+136.691,+106.722,+129.237,+100.413,+104.962,+101.870,+114.235,+2.464,+9.713,+3.397,+11.518,+12.000,+9.000,+97.225,+97.660,+119.829,+107.169,+102.688,+103.746,+5.490,+3.380
0,2214,+3.000,+3.000,+16.000,+16.000,+99.725,+102.857,+98.819,+101.215,+100.786,+102.857,+111.053,+135.661,+100.305,+102.857,+102.751,+116.391,+0.439,+0.000,+3.129,+10.637,+3.000,+16.000,+101.291,+100.939,+101.822,+111.292,+101.581,+105.748,+0.220,+2.920
0,2215,+11.000,+11.000,+8.000,+8.000,+96.739,+97.165,+101.857,+111.641,+102.290,+102.306,+103.949,+137.551,+99.609,+99.963,+102.537,+122.634,+1.916,+1.665,+0.835,+10.080,+11.000,+8.000,+96.952,+102.903,+102.298,+104.003,+99.786,+103.368,+1.775,+0.499
0,2216,+4.000,+4.000,+8.000,+8.000,+96.678,+98.685,+99.580,+104.287,+104.087,+113.039,+113.205,+156.695,+99.480,+102.274,+103.587,+126.396,+2.771,+6.216,+4.402,+21.615,+4.000,+8.000,+97.681,+101.174,+108.563,+114.855,+100.877,+108.232,+4.455,+5.557
0,2217,+6.000,+6.000,+14.000,+14.000,+97.717,+98.685,+98.853,+105.251,+100.682,+102.872,+114.039,+157.825,+98.435,+100.778,+103.602,+123.362,+1.053,+2.093,+4.499,+13.482,+6.000,+14.000,+98.201,+100.811,+101.777,+116.128,+99.607,+107.148,+1.394,+4.784
0,2218,+11.000,+11.000,+12.000,+12.000,+96.462,+97.717,+99.799,+102.714,+104.371,+107.183,+102.740,+124.781,+99.532,+101.054,+101.418,+112.680,+2.568,+3.313,+1.189,+6.196,+11.000,+12.000,+97.296,+100.393,+104.541,+103.055,+100.293,+102.363,+2.693,+0.843
0,2219,+4.000,+4.000,+9.000,+9.000,+98.544,+98.544,+96.982,+97.376,+99.437,+100.426,+101.775,+113.075,+98.767,+99.015,+98.303,+106.444,+0.387,+0.815,+1.366,+5.589,+4.000,+9.000,+98.544,+97.365,+99.931,+101.823,+98.891,+99.694,+0.601,+1.658
0,2220,+12.000,+12.000,+11.000,+11.000,+100.426,+101.635,+97.009,+99.364,+109.411,+114.411,+101.105,+139.502,+102.571,+105.372,+98.176,+114.483,+2.888,+3.885,+1.463,+13.298,+12.000,+11.000,+101.030,+97.348,+111.911,+102.238,+103.971,+100.530,+3.245,+1.654
0,2221,+8.000,+8.000,+12.000,+12.000,+95.093,+98.939,+97.211,+101.624,+109.202,+111.037,+100.571,+110.937,+101.773,+104.934,+98.789,+104.729,+3.725,+3.934,+0.810,+2.865,+8.000,+12.000,+97.016,+98.846,+110.120,+101.018,+103.354,+99.730,+3.560,+0.729
0,2222,+9.000,+9.000,+16.000,+16.000,+98.188,+101.179,+97.582,+103.547,+106.474,+109.691,+105.627,+157.714,+102.890,+105.119,+100.963,+118.562,+2.391,+2.452,+2.909,+19.254,+9.000,+16.000,+100.880,+97.628,+107.359,+108.994,+104.004,+103.591,+2.229,+3.056
0,2223,+9.000,+9.000,+9.000,+9.000,+96.100,+102.472,+101.418,+102.476,+107.901,+129.014,+104.007,+145.235,+101.063,+111.319,+102.078,+121.277,+3.130,+12.512,+0.765,+17.462,+9.000,+9.000,+99.286,+101.449,+118.458,+106.775,+106.191,+103.811,+7.456,+2.128
0,2224,+12.000,+12.000,+10.000,+10.000,+98.364,+100.938,+96.924,+102.243,+101.748,+106.149,+102.097,+159.693,+100.370,+103.050,+100.213,+118.181,+1.320,+1.868,+2.169,+22.334,+12.000,+10.000,+100.196,+99.367,+103.948,+102.933,+101.710,+101.761,+1.285,+0.963
0,2225,+12.000,+12.000,+19.000,+19.000,+100.217,+101.587,+96.375,+102.763,+110.134,+127.996,+106.177,+141.183,+102.224,+109.783,+100.289,+123.088,+2.663,+9.527,+2.965,+12.390,+12.000,+19.000,+100.902,+101.326,+116.380,+110.776,+106.004,+104.581,+5.686,+2.635
0,2226,+13.000,+13.000,+9.000,+9.000,+100.489,+100.840,+97.767,+115.822,+105.481,+107.001,+101.262,+121.367,+103.689,+105.008,+99.355,+117.961,+1.350,+1.790,+1.445,+2.434,+13.000,+9.000,+100.664,+98.402,+106.180,+101.274,+104.348,+100.455,+1.417,+0.899
0,2227,+3.000,+3.000,+16.000,+16.000,+102.464,+105.481,+97.840,+101.379,+104.542,+105.481,+103.757,+132.218,+103.188,+105.481,+99.746,+110.711,+0.958,+0.000,+1.437,+7.867,+3.000,+16.000,+103.972,+98.778,+105.011,+103.919,+104.334,+101.532,+0.479,+1.793
0,2228,+4.000,+4.000,+15.000,+15.000,+98.928,+99.543,+99.037,+102.896,+103.394,+105.481,+105.595,+118.365,+100.983,+103.996,+101.377,+107.878,+1.589,+2.571,+1.986,+4.379,+4.000,+15.000,+99.236,+100.374,+104.438,+106.081,+102.489,+103.580,+1.952,+1.980
0,2229,+6.000,+6.000,+11.000,+11.000,+96.562,+98.771,+97.328,+99.537,+104.542,+116.931,+104.065,+113.218,+100.214,+103.179,+99.368,+106.475,+2.402,+6.197,+2.085,+3.937,+6.000,+11.000,+97.666,+98.899,+110.736,+104.475,+101.697,+101.396,+4.179,+2.145
0,2230,+0.000,+0.000,+23.000,+23.000,NaN,NaN,+95.044,+100.938,NaN,NaN,+102.596,+155.801,NaN,NaN,+99.033,+114.919,NaN,NaN,+2.136,+19.003,+0.000,+23.000,NaN,+100.871,NaN,+105.076,NaN,+101.841,NaN,+1.122
0,2231,+6.000,+6.000,+19.000,+19.000,+98.713,+99.550,+97.141,+101.992,+99.600,+105.481,+103.677,+133.337,+98.861,+102.515,+100.465,+107.792,+0.330,+2.965,+1.534,+9.157,+6.000,+19.000,+99.132,+99.016,+102.540,+104.777,+100.688,+102.425,+1.564,+1.410
0,2232,+12.000,+12.000,+10.000,+10.000,+100.475,+101.741,+97.927,+101.862,+106.403,+124.065,+102.094,+107.502,+103.163,+105.834,+98.880,+104.075,+2.119,+5.624,+1.300,+1.894,+12.000,+10.000,+101.108,+98.747,+115.234,+102.269,+104.498,+100.970,+3.536,+1.467
0,2233,+12.000,+12.000,+13.000,+13.000,+101.570,+101.862,+95.466,+99.737,+105.109,+142.475,+103.276,+140.397,+102.464,+112.513,+99.972,+121.578,+1.093,+11.661,+2.429,+15.174,+12.000,+13.000,+101.862,+97.899,+122.022,+103.374,+107.488,+101.472,+5.756,+1.909
0,2234,+9.000,+9.000,+12.000,+12.000,+96.462,+100.155,+98.089,+100.534,+102.149,+113.171,+103.264,+178.306,+99.326,+104.078,+100.366,+121.637,+2.123,+4.877,+1.587,+30.697,+9.000,+12.000,+98.691,+99.140,+107.251,+103.370,+101.702,+101.503,+3.099,+1.390
0,2235,+16.000,+16.000,+16.000,+16.000,+98.812,+101.409,+97.212,+99.286,+107.956,+123.551,+105.358,+127.415,+101.695,+105.026,+100.938,+111.723,+1.885,+5.396,+2.328,+7.917,+16.000,+16.000,+100.486,+98.613,+112.561,+106.316,+103.360,+103.513,+3.067,+2.164
0,2236,+3.000,+3.000,+12.000,+12.000,+99.970,+102.479,+98.429,+101.266,+102.306,+102.479,+109.175,+122.988,+100.749,+102.479,+101.510,+110.679,+1.101,+0.000,+2.504,+6.924,+3.000,+12.000,+101.225,+100.664,+102.393,+110.172,+101.614,+104.236,+0.551,+3.296
0,2237,+6.000,+6.000,+14.000,+14.000,+97.753,+102.479,+98.198,+104.334,+102.340,+102.479,+107.526,+127.339,+100.503,+102.479,+101.647,+112.419,+1.494,+0.000,+2.639,+6.148,+6.000,+14.000,+100.116,+103.801,+102.410,+112.956,+101.491,+105.960,+0.747,+2.559
0,2238,+3.000,+3.000,+16.000,+16.000,+97.954,+102.479,+98.956,+112.413,+100.808,+102.479,+111.558,+146.129,+99.602,+102.479,+104.045,+130.378,+1.207,+0.000,+3.915,+10.906,+3.000,+16.000,+100.216,+109.877,+101.643,+115.898,+101.040,+113.305,+0.603,+1.773
0,2239,+3.000,+3.000,+13.000,+13.000,+99.797,+100.045,+97.397,+104.309,+99.839,+100.045,+106.213,+126.659,+99.825,+100.045,+102.710,+112.503,+0.019,+0.000,+3.142,+5.838,+3.000,+13.000,+99.921,+103.389,+99.942,+108.317,+99.935,+105.756,+0.010,+1.639
0,2240,+0.000,+0.000,+18.000,+18.000,NaN,NaN,+95.637,+103.797,NaN,NaN,+105.371,+130.991,NaN,NaN,+99.946,+118.686,NaN,NaN,+2.825,+8.154,+0.000,+18.000,NaN,+98.008,NaN,+105.371,NaN,+103.500,NaN,+1.970
0,2241,+6.000,+6.000,+3.000,+3.000,+97.971,+99.797,+99.285,+104.644,+106.048,+106.213,+99.787,+144.985,+101.390,+103.087,+99.620,+124.363,+2.660,+3.126,+0.237,+16.481,+6.000,+3.000,+98.884,+99.536,+106.130,+102.216,+102.239,+101.284,+2.746,+1.237
0,2242,+0.000,+0.000,+9.000,+9.000,NaN,NaN,+98.726,+99.443,NaN,NaN,+101.665,+124.827,NaN,NaN,+100.001,+110.216,NaN,NaN,+0.962,+10.430,+0.000,+9.000,NaN,+99.085,NaN,+103.167,NaN,+101.480,NaN,+1.211
0,2243,+4.000,+4.000,+13.000,+13.000,+98.392,+98.575,+96.341,+100.738,+99.552,+102.877,+108.668,+135.818,+99.110,+101.802,+102.570,+116.749,+0.483,+1.863,+3.219,+10.112,+4.000,+13.000,+98.484,+100.584,+101.215,+111.057,+100.456,+106.498,+1.145,+3.190
0,2244,+0.000,+0.000,+14.000,+14.000,NaN,NaN,+97.954,+102.522,NaN,NaN,+105.700,+126.386,NaN,NaN,+100.693,+108.888,NaN,NaN,+2.382,+6.144,+0.000,+14.000,NaN,+100.982,NaN,+105.869,NaN,+103.667,NaN,+1.664
0,2245,+3.000,+3.000,+9.000,+9.000,+101.044,+101.274,+97.191,+103.030,+101.274,+101.274,+103.844,+122.255,+101.121,+101.274,+100.287,+107.692,+0.108,+0.000,+2.591,+6.748,+3.000,+9.000,+101.159,+100.856,+101.274,+104.047,+101.197,+102.912,+0.054,+0.846
0,2246,+5.000,+5.000,+5.000,+5.000,+99.940,+101.074,+98.539,+99.127,+103.595,+125.586,+100.196,+133.212,+100.904,+116.285,+99.241,+111.446,+1.415,+11.419,+0.783,+14.541,+5.000,+5.000,+100.507,+98.833,+113.331,+101.540,+108.595,+99.950,+5.435,+1.057
0,2247,+6.000,+6.000,+10.000,+10.000,+98.530,+103.595,+97.103,+100.952,+104.088,+117.431,+102.854,+114.812,+102.629,+108.443,+101.093,+106.656,+1.861,+5.486,+1.889,+4.951,+6.000,+10.000,+101.063,+100.574,+110.312,+104.313,+105.536,+102.217,+3.183,+1.404
0,2248,+6.000,+6.000,+7.000,+7.000,+100.517,+100.517,+96.446,+99.607,+100.740,+121.602,+104.981,+123.992,+100.554,+107.317,+100.680,+109.016,+0.083,+8.685,+2.938,+9.581,+6.000,+7.000,+100.517,+99.056,+111.060,+105.814,+103.936,+102.353,+4.334,+2.661
0,2249,+3.000,+3.000,+13.000,+13.000,+100.812,+114.293,+98.859,+103.264,+104.812,+143.394,+102.854,+110.306,+102.146,+130.320,+102.024,+105.680,+1.886,+12.063,+1.147,+2.413,+3.000,+13.000,+107.552,+101.477,+124.103,+103.423,+116.233,+102.760,+6.781,+0.464
0,2250,+3.000,+3.000,+15.000,+15.000,+97.313,+100.740,+98.308,+102.367,+100.444,+100.740,+105.949,+129.307,+99.283,+100.740,+102.007,+112.179,+1.400,+0.000,+1.632,+8.130,+3.000,+15.000,+99.027,+102.364,+100.592,+106.128,+100.011,+103.483,+0.700,+1.560
0,2251,+3.000,+3.000,+13.000,+13.000,+96.183,+124.823,+97.632,+102.361,+108.817,+168.002,+106.732,+136.714,+101.720,+140.967,+101.477,+117.449,+5.274,+19.237,+2.711,+11.524,+3.000,+13.000,+112.492,+101.930,+132.093,+107.386,+121.344,+104.013,+8.114,+1.989
0,2252,+3.000,+3.000,+16.000,+16.000,+96.486,+102.008,+101.705,+105.337,+101.446,+121.779,+116.410,+142.399,+99.364,+110.687,+109.193,+124.122,+2.102,+8.250,+4.473,+12.155,+3.000,+16.000,+101.727,+104.934,+109.132,+117.954,+105.026,+112.982,+3.077,+4.009
0,2253,+6.000,+6.000,+13.000,+13.000,+100.091,+105.813,+96.866,+104.131,+105.644,+118.642,+104.532,+137.097,+101.040,+113.808,+101.393,+116.692,+2.059,+4.972,+2.202,+9.641,+6.000,+13.000,+102.952,+101.655,+109.398,+110.394,+107.424,+104.149,+2.587,+2.906
0,2254,+0.000,+0.000,+19.000,+19.000,NaN,NaN,+96.314,+105.223,NaN,NaN,+110.998,+140.488,NaN,NaN,+103.709,+116.185,NaN,NaN,+3.053,+9.171,+0.000,+19.000,NaN,+104.423,NaN,+112.050,NaN,+106.265,NaN,+2.491
0,2255,+6.000,+6.000,+12.000,+12.000,+100.161,+111.766,+97.941,+101.862,+114.618,+138.498,+106.922,+148.678,+102.847,+123.547,+101.896,+118.841,+5.285,+11.889,+3.047,+17.763,+6.000,+12.000,+105.963,+98.672,+126.558,+107.425,+113.197,+103.988,+7.662,+2.823
0,2256,+3.000,+3.000,+11.000,+11.000,+100.361,+100.361,+97.941,+99.574,+100.361,+100.361,+101.862,+136.185,+100.361,+100.361,+99.407,+114.854,+0.000,+0.000,+1.593,+10.505,+3.000,+11.000,+100.361,+98.609,+100.361,+103.142,+100.361,+100.993,+0.000,+1.932
0,2257,+0.000,+0.000,+21.000,+21.000,NaN,NaN,+101.772,+110.041,NaN,NaN,+115.256,+154.011,NaN,NaN,+106.277,+118.256,NaN,NaN,+4.266,+9.201,+0.000,+21.000,NaN,+103.210,NaN,+116.779,NaN,+109.446,NaN,+4.004
0,2258,+3.000,+3.000,+9.000,+9.000,+96.913,+100.171,+99.638,+106.590,+97.867,+100.171,+106.556,+148.433,+97.549,+100.171,+102.010,+121.700,+0.450,+0.000,+2.197,+18.939,+3.000,+9.000,+98.542,+100.780,+99.019,+106.573,+98.860,+104.287,+0.225,+2.153
0,2259,+6.000,+6.000,+15.000,+15.000,+96.053,+98.632,+97.135,+105.351,+107.437,+142.939,+106.529,+122.328,+98.628,+113.988,+101.406,+112.204,+3.958,+13.764,+2.406,+4.509,+6.000,+15.000,+97.897,+98.766,+125.188,+106.560,+106.308,+103.433,+8.762,+2.337
0,2260,+3.000,+3.000,+9.000,+9.000,+95.400,+97.037,+97.188,+106.943,+95.400,+97.162,+106.264,+114.951,+95.400,+97.121,+102.580,+111.765,+0.000,+0.059,+3.057,+2.104,+3.000,+9.000,+96.219,+99.662,+96.281,+106.427,+96.260,+104.034,+0.029,+2.002
0,2261,+0.000,+0.000,+9.000,+9.000,NaN,NaN,+99.375,+108.441,NaN,NaN,+102.476,+149.502,NaN,NaN,+100.367,+119.027,NaN,NaN,+0.991,+13.481,+0.000,+9.000,NaN,+101.097,NaN,+103.756,NaN,+101.655,NaN,+0.806
0,2262,+0.000,+0.000,+18.000,+18.000,NaN,NaN,+98.036,+109.592,NaN,NaN,+119.942,+138.797,NaN,NaN,+105.966,+125.073,NaN,NaN,+6.032,+10.342,+0.000,+18.000,NaN,+104.583,NaN,+121.780,NaN,+112.626,NaN,+5.897
0,2263,+3.000,+3.000,+18.000,+18.000,+99.132,+101.892,+96.030,+106.420,+100.591,+101.892,+107.188,+118.021,+99.618,+101.892,+101.504,+110.689,+0.688,+0.000,+3.049,+2.888,+3.000,+18.000,+100.512,+103.478,+101.241,+108.293,+100.755,+105.652,+0.344,+1.593
0,2264,+6.000,+6.000,+13.000,+13.000,+96.910,+101.892,+100.023,+102.660,+106.590,+120.325,+106.102,+117.544,+101.766,+107.871,+102.671,+109.523,+3.453,+7.014,+1.956,+4.847,+6.000,+13.000,+99.401,+101.724,+113.458,+106.419,+104.818,+104.300,+5.093,+1.756
0,2265,+6.000,+6.000,+15.000,+15.000,+97.162,+107.020,+100.354,+106.085,+107.203,+119.024,+106.737,+147.464,+100.777,+113.106,+104.520,+118.198,+4.229,+4.830,+2.227,+15.136,+6.000,+15.000,+102.091,+103.948,+110.299,+107.158,+106.941,+106.145,+2.729,+0.946
0,2266,+3.000,+3.000,+17.000,+17.000,+100.805,+102.646,+99.064,+104.521,+102.646,+102.646,+106.127,+112.831,+101.611,+102.646,+103.424,+107.209,+0.769,+0.000,+1.738,+3.178,+3.000,+17.000,+101.725,+104.287,+102.646,+106.416,+102.128,+104.677,+0.384,+0.524
0,2267,+6.000,+6.000,+16.000,+16.000,+100.264,+100.264,+98.675,+104.083,+100.666,+119.122,+104.818,+121.792,+100.331,+107.375,+102.398,+109.947,+0.150,+7.335,+1.609,+5.464,+6.000,+16.000,+100.264,+103.365,+109.693,+107.212,+103.853,+104.063,+3.696,+0.877
0,2268,+0.000,+0.000,+6.000,+6.000,NaN,NaN,+101.160,+104.453,NaN,NaN,+103.359,+110.273,NaN,NaN,+101.836,+107.363,NaN,NaN,+0.771,+2.910,+0.000,+6.000,NaN,+102.117,NaN,+103.359,NaN,+102.681,NaN,+0.513
0,2269,+0.000,+0.000,+15.000,+15.000,NaN,NaN,+95.894,+102.836,NaN,NaN,+103.898,+149.985,NaN,NaN,+100.390,+128.022,NaN,NaN,+2.550,+18.770,+0.000,+15.000,NaN,+99.365,NaN,+106.317,NaN,+102.553,NaN,+2.125
0,2270,+3.000,+3.000,+16.000,+16.000,+99.506,+116.311,+100.230,+105.655,+100.264,+116.311,+105.334,+131.570,+99.759,+116.311,+102.353,+115.499,+0.357,+0.000,+1.460,+10.546,+3.000,+16.000,+107.909,+101.341,+108.287,+105.494,+108.035,+104.298,+0.178,+1.427
0,2271,+0.000,+0.000,+11.000,+11.000,NaN,NaN,+99.471,+102.371,NaN,NaN,+109.515,+137.737,NaN,NaN,+102.572,+122.124,NaN,NaN,+3.360,+12.555,+0.000,+11.000,NaN,+101.425,NaN,+120.506,NaN,+108.120,NaN,+6.654
0,2272,+0.000,+0.000,+9.000,+9.000,NaN,NaN,+97.218,+104.083,NaN,NaN,+104.276,+140.996,NaN,NaN,+101.767,+116.045,NaN,NaN,+2.286,+15.924,+0.000,+9.000,NaN,+103.344,NaN,+104.383,NaN,+103.957,NaN,+0.399
0,2273,+0.000,+0.000,+12.000,+12.000,NaN,NaN,+96.884,+103.250,NaN,NaN,+103.000,+118.139,NaN,NaN,+99.214,+110.381,NaN,NaN,+1.987,+5.107,+0.000,+12.000,NaN,+98.661,NaN,+103.485,NaN,+101.210,NaN,+1.763
0,2274,+6.000,+6.000,+24.000,+24.000,+98.762,+99.926,+100.362,+106.291,+100.264,+102.836,+109.921,+144.390,+99.844,+101.381,+104.625,+118.044,+0.507,+1.455,+2.173,+11.562,+6.000,+24.000,+99.926,+106.018,+101.550,+110.516,+100.613,+108.534,+0.731,+1.135
0,2275,+3.000,+3.000,+9.000,+9.000,+99.506,+99.926,+98.773,+102.725,+99.506,+99.926,+102.836,+126.374,+99.506,+99.926,+100.826,+109.837,+0.000,+0.000,+1.558,+9.081,+3.000,+9.000,+99.716,+100.217,+99.716,+102.917,+99.716,+101.690,+0.000,+1.019
0,2276,+3.000,+3.000,+17.000,+17.000,+99.165,+102.816,+97.358,+102.239,+99.506,+102.816,+105.283,+117.498,+99.392,+102.816,+101.413,+110.611,+0.161,+0.000,+2.173,+4.243,+3.000,+17.000,+100.990,+101.171,+101.161,+106.407,+101.104,+103.558,+0.081,+1.755
0,2277,+6.000,+6.000,+18.000,+18.000,+99.165,+99.165,+96.711,+102.961,+101.327,+105.050,+105.141,+121.388,+100.246,+101.018,+101.805,+110.630,+1.081,+2.150,+2.320,+5.420,+6.000,+18.000,+99.165,+101.440,+103.188,+105.332,+100.632,+103.857,+1.565,+1.314
0,2278,+3.000,+3.000,+25.000,+25.000,+101.098,+101.098,+98.601,+103.574,+101.098,+101.098,+109.461,+166.601,+101.098,+101.098,+102.392,+118.933,+0.000,+0.000,+2.337,+17.188,+3.000,+25.000,+101.098,+103.268,+101.098,+109.789,+101.098,+104.771,+0.000,+2.249
0,2279,+7.000,+7.000,+4.000,+4.000,+100.704,+101.092,+97.364,+100.802,+113.535,+118.438,+99.463,+127.033,+102.620,+105.658,+98.076,+110.600,+4.457,+5.684,+0.857,+10.040,+7.000,+4.000,+100.995,+97.738,+115.986,+99.834,+104.139,+98.759,+4.956,+0.741
0,2280,+3.000,+3.000,+15.000,+15.000,+96.963,+99.219,+98.482,+101.098,+97.364,+99.219,+101.098,+127.852,+97.097,+99.219,+99.561,+111.000,+0.189,+0.000,+0.857,+10.453,+3.000,+15.000,+98.091,+98.544,+98.291,+101.503,+98.158,+100.418,+0.095,+0.727
0,2281,+3.000,+3.000,+12.000,+12.000,+97.524,+102.121,+98.718,+101.098,+99.219,+102.121,+101.139,+109.307,+98.654,+102.121,+100.809,+102.755,+0.799,+0.000,+0.649,+2.330,+3.000,+12.000,+99.822,+101.098,+100.670,+101.949,+100.387,+101.322,+0.399,+0.296
0,2282,+3.000,+3.000,+14.000,+14.000,+96.963,+96.963,+98.303,+104.063,+96.963,+96.963,+106.509,+130.962,+96.963,+96.963,+101.741,+116.314,+0.000,+0.000,+2.197,+7.087,+3.000,+14.000,+96.963,+99.655,+96.963,+106.652,+96.963,+103.098,+0.000,+2.156
0,2283,+13.000,+13.000,+10.000,+10.000,+97.660,+99.340,+98.152,+101.464,+121.249,+135.361,+100.855,+140.978,+103.240,+112.033,+99.756,+114.356,+6.148,+13.164,+1.065,+13.932,+13.000,+10.000,+98.500,+100.704,+128.305,+101.788,+107.636,+101.114,+8.506,+0.419
0,2284,+4.000,+4.000,+16.000,+16.000,+97.287,+97.853,+99.445,+100.850,+107.001,+109.143,+105.798,+142.584,+103.056,+106.320,+102.799,+117.129,+4.151,+4.889,+2.434,+13.819,+4.000,+16.000,+97.570,+100.466,+108.072,+107.553,+104.688,+104.763,+4.292,+2.263
0,2285,+6.000,+6.000,+18.000,+18.000,+105.291,+105.291,+97.143,+99.980,+106.975,+117.363,+107.818,+164.130,+105.909,+111.888,+101.201,+127.976,+0.763,+5.503,+2.455,+21.926,+6.000,+18.000,+105.291,+98.562,+111.498,+108.563,+108.899,+102.794,+2.548,+2.589
0,2286,+3.000,+3.000,+13.000,+13.000,+105.633,+106.975,+100.430,+102.961,+105.633,+106.975,+105.011,+122.195,+105.633,+106.975,+101.926,+109.497,+0.000,+0.000,+1.369,+5.841,+3.000,+13.000,+106.304,+102.126,+106.304,+105.183,+106.304,+103.010,+0.000,+0.997
0,2287,+0.000,+0.000,+17.000,+17.000,NaN,NaN,+96.038,+98.452,NaN,NaN,+103.379,+131.036,NaN,NaN,+99.604,+110.107,NaN,NaN,+2.338,+8.811,+0.000,+17.000,NaN,+97.317,NaN,+104.831,NaN,+101.697,NaN,+2.449
0,2288,+3.000,+3.000,+17.000,+17.000,+99.213,+101.345,+97.913,+102.542,+99.213,+101.345,+109.381,+129.169,+99.213,+101.345,+102.809,+116.378,+0.000,+0.000,+2.304,+9.367,+3.000,+17.000,+100.279,+102.300,+100.279,+111.206,+100.279,+105.663,+0.000,+2.937
0,2289,+3.000,+3.000,+15.000,+15.000,+100.103,+100.483,+98.750,+105.262,+100.103,+100.483,+105.879,+149.473,+100.103,+100.483,+102.105,+125.352,+0.000,+0.000,+1.938,+18.405,+3.000,+15.000,+100.293,+99.988,+100.293,+106.375,+100.293,+104.719,+0.000,+1.845
0,2290,+6.000,+6.000,+12.000,+12.000,+98.354,+100.483,+96.732,+101.537,+103.345,+103.345,+102.097,+111.527,+100.630,+101.868,+99.552,+106.604,+1.450,+1.088,+1.907,+3.245,+6.000,+12.000,+99.849,+100.328,+103.345,+102.368,+101.249,+101.619,+1.134,+0.636
0,2291,+3.000,+3.000,+17.000,+17.000,+99.471,+114.580,+96.696,+99.935,+100.483,+114.580,+101.684,+127.237,+100.146,+114.580,+100.186,+108.083,+0.477,+0.000,+1.315,+6.979,+3.000,+17.000,+107.025,+99.543,+107.532,+103.478,+107.363,+101.521,+0.239,+0.995
0,2292,+3.000,+3.000,+17.000,+17.000,+98.370,+103.345,+98.578,+102.066,+100.483,+103.345,+106.632,+154.897,+99.779,+103.345,+101.678,+122.397,+0.996,+0.000,+2.609,+14.988,+3.000,+17.000,+100.858,+101.540,+101.914,+107.323,+101.562,+105.427,+0.498,+2.087
0,2293,+3.000,+3.000,+18.000,+18.000,+99.471,+103.345,+97.905,+100.081,+99.471,+103.345,+105.879,+149.034,+99.471,+103.345,+100.860,+111.813,+0.000,+0.000,+2.122,+11.116,+3.000,+18.000,+101.408,+99.492,+101.408,+106.252,+101.408,+103.343,+0.000,+2.197
0,2294,+6.000,+6.000,+10.000,+10.000,+99.471,+114.680,+97.051,+100.130,+114.345,+123.779,+100.081,+112.215,+104.387,+121.143,+99.071,+104.400,+5.679,+3.703,+1.136,+3.660,+6.000,+10.000,+109.590,+98.912,+116.369,+100.910,+112.765,+100.026,+2.475,+0.702
0,2295,+3.000,+3.000,+12.000,+12.000,+101.023,+115.984,+97.747,+98.964,+110.061,+115.984,+103.153,+128.537,+104.771,+115.984,+99.462,+114.129,+3.847,+0.000,+1.695,+10.591,+3.000,+12.000,+108.504,+97.966,+113.023,+103.722,+110.378,+100.441,+1.924,+1.740
0,2296,+6.000,+6.000,+18.000,+18.000,+103.217,+105.617,+100.081,+104.505,+106.152,+128.219,+104.672,+119.441,+105.035,+116.918,+103.235,+112.236,+1.158,+11.301,+1.572,+5.716,+6.000,+18.000,+104.417,+103.486,+117.186,+104.799,+110.977,+104.396,+6.158,+0.388
0,2297,+11.000,+11.000,+12.000,+12.000,+100.567,+101.997,+97.381,+103.677,+105.870,+124.224,+103.093,+120.243,+103.115,+107.248,+100.137,+108.584,+1.725,+7.094,+1.611,+5.359,+11.000,+12.000,+101.282,+99.346,+115.047,+103.443,+105.182,+102.341,+4.171,+1.092
0,2298,+3.000,+3.000,+19.000,+19.000,+96.859,+102.196,+99.103,+105.523,+99.765,+102.196,+106.179,+123.497,+98.652,+102.196,+102.495,+115.639,+1.280,+0.000,+1.865,+6.326,+3.000,+19.000,+99.528,+102.961,+100.981,+106.179,+100.424,+104.246,+0.640,+0.820
0,2299,+3.000,+3.000,+20.000,+20.000,+96.551,+102.196,+98.160,+106.664,+101.997,+102.196,+104.870,+152.190,+99.049,+102.196,+101.747,+118.721,+2.246,+0.000,+1.698,+13.744,+3.000,+20.000,+99.374,+100.349,+102.097,+107.275,+100.623,+104.197,+1.123,+1.587
0,2300,+3.000,+3.000,+5.000,+5.000,+97.091,+97.091,+98.745,+100.233,+98.599,+98.599,+100.139,+102.196,+97.726,+97.726,+99.303,+101.571,+0.638,+0.638,+0.683,+0.807,+3.000,+5.000,+97.091,+99.501,+98.599,+100.585,+97.726,+100.243,+0.638,+0.394
0,2301,+4.000,+4.000,+12.000,+12.000,+97.215,+97.350,+99.188,+106.664,+98.599,+98.745,+103.220,+134.459,+98.253,+98.396,+101.297,+120.469,+0.599,+0.604,+1.612,+10.582,+4.000,+12.000,+97.282,+100.769,+98.672,+116.030,+98.325,+104.601,+0.602,+3.816
0,2302,+0.000,+0.000,+15.000,+15.000,NaN,NaN,+96.688,+102.555,NaN,NaN,+106.207,+170.598,NaN,NaN,+100.319,+119.915,NaN,NaN,+2.537,+20.890,+0.000,+15.000,NaN,+102.555,NaN,+106.230,NaN,+105.010,NaN,+1.218
0,2303,+0.000,+0.000,+12.000,+12.000,NaN,NaN,+98.599,+104.938,NaN,NaN,+102.647,+139.834,NaN,NaN,+99.560,+117.642,NaN,NaN,+1.159,+14.363,+0.000,+12.000,NaN,+100.025,NaN,+103.465,NaN,+101.654,NaN,+1.249
0,2304,+4.000,+4.000,+9.000,+9.000,+97.321,+98.745,+96.816,+100.806,+104.109,+115.671,+104.096,+157.515,+100.127,+103.824,+99.346,+117.844,+2.926,+6.956,+3.361,+21.846,+4.000,+9.000,+98.033,+98.966,+109.890,+104.226,+101.976,+102.064,+4.822,+2.291
0,2305,+0.000,+0.000,+12.000,+12.000,NaN,NaN,+101.073,+103.965,NaN,NaN,+103.757,+119.900,NaN,NaN,+102.352,+110.677,NaN,NaN,+0.852,+6.260,+0.000,+12.000,NaN,+101.937,NaN,+104.704,NaN,+103.697,NaN,+0.930
0,2306,+1.000,+1.000,+20.000,+20.000,+100.345,+101.944,+97.999,+103.030,+100.345,+101.944,+104.455,+118.990,+100.345,+101.944,+101.074,+109.082,+0.000,+0.000,+1.659,+4.740,+1.000,+20.000,+101.145,+101.558,+101.145,+106.121,+101.145,+104.387,+0.000,+1.085
0,2307,+3.000,+3.000,+16.000,+16.000,+99.736,+107.174,+100.689,+101.907,+107.965,+111.991,+105.629,+175.867,+102.979,+109.135,+102.675,+131.329,+3.578,+2.066,+1.663,+23.712,+3.000,+16.000,+104.206,+101.350,+108.102,+108.559,+106.057,+104.187,+1.597,+2.044
0,2308,+0.000,+0.000,+18.000,+18.000,NaN,NaN,+95.684,+101.658,NaN,NaN,+103.236,+126.902,NaN,NaN,+99.438,+112.698,NaN,NaN,+2.447,+7.010,+0.000,+18.000,NaN,+99.010,NaN,+103.447,NaN,+101.420,NaN,+1.426
0,2309,+3.000,+3.000,+18.000,+18.000,+99.047,+103.236,+97.365,+107.800,+101.907,+104.907,+101.906,+158.064,+100.070,+104.350,+99.669,+120.008,+1.302,+0.788,+1.803,+16.466,+3.000,+18.000,+101.142,+101.682,+103.407,+104.163,+102.210,+102.416,+0.929,+1.048
0,2310,+0.000,+0.000,+13.000,+13.000,NaN,NaN,+98.679,+100.778,NaN,NaN,+101.906,+124.789,NaN,NaN,+100.361,+106.354,NaN,NaN,+1.133,+6.204,+0.000,+13.000,NaN,+99.456,NaN,+104.163,NaN,+101.711,NaN,+1.221
0,2311,+3.000,+3.000,+3.000,+3.000,+100.124,+108.949,+100.830,+146.418,+100.256,+113.296,+102.596,+146.418,+100.168,+110.697,+101.758,+146.418,+0.062,+1.874,+0.724,+0.000,+3.000,+3.000,+104.537,+101.340,+106.710,+102.634,+105.432,+102.078,+0.927,+0.544
0,2312,+6.000,+6.000,+8.000,+8.000,+103.236,+103.236,+100.015,+101.070,+104.527,+104.527,+106.419,+144.942,+103.882,+104.226,+103.218,+124.175,+0.645,+0.457,+2.204,+17.061,+6.000,+8.000,+103.236,+100.929,+104.527,+109.602,+104.054,+104.753,+0.504,+3.178
0,2313,+4.000,+4.000,+10.000,+10.000,+99.913,+102.502,+95.732,+103.991,+100.925,+104.527,+104.527,+124.788,+100.672,+104.021,+102.630,+116.183,+0.438,+0.877,+2.636,+5.424,+4.000,+10.000,+101.713,+101.115,+102.726,+104.901,+102.346,+104.052,+0.420,+1.402
0,2314,+3.000,+3.000,+15.000,+15.000,+98.403,+98.699,+96.892,+101.643,+98.403,+112.021,+104.146,+130.517,+98.403,+104.878,+100.325,+110.516,+0.000,+5.481,+1.945,+7.797,+3.000,+15.000,+98.551,+100.125,+105.212,+104.337,+101.641,+101.872,+2.741,+1.284
0,2315,+6.000,+6.000,+13.000,+13.000,+97.532,+104.527,+97.780,+98.205,+117.605,+140.735,+101.810,+115.226,+103.316,+115.856,+99.325,+107.810,+7.382,+13.687,+1.255,+5.436,+6.000,+13.000,+101.029,+98.144,+129.170,+103.558,+109.586,+100.936,+9.965,+1.764
0,2316,+3.000,+3.000,+15.000,+15.000,+97.473,+97.532,+97.403,+104.877,+97.473,+97.532,+108.667,+141.938,+97.473,+97.532,+102.678,+120.340,+0.000,+0.000,+3.542,+12.829,+3.000,+15.000,+97.503,+103.204,+97.503,+112.468,+97.503,+106.888,+0.000,+3.120
0,2317,+0.000,+0.000,+17.000,+17.000,NaN,NaN,+99.721,+105.669,NaN,NaN,+105.394,+138.524,NaN,NaN,+102.615,+117.802,NaN,NaN,+1.414,+9.585,+0.000,+17.000,NaN,+102.164,NaN,+105.412,NaN,+104.343,NaN,+0.871
0,2318,+3.000,+3.000,+22.000,+22.000,+97.285,+97.473,+98.313,+101.956,+97.295,+97.473,+106.419,+153.756,+97.288,+97.473,+101.933,+117.329,+0.005,+0.000,+1.892,+17.570,+3.000,+22.000,+97.379,+101.667,+97.384,+107.265,+97.381,+105.114,+0.002,+1.675
0,2319,+0.000,+0.000,+17.000,+17.000,NaN,NaN,+96.489,+103.451,NaN,NaN,+103.825,+141.043,NaN,NaN,+99.822,+114.171,NaN,NaN,+1.790,+12.349,+0.000,+17.000,NaN,+100.487,NaN,+104.129,NaN,+102.946,NaN,+0.961
0,2320,+3.000,+3.000,+10.000,+10.000,+97.134,+103.825,+98.659,+104.313,+97.134,+103.825,+101.725,+111.542,+97.134,+103.825,+99.938,+107.833,+0.000,+0.000,+0.929,+3.009,+3.000,+10.000,+100.480,+99.876,+100.480,+102.225,+100.480,+101.272,+0.000,+0.690
0,2321,+3.000,+3.000,+18.000,+18.000,+101.615,+103.825,+98.631,+104.561,+103.825,+103.825,+104.139,+141.376,+102.352,+103.825,+101.895,+119.079,+1.042,+0.000,+1.482,+12.059,+3.000,+18.000,+102.720,+103.077,+103.825,+104.226,+103.088,+103.716,+0.521,+0.274
0,2322,+10.000,+10.000,+17.000,+17.000,+99.134,+99.134,+97.152,+104.230,+105.174,+108.320,+104.517,+125.249,+101.986,+102.972,+102.844,+111.549,+2.131,+2.408,+1.769,+5.171,+10.000,+17.000,+99.134,+99.858,+106.747,+105.362,+102.479,+104.060,+2.196,+1.273
0,2323,+6.000,+6.000,+17.000,+17.000,+104.905,+105.174,+97.770,+107.778,+105.012,+108.320,+107.811,+153.024,+104.958,+106.747,+101.537,+128.673,+0.054,+1.573,+3.352,+14.034,+6.000,+17.000,+105.039,+99.679,+106.666,+110.884,+105.853,+105.637,+0.778,+4.254
0,2324,+4.000,+4.000,+15.000,+15.000,+101.448,+101.448,+98.390,+105.710,+105.688,+107.691,+105.706,+160.815,+102.591,+106.130,+103.046,+116.482,+1.789,+2.703,+2.731,+13.699,+4.000,+15.000,+101.448,+104.736,+106.690,+107.695,+104.361,+106.287,+1.876,+0.831
0,2325,+0.000,+0.000,+13.000,+13.000,NaN,NaN,+97.673,+103.044,NaN,NaN,+104.833,+137.055,NaN,NaN,+101.108,+113.690,NaN,NaN,+1.761,+9.731,+0.000,+13.000,NaN,+100.087,NaN,+105.406,NaN,+102.761,NaN,+1.508
0,2326,+3.000,+3.000,+17.000,+17.000,+97.165,+103.721,+95.449,+101.918,+97.165,+103.721,+102.921,+145.466,+97.165,+103.721,+99.864,+112.526,+0.000,+0.000,+2.258,+16.086,+3.000,+17.000,+100.443,+101.117,+100.443,+103.629,+100.443,+102.355,+0.000,+0.852
0,2327,+0.000,+0.000,+9.000,+9.000,NaN,NaN,+100.304,+102.996,NaN,NaN,+110.722,+122.056,NaN,NaN,+106.041,+115.627,NaN,NaN,+3.201,+5.386,+0.000,+9.000,NaN,+100.483,NaN,+112.715,NaN,+107.563,NaN,+3.789
0,2328,+6.000,+6.000,+15.000,+15.000,+99.072,+102.366,+96.211,+107.596,+101.680,+103.825,+104.685,+135.726,+100.482,+103.096,+101.458,+117.475,+1.075,+0.730,+2.109,+8.405,+6.000,+15.000,+100.719,+102.352,+102.753,+106.564,+101.789,+104.416,+0.650,+1.937
0,2329,+0.000,+0.000,+24.000,+24.000,NaN,NaN,+96.623,+102.883,NaN,NaN,+105.719,+151.150,NaN,NaN,+101.665,+118.244,NaN,NaN,+2.472,+13.515,+0.000,+24.000,NaN,+101.994,NaN,+105.749,NaN,+103.921,NaN,+1.187
0,2330,+3.000,+3.000,+10.000,+10.000,+99.098,+99.202,+95.917,+97.732,+99.202,+99.202,+101.452,+111.502,+99.167,+99.202,+97.878,+105.648,+0.049,+0.000,+1.563,+5.289,+3.000,+10.000,+99.150,+96.824,+99.202,+101.990,+99.185,+99.405,+0.024,+1.681
0,2331,+0.000,+0.000,+10.000,+10.000,NaN,NaN,+95.680,+100.972,NaN,NaN,+101.452,+103.966,NaN,NaN,+97.423,+101.985,NaN,NaN,+1.712,+0.769,+0.000,+10.000,NaN,+97.405,NaN,+101.452,NaN,+99.066,NaN,+1.603
0,2332,+6.000,+6.000,+22.000,+22.000,+98.304,+99.098,+99.203,+101.367,+112.256,+134.192,+108.409,+122.598,+102.325,+116.645,+102.544,+110.747,+4.990,+17.547,+2.277,+4.586,+6.000,+22.000,+98.701,+100.351,+123.224,+108.514,+109.485,+106.236,+10.885,+1.825
0,2333,+3.000,+3.000,+15.000,+15.000,+96.506,+98.364,+98.341,+105.310,+96.506,+99.098,+105.310,+162.509,+96.506,+98.609,+101.916,+124.474,+0.000,+0.346,+2.499,+17.740,+3.000,+15.000,+97.435,+99.119,+97.802,+105.310,+97.557,+104.468,+0.173,+1.468
0,2334,+0.000,+0.000,+9.000,+9.000,NaN,NaN,+99.128,+100.766,NaN,NaN,+101.637,+128.681,NaN,NaN,+100.398,+112.435,NaN,NaN,+0.714,+9.719,+0.000,+9.000,NaN,+99.947,NaN,+103.079,NaN,+101.185,NaN,+0.808
0,2335,+3.000,+3.000,+12.000,+12.000,+99.246,+102.301,+98.170,+102.819,+101.927,+102.301,+104.521,+117.778,+101.034,+102.301,+101.522,+107.610,+1.264,+0.000,+2.212,+5.420,+3.000,+12.000,+100.773,+100.523,+102.114,+104.521,+101.667,+102.898,+0.632,+1.458
0,2336,+6.000,+6.000,+15.000,+15.000,+100.924,+102.301,+96.704,+100.972,+102.759,+102.759,+103.275,+147.405,+101.581,+102.530,+100.345,+113.833,+0.839,+0.229,+1.787,+16.195,+6.000,+15.000,+101.612,+100.736,+102.759,+103.373,+102.056,+101.574,+0.504,+0.855
0,2337,+6.000,+6.000,+15.000,+15.000,+98.951,+98.951,+98.407,+102.862,+113.956,+152.471,+101.942,+113.780,+102.270,+117.241,+99.857,+106.947,+5.342,+24.922,+1.228,+3.724,+6.000,+15.000,+98.951,+100.408,+133.214,+102.608,+109.756,+101.407,+14.545,+0.665
0,2338,+3.000,+3.000,+12.000,+12.000,+99.018,+113.602,+98.356,+103.275,+101.129,+113.602,+109.776,+151.639,+100.384,+113.602,+102.627,+118.729,+0.968,+0.000,+2.747,+15.441,+3.000,+12.000,+106.310,+102.469,+107.366,+112.572,+106.993,+105.691,+0.484,+3.442
0,2339,+3.000,+3.000,+6.000,+6.000,+103.275,+110.167,+99.219,+101.072,+103.857,+110.167,+101.942,+119.072,+103.663,+110.167,+100.847,+114.426,+0.274,+0.000,+1.174,+6.151,+3.000,+6.000,+106.721,+99.284,+107.012,+102.608,+106.915,+101.184,+0.137,+1.399
0,2340,+0.000,+0.000,+14.000,+14.000,NaN,NaN,+99.239,+101.617,NaN,NaN,+103.275,+141.548,NaN,NaN,+101.201,+113.905,NaN,NaN,+1.329,+15.515,+0.000,+14.000,NaN,+101.523,NaN,+104.307,NaN,+102.477,NaN,+0.812
0,2341,+3.000,+3.000,+16.000,+16.000,+101.006,+116.758,+98.220,+100.388,+101.006,+139.325,+102.520,+132.939,+101.006,+124.881,+99.626,+112.397,+0.000,+10.240,+0.994,+11.268,+3.000,+16.000,+108.882,+100.103,+120.165,+103.114,+112.943,+101.158,+5.120,+0.862
0,2342,+1.000,+1.000,+11.000,+11.000,+99.098,+100.120,+95.475,+99.559,+99.098,+100.120,+101.782,+157.831,+99.098,+100.120,+98.829,+113.463,+0.000,+0.000,+2.047,+20.616,+1.000,+11.000,+99.609,+98.655,+99.609,+102.244,+99.609,+100.070,+0.000,+1.322
0,2343,+3.000,+3.000,+9.000,+9.000,+98.208,+104.393,+96.058,+101.155,+99.098,+118.394,+102.598,+114.727,+98.801,+110.354,+99.488,+105.761,+0.420,+5.902,+1.973,+5.136,+3.000,+9.000,+101.300,+98.061,+108.746,+102.864,+104.578,+100.478,+3.104,+1.423
0,2344,+9.000,+9.000,+16.000,+16.000,+99.047,+101.782,+96.350,+101.186,+129.047,+145.938,+103.275,+157.568,+108.467,+115.271,+100.822,+113.546,+11.119,+15.686,+2.178,+16.387,+9.000,+16.000,+100.414,+97.796,+137.080,+103.275,+111.869,+102.093,+12.672,+1.541
0,2345,+5.000,+5.000,+13.000,+13.000,+102.364,+102.436,+95.504,+103.271,+103.002,+106.131,+103.136,+107.959,+102.619,+104.653,+101.140,+104.449,+0.313,+1.810,+2.105,+1.740,+5.000,+13.000,+102.400,+101.164,+104.567,+104.194,+103.636,+102.613,+1.016,+0.794
0,2346,+0.000,+0.000,+12.000,+12.000,NaN,NaN,+98.500,+100.608,NaN,NaN,+103.429,+107.355,NaN,NaN,+100.840,+105.151,NaN,NaN,+1.897,+2.635,+0.000,+12.000,NaN,+99.518,NaN,+103.673,NaN,+102.320,NaN,+1.512
0,2347,+5.000,+5.000,+9.000,+9.000,+98.649,+101.500,+95.198,+101.083,+100.371,+113.871,+99.527,+143.682,+99.682,+104.290,+97.448,+121.520,+0.843,+4.795,+1.311,+14.418,+5.000,+9.000,+100.075,+96.663,+107.121,+101.593,+101.986,+99.120,+2.607,+1.494
0,2348,+10.000,+10.000,+8.000,+8.000,+98.155,+99.134,+97.403,+100.568,+101.846,+127.080,+103.429,+134.661,+100.126,+110.449,+99.785,+110.182,+1.161,+11.278,+2.055,+10.627,+10.000,+8.000,+98.645,+98.788,+114.463,+105.376,+105.288,+101.325,+5.890,+1.989
0,2349,+8.000,+8.000,+15.000,+15.000,+100.026,+100.026,+95.657,+100.855,+102.425,+112.087,+102.425,+117.644,+101.351,+106.321,+100.379,+108.096,+1.061,+4.986,+1.798,+5.280,+8.000,+15.000,+100.026,+99.962,+107.256,+104.037,+103.836,+101.812,+2.661,+1.202
0,2350,+3.000,+3.000,+21.000,+21.000,+101.708,+102.870,+98.722,+106.686,+101.881,+102.998,+106.502,+162.223,+101.778,+102.955,+102.986,+119.260,+0.074,+0.060,+1.750,+15.818,+3.000,+21.000,+102.308,+102.614,+102.440,+110.081,+102.367,+106.448,+0.055,+3.054
0,2351,+6.000,+6.000,+9.000,+9.000,+99.392,+100.638,+95.621,+102.079,+103.701,+108.820,+104.959,+114.690,+101.394,+103.738,+100.507,+106.706,+1.300,+2.519,+2.783,+4.695,+6.000,+9.000,+100.638,+98.683,+106.261,+105.163,+102.566,+102.738,+1.745,+2.323
0,2352,+3.000,+3.000,+9.000,+9.000,+96.139,+102.870,+100.131,+102.685,+101.746,+102.870,+103.621,+173.280,+98.008,+102.870,+101.911,+131.461,+2.643,+0.000,+0.834,+23.931,+3.000,+9.000,+99.505,+102.382,+102.308,+103.621,+100.439,+103.018,+1.321,+0.513
0,2353,+3.000,+3.000,+5.000,+5.000,+100.638,+111.599,+96.383,+103.536,+101.744,+111.599,+103.425,+121.450,+101.007,+111.599,+99.853,+110.702,+0.521,+0.000,+2.891,+8.776,+3.000,+5.000,+106.118,+99.196,+106.671,+107.403,+106.303,+102.553,+0.261,+2.911
0,2354,+5.000,+5.000,+12.000,+12.000,+98.061,+100.401,+98.380,+108.059,+102.115,+102.425,+108.059,+149.140,+100.465,+101.949,+101.648,+121.135,+1.558,+0.786,+2.845,+13.648,+5.000,+12.000,+99.231,+100.517,+102.270,+109.646,+101.207,+103.973,+1.132,+2.200
0,2355,+1.000,+1.000,+22.000,+22.000,+101.736,+101.736,+98.308,+101.278,+101.736,+101.736,+107.778,+127.787,+101.736,+101.736,+101.423,+114.059,+0.000,+0.000,+2.918,+8.321,+1.000,+22.000,+101.736,+101.278,+101.736,+108.080,+101.736,+104.383,+0.000,+3.094
0,2356,+4.000,+4.000,+10.000,+10.000,+99.466,+101.744,+96.695,+98.910,+101.736,+102.739,+101.229,+127.041,+100.620,+101.993,+98.200,+106.128,+0.803,+0.431,+1.163,+8.629,+4.000,+10.000,+101.103,+98.453,+101.740,+101.252,+101.306,+99.990,+0.253,+1.062
0,2357,+6.000,+6.000,+18.000,+18.000,+100.858,+100.858,+95.436,+100.896,+103.162,+122.513,+105.452,+148.837,+101.535,+108.834,+100.083,+110.916,+0.827,+8.302,+2.614,+10.353,+6.000,+18.000,+100.858,+100.433,+112.125,+107.234,+105.184,+102.889,+4.369,+2.319
0,2358,+4.000,+4.000,+9.000,+9.000,+100.858,+101.736,+98.994,+101.712,+105.249,+109.807,+103.673,+113.103,+101.956,+104.467,+101.281,+108.278,+1.901,+3.138,+1.850,+3.215,+4.000,+9.000,+101.297,+99.596,+107.528,+105.343,+103.211,+102.257,+2.509,+1.658
0,2359,+3.000,+3.000,+11.000,+11.000,+98.916,+101.736,+97.343,+99.665,+101.278,+101.736,+101.055,+121.685,+100.277,+101.736,+99.668,+104.470,+0.998,+0.000,+1.229,+5.864,+3.000,+11.000,+100.326,+98.504,+101.507,+102.235,+101.007,+101.071,+0.499,+1.076
0,2360,+6.000,+6.000,+18.000,+18.000,+99.838,+101.095,+98.399,+100.533,+100.678,+156.299,+100.638,+141.297,+100.270,+125.327,+99.280,+115.728,+0.383,+24.852,+0.725,+15.171,+6.000,+18.000,+100.466,+98.890,+128.488,+102.110,+112.798,+100.660,+12.522,+0.770
0,2361,+3.000,+3.000,+11.000,+11.000,+100.638,+120.289,+98.347,+98.825,+100.638,+120.289,+105.859,+130.628,+100.638,+120.289,+100.010,+110.659,+0.000,+0.000,+2.103,+10.518,+3.000,+11.000,+110.463,+98.586,+110.463,+112.721,+110.463,+102.753,+0.000,+4.798
0,2362,+7.000,+7.000,+11.000,+11.000,+97.333,+99.321,+95.443,+100.749,+112.727,+127.452,+101.522,+109.472,+103.893,+117.108,+98.651,+102.354,+5.263,+10.210,+1.897,+2.469,+7.000,+11.000,+98.327,+99.708,+119.142,+101.582,+110.501,+100.734,+6.518,+0.607
0,2363,+3.000,+3.000,+9.000,+9.000,+99.398,+102.593,+96.849,+109.057,+100.858,+102.593,+101.278,+142.617,+100.311,+102.593,+99.928,+125.364,+0.650,+0.000,+1.351,+9.985,+3.000,+9.000,+100.996,+100.140,+101.725,+102.480,+101.452,+101.956,+0.325,+0.971
0,2364,+3.000,+3.000,+20.000,+20.000,+99.215,+122.940,+97.259,+101.642,+99.215,+122.940,+104.885,+136.129,+99.215,+122.940,+101.503,+110.722,+0.000,+0.000,+2.289,+9.302,+3.000,+20.000,+111.078,+101.215,+111.078,+104.885,+111.078,+104.179,+0.000,+1.067
0,2365,+3.000,+3.000,+18.000,+18.000,+95.223,+100.858,+98.902,+103.608,+99.215,+100.858,+106.766,+134.288,+96.554,+100.858,+101.673,+110.499,+1.882,+0.000,+2.038,+7.778,+3.000,+18.000,+98.040,+103.216,+100.037,+108.309,+98.706,+104.547,+0.941,+1.986
0,2366,+3.000,+3.000,+18.000,+18.000,+96.385,+96.848,+95.131,+99.807,+96.848,+96.848,+104.924,+112.933,+96.539,+96.848,+99.986,+107.180,+0.218,+0.000,+3.221,+3.482,+3.000,+18.000,+96.616,+97.915,+96.848,+107.049,+96.693,+103.493,+0.109,+2.863
0,2367,+3.000,+3.000,+11.000,+11.000,+103.149,+103.608,+95.223,+100.033,+103.608,+103.608,+101.497,+108.212,+103.302,+103.608,+97.695,+104.530,+0.216,+0.000,+2.050,+3.483,+3.000,+11.000,+103.379,+100.014,+103.608,+102.518,+103.455,+100.781,+0.108,+0.722
0,2368,+3.000,+3.000,+20.000,+20.000,+99.215,+101.626,+96.072,+105.629,+100.678,+101.626,+103.872,+138.230,+100.190,+101.626,+100.733,+115.787,+0.689,+0.000,+2.262,+11.552,+3.000,+20.000,+100.421,+102.574,+101.152,+105.966,+100.908,+103.985,+0.345,+1.292
0,2369,+0.000,+0.000,+15.000,+15.000,NaN,NaN,+97.811,+103.198,NaN,NaN,+103.872,+148.505,NaN,NaN,+101.834,+112.487,NaN,NaN,+2.032,+13.278,+0.000,+15.000,NaN,+101.204,NaN,+105.770,NaN,+103.457,NaN,+1.201
0,2370,+0.000,+0.000,+15.000,+15.000,NaN,NaN,+98.667,+101.193,NaN,NaN,+105.307,+111.625,NaN,NaN,+101.796,+106.138,NaN,NaN,+2.309,+3.092,+0.000,+15.000,NaN,+101.167,NaN,+105.826,NaN,+104.030,NaN,+1.447
0,2371,+3.000,+3.000,+22.000,+22.000,+96.722,+100.678,+96.030,+102.499,+98.817,+100.678,+108.102,+157.597,+97.420,+100.678,+102.789,+123.167,+0.987,+0.000,+3.559,+16.681,+3.000,+22.000,+98.700,+100.953,+99.747,+108.163,+99.049,+106.249,+0.494,+1.920
0,2372,+1.000,+1.000,+2.000,+2.000,+98.314,+103.324,+97.729,+97.767,+98.314,+103.324,+100.021,+101.937,+98.314,+103.324,+98.875,+99.852,+0.000,+0.000,+1.146,+2.085,+1.000,+2.000,+100.819,+97.748,+100.819,+100.106,+100.819,+98.927,+0.000,+1.179
0,2373,+3.000,+3.000,+18.000,+18.000,+98.744,+103.635,+95.976,+100.110,+98.744,+103.635,+102.499,+150.896,+98.744,+103.635,+98.824,+114.295,+0.000,+0.000,+2.466,+17.063,+3.000,+18.000,+101.190,+98.479,+101.190,+104.926,+101.190,+102.344,+0.000,+2.440
0,2374,+4.000,+4.000,+12.000,+12.000,+96.630,+103.018,+96.230,+100.923,+102.864,+103.635,+103.442,+131.013,+98.900,+103.481,+100.747,+114.262,+2.566,+0.267,+1.803,+9.203,+4.000,+12.000,+100.133,+99.365,+103.249,+103.763,+101.190,+101.790,+1.273,+1.372
0,2375,+0.000,+0.000,+12.000,+12.000,NaN,NaN,+98.763,+99.990,NaN,NaN,+102.499,+117.893,NaN,NaN,+100.597,+105.962,NaN,NaN,+1.252,+6.983,+0.000,+12.000,NaN,+99.327,NaN,+102.499,NaN,+101.487,NaN,+1.084
0,2376,+9.000,+9.000,+18.000,+18.000,+100.054,+103.462,+99.344,+103.688,+122.656,+129.550,+106.242,+147.271,+104.772,+114.871,+101.305,+114.715,+6.535,+8.522,+1.930,+15.077,+9.000,+18.000,+102.707,+101.270,+126.103,+111.535,+109.822,+104.512,+6.742,+2.652
0,2377,+3.000,+3.000,+17.000,+17.000,+100.535,+105.108,+101.705,+103.989,+100.708,+111.352,+108.847,+132.487,+100.650,+107.521,+104.535,+112.964,+0.081,+2.740,+1.801,+8.445,+3.000,+17.000,+102.908,+103.194,+106.030,+110.165,+104.085,+106.575,+1.385,+2.019
0,2378,+6.000,+6.000,+29.000,+29.000,+100.535,+102.182,+98.200,+103.989,+100.535,+104.586,+109.130,+133.052,+100.535,+103.365,+103.018,+112.447,+0.000,+0.703,+2.908,+6.606,+6.000,+29.000,+101.359,+103.812,+102.561,+109.416,+101.950,+107.488,+0.351,+1.775
0,2379,+0.000,+0.000,+18.000,+18.000,NaN,NaN,+96.179,+99.889,NaN,NaN,+100.736,+139.714,NaN,NaN,+98.540,+113.775,NaN,NaN,+1.458,+11.283,+0.000,+18.000,NaN,+99.147,NaN,+101.458,NaN,+100.439,NaN,+0.989
0,2380,+6.000,+6.000,+17.000,+17.000,+96.184,+104.046,+98.607,+101.186,+100.535,+125.328,+102.774,+143.862,+99.618,+112.123,+100.457,+111.466,+1.565,+8.299,+1.076,+12.086,+6.000,+17.000,+102.291,+101.157,+112.495,+106.203,+105.871,+102.591,+4.181,+1.584
0,2381,+0.000,+0.000,+10.000,+10.000,NaN,NaN,+97.058,+102.434,NaN,NaN,+103.000,+119.574,NaN,NaN,+100.018,+106.805,NaN,NaN,+1.577,+5.468,+0.000,+10.000,NaN,+99.746,NaN,+103.326,NaN,+101.926,NaN,+1.184
0,2382,+4.000,+4.000,+15.000,+15.000,+100.535,+101.817,+98.540,+103.000,+101.574,+133.037,+105.428,+113.354,+100.795,+114.121,+102.759,+108.251,+0.450,+12.057,+1.438,+3.653,+4.000,+15.000,+101.176,+101.888,+117.306,+105.976,+107.458,+104.005,+6.233,+1.235
0,2383,+6.000,+6.000,+16.000,+16.000,+98.106,+108.319,+97.711,+103.956,+126.397,+148.950,+112.409,+124.447,+106.724,+127.497,+102.584,+114.243,+9.465,+14.559,+4.405,+8.134,+6.000,+16.000,+107.115,+100.950,+128.627,+113.096,+117.111,+107.365,+8.355,+4.122
0,2384,+3.000,+3.000,+15.000,+15.000,+96.080,+112.044,+96.369,+103.308,+100.396,+119.104,+108.058,+139.497,+98.401,+116.380,+100.574,+115.252,+1.777,+3.100,+3.570,+14.224,+3.000,+15.000,+105.386,+98.731,+109.194,+110.282,+107.390,+103.693,+1.561,+3.361
0,2385,+0.000,+0.000,+17.000,+17.000,NaN,NaN,+96.099,+102.559,NaN,NaN,+108.518,+128.078,NaN,NaN,+102.715,+115.083,NaN,NaN,+2.754,+8.284,+0.000,+17.000,NaN,+99.998,NaN,+110.932,NaN,+105.522,NaN,+3.380
0,2386,+0.000,+0.000,+19.000,+19.000,NaN,NaN,+98.603,+107.110,NaN,NaN,+113.668,+133.790,NaN,NaN,+106.305,+119.868,NaN,NaN,+4.085,+5.857,+0.000,+19.000,NaN,+104.444,NaN,+114.278,NaN,+111.607,NaN,+2.505
0,2387,+3.000,+3.000,+16.000,+16.000,+100.396,+103.000,+98.354,+104.287,+101.037,+103.000,+105.631,+128.499,+100.609,+103.000,+102.845,+111.513,+0.302,+0.000,+1.907,+8.421,+3.000,+16.000,+101.698,+103.941,+102.018,+117.204,+101.805,+105.782,+0.151,+2.993
0,2388,+1.000,+1.000,+12.000,+12.000,+97.326,+97.326,+97.886,+105.130,+97.326,+97.326,+110.284,+145.334,+97.326,+97.326,+101.028,+126.408,+0.000,+0.000,+3.035,+14.495,+1.000,+12.000,+97.326,+101.557,+97.326,+111.164,+97.326,+102.933,+0.000,+2.915
0,2389,+0.000,+0.000,+17.000,+17.000,NaN,NaN,+98.531,+102.891,NaN,NaN,+104.010,+108.502,NaN,NaN,+101.295,+104.744,NaN,NaN,+1.389,+1.521,+0.000,+17.000,NaN,+101.203,NaN,+104.149,NaN,+102.945,NaN,+0.906
0,2390,+3.000,+3.000,+14.000,+14.000,+98.614,+104.114,+95.202,+106.129,+99.267,+104.114,+105.977,+135.991,+99.050,+104.114,+101.075,+115.584,+0.308,+0.000,+2.669,+11.052,+3.000,+14.000,+101.364,+100.109,+101.691,+106.428,+101.582,+102.967,+0.154,+2.032
0,2391,+0.000,+0.000,+6.000,+6.000,NaN,NaN,+95.397,+100.708,NaN,NaN,+102.280,+107.436,NaN,NaN,+97.864,+104.740,NaN,NaN,+2.655,+2.288,+0.000,+6.000,NaN,+97.790,NaN,+102.717,NaN,+99.758,NaN,+1.500
0,2392,+5.000,+5.000,+9.000,+9.000,+96.031,+100.278,+98.561,+101.194,+104.114,+151.967,+103.660,+129.234,+100.478,+131.583,+100.554,+114.314,+3.705,+24.969,+1.440,+11.733,+5.000,+9.000,+98.154,+100.285,+128.040,+103.927,+116.030,+102.045,+14.305,+1.457
0,2393,+3.000,+3.000,+18.000,+18.000,+99.036,+107.686,+96.399,+105.542,+99.267,+107.686,+105.542,+167.377,+99.190,+107.686,+99.960,+120.458,+0.109,+0.000,+2.561,+19.159,+3.000,+18.000,+103.361,+101.070,+103.477,+105.542,+103.438,+104.941,+0.055,+1.388
0,2394,+0.000,+0.000,+12.000,+12.000,NaN,NaN,+97.198,+103.129,NaN,NaN,+103.264,+121.904,NaN,NaN,+99.794,+115.008,NaN,NaN,+2.064,+5.857,+0.000,+12.000,NaN,+100.237,NaN,+103.628,NaN,+102.037,NaN,+1.234
0,2395,+3.000,+3.000,+14.000,+14.000,+97.834,+101.737,+97.632,+99.281,+99.400,+101.737,+102.732,+135.152,+98.356,+101.737,+99.837,+111.667,+0.738,+0.000,+1.606,+8.541,+3.000,+14.000,+99.785,+98.456,+100.568,+103.488,+100.046,+102.025,+0.369,+1.694
0,2396,+3.000,+3.000,+13.000,+13.000,+97.319,+97.986,+95.861,+101.377,+98.074,+98.074,+104.470,+134.464,+97.571,+98.045,+100.769,+113.985,+0.356,+0.042,+3.165,+10.436,+3.000,+13.000,+97.653,+98.516,+98.074,+104.848,+97.808,+103.336,+0.189,+1.608
0,2397,+3.000,+3.000,+13.000,+13.000,+100.120,+103.369,+96.698,+98.807,+104.418,+104.418,+102.243,+134.806,+101.872,+104.068,+99.083,+117.444,+1.843,+0.495,+2.101,+9.871,+3.000,+13.000,+101.744,+98.807,+104.418,+104.037,+102.970,+101.911,+1.103,+1.817
0,2398,+3.000,+3.000,+7.000,+7.000,+102.803,+104.912,+97.974,+98.899,+115.311,+127.022,+98.593,+129.345,+108.292,+118.828,+98.291,+108.448,+5.220,+9.892,+0.279,+10.189,+3.000,+7.000,+103.858,+98.219,+119.931,+102.194,+113.560,+99.111,+6.972,+1.285
0,2399,+3.000,+3.000,+6.000,+6.000,+96.630,+98.807,+97.473,+100.003,+96.630,+98.807,+100.003,+131.483,+96.630,+98.807,+98.431,+111.725,+0.000,+0.000,+1.138,+12.684,+3.000,+6.000,+97.718,+98.738,+97.718,+102.759,+97.718,+100.404,+0.000,+1.709
0,2400,+6.000,+6.000,+18.000,+18.000,+97.834,+100.448,+97.043,+106.647,+103.369,+103.369,+109.313,+140.814,+99.326,+101.909,+101.617,+122.261,+1.971,+1.460,+4.078,+13.762,+6.000,+18.000,+99.141,+100.946,+103.369,+111.330,+100.617,+105.694,+1.450,+2.441
0,2401,+10.000,+10.000,+11.000,+11.000,+97.834,+99.690,+97.262,+99.543,+103.369,+122.542,+101.408,+106.615,+100.180,+105.832,+98.956,+103.140,+1.951,+8.330,+1.370,+2.949,+10.000,+11.000,+98.839,+99.176,+111.001,+103.606,+103.006,+100.948,+4.552,+1.489
0,2402,+9.000,+9.000,+16.000,+16.000,+98.074,+102.688,+96.105,+100.708,+105.374,+111.164,+109.642,+126.314,+100.207,+105.264,+101.370,+112.276,+2.418,+3.666,+3.144,+9.876,+9.000,+16.000,+100.381,+100.210,+107.997,+110.020,+102.736,+103.126,+2.302,+3.242
0,2403,+3.000,+3.000,+12.000,+12.000,+96.742,+100.407,+97.601,+100.301,+100.407,+100.984,+104.256,+147.152,+98.921,+100.792,+100.216,+113.449,+1.575,+0.272,+2.024,+13.281,+3.000,+12.000,+98.863,+99.266,+100.696,+108.192,+99.856,+102.306,+0.756,+2.717
0,2404,+6.000,+6.000,+9.000,+9.000,+95.756,+99.615,+98.316,+101.153,+99.932,+100.407,+100.154,+113.928,+98.282,+100.275,+98.831,+106.153,+1.868,+0.295,+0.550,+4.369,+6.000,+9.000,+97.685,+98.741,+100.170,+105.576,+99.278,+100.801,+1.030,+2.604
0,2405,+9.000,+9.000,+13.000,+13.000,+96.246,+97.492,+96.095,+98.935,+98.445,+98.852,+108.051,+117.531,+97.783,+98.356,+100.955,+108.827,+0.679,+0.485,+3.343,+6.549,+9.000,+13.000,+97.283,+98.544,+98.544,+110.891,+98.069,+103.455,+0.488,+4.047
0,2406,+6.000,+6.000,+14.000,+14.000,+98.383,+101.493,+95.478,+98.516,+109.465,+126.484,+109.506,+131.026,+101.747,+114.008,+100.999,+114.227,+3.871,+7.788,+3.491,+10.993,+6.000,+14.000,+100.612,+96.997,+113.107,+109.753,+107.877,+103.982,+4.676,+3.816
0,2407,+9.000,+9.000,+14.000,+14.000,+97.905,+98.568,+96.097,+101.883,+102.469,+113.338,+107.887,+163.665,+99.767,+102.131,+101.005,+127.152,+1.461,+4.339,+3.735,+21.442,+9.000,+14.000,+98.487,+100.319,+106.534,+111.385,+100.949,+105.292,+2.513,+3.868
0,2408,+4.000,+4.000,+19.000,+19.000,+97.803,+98.383,+96.682,+105.100,+98.383,+113.633,+107.604,+135.420,+98.238,+109.821,+103.564,+116.807,+0.251,+6.604,+3.440,+8.068,+4.000,+19.000,+98.383,+104.691,+106.008,+115.341,+104.029,+109.135,+3.262,+3.529
0,2409,+6.000,+6.000,+9.000,+9.000,+95.885,+96.906,+96.284,+104.724,+103.225,+103.402,+105.095,+157.507,+98.330,+99.195,+101.635,+121.368,+2.555,+2.116,+3.823,+20.831,+6.000,+9.000,+96.592,+100.771,+103.313,+105.175,+98.763,+104.434,+2.275,+1.330
0,2410,+2.000,+2.000,+12.000,+12.000,+98.455,+102.016,+95.767,+100.780,+98.948,+103.239,+102.060,+153.633,+98.701,+102.628,+99.859,+117.200,+0.246,+0.611,+1.504,+21.355,+2.000,+12.000,+100.482,+100.518,+100.847,+103.714,+100.665,+102.104,+0.183,+1.031
0,2411,+6.000,+6.000,+9.000,+9.000,+97.967,+99.448,+100.751,+104.283,+98.958,+99.448,+104.422,+135.169,+98.462,+99.448,+102.531,+121.837,+0.495,+0.000,+1.326,+13.430,+6.000,+9.000,+98.708,+101.154,+99.203,+106.205,+98.955,+103.616,+0.248,+1.958
0,2412,+3.000,+3.000,+7.000,+7.000,+98.040,+99.731,+95.672,+96.321,+98.040,+99.731,+99.649,+104.422,+98.040,+99.731,+97.289,+100.952,+0.000,+0.000,+1.789,+3.236,+3.000,+7.000,+98.885,+95.996,+98.885,+100.433,+98.885,+98.403,+0.000,+1.691
0,2413,+9.000,+9.000,+7.000,+7.000,+98.958,+99.818,+97.738,+98.621,+99.801,+100.321,+102.796,+128.774,+99.324,+99.997,+99.095,+113.775,+0.280,+0.211,+1.549,+13.149,+9.000,+7.000,+99.388,+98.108,+99.960,+104.515,+99.660,+100.591,+0.199,+2.522
0,2414,+9.000,+9.000,+11.000,+11.000,+96.949,+98.958,+97.341,+109.580,+108.072,+111.650,+112.969,+122.614,+99.706,+102.020,+106.563,+114.061,+3.126,+4.478,+4.461,+4.149,+9.000,+11.000,+97.953,+108.534,+108.441,+113.356,+100.863,+110.917,+3.504,+1.530
0,2415,+9.000,+9.000,+18.000,+18.000,+99.387,+99.587,+100.582,+104.472,+99.731,+124.139,+106.565,+121.748,+99.497,+103.828,+103.825,+110.986,+0.127,+8.068,+2.095,+5.424,+9.000,+18.000,+99.518,+101.622,+111.794,+107.439,+101.663,+105.934,+4.044,+1.770
0,2416,+1.000,+1.000,+12.000,+12.000,+104.463,+104.463,+98.306,+102.164,+104.463,+104.463,+105.527,+157.928,+104.463,+104.463,+101.834,+116.479,+0.000,+0.000,+2.450,+18.325,+1.000,+12.000,+104.463,+99.958,+104.463,+106.081,+104.463,+103.835,+0.000,+2.035
0,2417,+6.000,+6.000,+11.000,+11.000,+100.182,+104.518,+97.646,+99.666,+104.463,+106.178,+109.444,+120.346,+102.301,+105.071,+102.661,+112.508,+1.245,+0.783,+3.714,+5.991,+6.000,+11.000,+102.350,+98.741,+104.490,+110.100,+103.686,+104.723,+0.736,+4.054
0,2418,+17.000,+17.000,+10.000,+10.000,+99.600,+102.065,+96.227,+102.553,+108.110,+125.150,+103.190,+120.311,+102.983,+106.433,+99.332,+107.254,+1.634,+6.213,+2.287,+6.574,+17.000,+10.000,+102.065,+100.032,+113.854,+104.041,+104.708,+102.380,+3.291,+1.503
0,2419,+12.000,+12.000,+11.000,+11.000,+98.930,+102.504,+96.815,+105.945,+103.974,+119.342,+104.468,+126.357,+102.437,+108.682,+100.820,+113.271,+1.368,+7.107,+2.144,+6.060,+12.000,+11.000,+100.717,+99.904,+111.658,+108.844,+105.560,+104.620,+3.697,+3.400
0,2420,+9.000,+9.000,+9.000,+9.000,+98.649,+103.613,+95.663,+100.475,+105.959,+109.077,+103.174,+149.093,+103.098,+104.774,+100.521,+113.730,+1.994,+1.692,+2.092,+13.428,+9.000,+9.000,+101.131,+100.345,+107.518,+104.100,+103.936,+102.601,+1.669,+1.557
0,2421,+9.000,+9.000,+13.000,+13.000,+99.377,+101.995,+99.579,+104.829,+102.558,+103.613,+106.245,+122.848,+101.307,+102.561,+102.774,+112.395,+0.930,+0.745,+2.172,+5.474,+9.000,+13.000,+100.686,+102.662,+103.085,+109.875,+101.934,+105.796,+0.724,+1.670
0,2422,+12.000,+12.000,+14.000,+14.000,+97.551,+101.030,+98.326,+105.374,+101.763,+117.954,+112.727,+130.235,+100.487,+105.971,+103.341,+113.705,+1.135,+5.499,+3.843,+6.451,+12.000,+14.000,+99.813,+105.374,+109.492,+113.295,+103.229,+107.114,+2.980,+2.367
0,2423,+9.000,+9.000,+15.000,+15.000,+99.153,+103.344,+95.613,+100.143,+110.745,+133.184,+119.422,+172.403,+102.469,+111.067,+102.181,+128.680,+3.594,+9.835,+7.932,+23.337,+9.000,+15.000,+101.468,+95.765,+119.102,+122.247,+106.768,+112.971,+6.244,+9.252
0,2424,+6.000,+6.000,+16.000,+16.000,+98.825,+101.763,+96.974,+105.012,+109.121,+160.050,+107.636,+115.247,+102.144,+128.484,+103.095,+111.701,+3.329,+27.127,+2.930,+2.621,+6.000,+16.000,+100.294,+103.145,+130.906,+109.977,+115.314,+105.773,+14.446,+2.398
0,2425,+11.000,+11.000,+0.000,+0.000,+101.030,+101.763,NaN,NaN,+105.020,+159.448,NaN,NaN,+103.245,+115.172,NaN,NaN,+1.946,+20.582,NaN,NaN,+11.000,+0.000,+101.397,NaN,+132.234,NaN,+109.208,NaN,+10.876,NaN
0,2426,+12.000,+12.000,+18.000,+18.000,+96.977,+101.880,+95.591,+105.020,+107.503,+118.665,+106.601,+127.517,+103.670,+106.227,+102.984,+112.458,+3.062,+4.288,+2.509,+6.547,+12.000,+18.000,+99.428,+100.305,+112.852,+108.111,+104.948,+106.056,+3.318,+1.958
0,2427,+9.000,+9.000,+17.000,+17.000,+98.171,+100.516,+96.590,+103.389,+101.880,+123.554,+109.147,+124.915,+101.287,+109.026,+102.414,+111.376,+1.213,+6.212,+3.728,+5.447,+9.000,+17.000,+99.343,+102.852,+112.717,+109.147,+105.156,+106.041,+3.459,+1.758
0,2428,+9.000,+9.000,+20.000,+20.000,+99.046,+101.880,+96.511,+106.839,+119.840,+154.323,+108.111,+134.986,+104.579,+122.244,+101.165,+114.783,+6.028,+18.882,+3.144,+8.979,+9.000,+20.000,+101.663,+100.770,+137.082,+108.629,+113.411,+106.629,+11.795,+2.445
0,2429,+3.000,+3.000,+12.000,+12.000,+99.290,+103.466,+98.348,+105.913,+102.276,+103.466,+104.484,+128.531,+100.516,+103.466,+99.807,+116.922,+1.276,+0.000,+1.693,+7.640,+3.000,+12.000,+101.378,+99.760,+102.871,+107.055,+101.991,+103.056,+0.638,+2.860
0,2430,+9.000,+9.000,+18.000,+18.000,+95.164,+99.347,+98.622,+107.017,+102.638,+130.724,+107.426,+156.221,+99.074,+110.510,+103.939,+116.357,+3.096,+10.866,+1.910,+13.132,+9.000,+18.000,+97.255,+104.347,+116.000,+113.804,+104.792,+106.222,+5.673,+2.887
0,2431,+9.000,+9.000,+13.000,+13.000,+102.248,+102.485,+95.981,+99.186,+108.343,+126.475,+102.857,+143.011,+103.566,+109.807,+98.264,+108.591,+1.767,+7.921,+1.960,+11.864,+9.000,+13.000,+102.485,+96.484,+115.061,+103.183,+106.686,+99.472,+4.238,+1.582
0,2432,+2.000,+2.000,+13.000,+13.000,+101.673,+103.792,+97.714,+101.880,+101.673,+103.967,+106.184,+116.406,+101.673,+103.879,+101.415,+107.841,+0.000,+0.087,+2.586,+4.445,+2.000,+13.000,+102.733,+101.535,+102.820,+107.292,+102.776,+104.362,+0.044,+1.441
0,2433,+8.000,+8.000,+12.000,+12.000,+95.124,+96.721,+96.470,+110.838,+106.795,+127.556,+112.240,+147.380,+100.146,+108.369,+103.986,+117.974,+4.331,+11.526,+5.027,+9.208,+8.000,+12.000,+95.922,+104.368,+115.413,+112.342,+104.258,+109.454,+7.750,+3.016
0,2434,+6.000,+6.000,+15.000,+15.000,+96.408,+96.408,+97.882,+106.184,+98.162,+105.423,+106.091,+130.646,+96.967,+100.353,+103.529,+115.725,+0.652,+3.654,+2.302,+8.062,+6.000,+15.000,+96.408,+101.987,+100.987,+107.093,+98.660,+106.304,+1.874,+1.266
0,2435,+6.000,+6.000,+16.000,+16.000,+98.876,+98.971,+99.433,+100.980,+101.835,+103.466,+106.677,+157.288,+100.140,+101.219,+103.511,+123.974,+1.254,+2.247,+2.453,+20.584,+6.000,+16.000,+98.924,+100.777,+102.651,+107.175,+100.679,+105.939,+1.743,+1.975
0,2436,+8.000,+8.000,+10.000,+10.000,+98.886,+99.353,+99.173,+101.116,+114.781,+117.556,+103.577,+116.447,+102.884,+107.534,+102.138,+107.584,+4.914,+7.068,+1.560,+4.344,+8.000,+10.000,+99.119,+100.144,+116.169,+103.919,+105.209,+102.997,+5.610,+1.085
0,2437,+7.000,+7.000,+14.000,+14.000,+98.324,+99.353,+98.111,+106.677,+100.909,+103.318,+106.427,+129.694,+98.930,+101.541,+101.142,+113.004,+0.847,+1.904,+2.292,+5.972,+7.000,+14.000,+98.838,+99.740,+102.114,+106.552,+100.236,+103.341,+1.145,+2.396
0,2438,+6.000,+6.000,+9.000,+9.000,+95.445,+98.876,+96.549,+100.992,+99.353,+99.961,+99.520,+106.121,+97.016,+99.216,+98.251,+103.612,+1.511,+0.396,+1.251,+1.957,+6.000,+9.000,+97.161,+99.771,+99.419,+102.998,+98.116,+100.397,+0.915,+0.934
0,2439,+3.000,+3.000,+10.000,+10.000,+98.876,+100.723,+99.034,+100.383,+98.876,+106.047,+104.455,+116.716,+98.876,+102.511,+101.439,+109.210,+0.000,+2.501,+1.926,+4.199,+3.000,+10.000,+99.800,+100.209,+102.462,+105.141,+100.693,+103.257,+1.250,+1.654
0,2440,+0.000,+0.000,+21.000,+21.000,NaN,NaN,+99.306,+100.992,NaN,NaN,+105.423,+134.796,NaN,NaN,+101.805,+117.311,NaN,NaN,+1.787,+10.916,+0.000,+21.000,NaN,+100.884,NaN,+106.510,NaN,+104.564,NaN,+1.406
0,2441,+6.000,+6.000,+12.000,+12.000,+98.023,+101.618,+100.561,+108.141,+104.872,+131.960,+108.141,+130.123,+101.560,+108.572,+104.655,+116.229,+2.504,+10.530,+2.122,+9.070,+6.000,+12.000,+101.075,+100.859,+114.991,+109.247,+105.066,+106.342,+4.664,+2.414
0,2442,+3.000,+3.000,+6.000,+6.000,+98.876,+110.811,+96.919,+100.091,+101.353,+119.681,+101.002,+109.445,+99.702,+116.593,+99.817,+103.599,+1.167,+4.092,+1.343,+3.217,+3.000,+6.000,+106.082,+99.980,+109.278,+102.141,+108.147,+101.032,+1.463,+0.806
0,2443,+0.000,+0.000,+9.000,+9.000,NaN,NaN,+100.141,+101.071,NaN,NaN,+106.733,+122.422,NaN,NaN,+102.256,+115.419,NaN,NaN,+2.477,+6.915,+0.000,+9.000,NaN,+100.361,NaN,+107.579,NaN,+103.961,NaN,+2.791
0,2444,+10.000,+10.000,+20.000,+20.000,+97.436,+99.353,+99.252,+105.109,+104.487,+119.057,+109.604,+167.186,+100.877,+105.288,+103.900,+124.867,+2.126,+6.641,+2.563,+20.120,+10.000,+20.000,+99.114,+104.192,+111.682,+109.858,+103.083,+106.585,+4.237,+2.216
0,2445,+9.000,+9.000,+24.000,+24.000,+99.271,+100.695,+96.225,+102.270,+110.637,+124.453,+105.885,+133.576,+105.847,+111.406,+101.019,+113.026,+4.077,+8.326,+2.846,+9.338,+9.000,+24.000,+99.983,+100.950,+117.545,+106.896,+108.627,+105.167,+5.800,+1.739
0,2446,+0.000,+0.000,+9.000,+9.000,NaN,NaN,+100.741,+102.864,NaN,NaN,+105.148,+170.028,NaN,NaN,+101.909,+138.154,NaN,NaN,+1.342,+26.158,+0.000,+9.000,NaN,+100.828,NaN,+109.398,NaN,+102.968,NaN,+2.479
0,2447,+6.000,+6.000,+9.000,+9.000,+97.134,+99.004,+97.322,+98.879,+104.633,+109.025,+101.716,+109.744,+101.095,+104.709,+100.271,+103.409,+3.097,+2.995,+1.604,+3.111,+6.000,+9.000,+98.709,+98.516,+106.466,+101.854,+102.902,+100.701,+2.523,+1.196
0,2448,+6.000,+6.000,+14.000,+14.000,+98.672,+102.388,+96.194,+101.302,+102.164,+107.919,+106.524,+161.469,+100.169,+105.153,+101.678,+128.076,+1.404,+2.765,+2.551,+20.553,+6.000,+14.000,+100.841,+100.848,+104.839,+112.039,+102.661,+105.741,+1.326,+3.573
0,2449,+3.000,+3.000,+8.000,+8.000,+96.315,+122.555,+98.078,+113.015,+113.935,+122.555,+103.772,+126.615,+104.030,+122.555,+101.521,+119.878,+7.358,+0.000,+2.072,+5.506,+3.000,+8.000,+109.435,+102.962,+118.245,+103.837,+113.293,+103.278,+3.679,+0.291
0,2450,+3.000,+3.000,+15.000,+15.000,+98.584,+109.500,+96.587,+106.774,+115.794,+129.424,+118.147,+136.865,+104.418,+121.883,+103.830,+118.512,+8.045,+8.825,+6.320,+10.659,+3.000,+15.000,+104.188,+99.060,+122.609,+119.552,+113.151,+108.085,+7.528,+5.724
0,2451,+6.000,+6.000,+15.000,+15.000,+99.294,+99.294,+96.561,+102.149,+101.840,+141.868,+107.223,+122.186,+99.770,+120.632,+102.486,+109.886,+0.928,+21.236,+3.025,+5.614,+6.000,+15.000,+99.294,+101.098,+121.854,+109.166,+110.201,+105.330,+10.813,+2.987
0,2452,+6.000,+6.000,+23.000,+23.000,+98.091,+99.011,+96.409,+105.635,+101.840,+107.733,+107.292,+144.847,+99.715,+105.230,+102.905,+118.295,+1.490,+3.104,+2.979,+12.015,+6.000,+23.000,+98.944,+104.315,+104.554,+110.262,+102.472,+106.097,+1.713,+1.176
0,2453,+3.000,+3.000,+21.000,+21.000,+101.488,+118.542,+98.607,+104.646,+102.164,+118.542,+106.369,+129.501,+101.830,+118.542,+101.855,+114.694,+0.276,+0.000,+2.406,+7.739,+3.000,+21.000,+110.015,+101.129,+110.353,+115.519,+110.186,+104.887,+0.138,+3.070
0,2454,+1.000,+1.000,+15.000,+15.000,+102.035,+105.580,+96.602,+105.607,+102.035,+105.580,+106.948,+122.623,+102.035,+105.580,+102.030,+109.712,+0.000,+0.000,+3.304,+6.500,+1.000,+15.000,+103.808,+96.802,+103.808,+107.338,+103.808,+105.314,+0.000,+2.367
0,2455,+0.000,+0.000,+21.000,+21.000,NaN,NaN,+96.467,+104.809,NaN,NaN,+108.713,+143.447,NaN,NaN,+103.936,+117.826,NaN,NaN,+3.066,+12.914,+0.000,+21.000,NaN,+104.501,NaN,+108.795,NaN,+107.299,NaN,+1.523
0,2456,+3.000,+3.000,+22.000,+22.000,+101.049,+118.889,+97.119,+101.735,+107.121,+118.889,+107.602,+132.875,+103.337,+118.889,+102.485,+116.830,+2.696,+0.000,+2.717,+10.026,+3.000,+22.000,+109.969,+100.513,+113.005,+109.050,+111.113,+105.776,+1.348,+2.581
0,2457,+5.000,+5.000,+4.000,+4.000,+97.357,+98.472,+97.763,+101.735,+99.509,+101.137,+102.948,+103.676,+98.887,+100.216,+100.523,+102.705,+0.848,+1.151,+1.970,+0.971,+5.000,+4.000,+97.915,+100.931,+100.323,+103.312,+99.552,+101.803,+0.991,+0.914
0,2458,+6.000,+6.000,+18.000,+18.000,+98.472,+103.279,+97.644,+103.385,+100.837,+106.751,+108.937,+132.618,+100.049,+105.015,+101.867,+115.508,+1.115,+1.736,+3.159,+9.739,+6.000,+18.000,+100.875,+101.874,+103.794,+110.867,+102.532,+104.747,+1.032,+3.493
0,2459,+3.000,+3.000,+15.000,+15.000,+98.472,+98.560,+97.877,+103.292,+98.472,+98.560,+105.656,+124.697,+98.472,+98.560,+100.725,+108.295,+0.000,+0.000,+1.880,+5.493,+3.000,+15.000,+98.516,+101.763,+98.516,+106.196,+98.516,+102.975,+0.000,+1.392
0,2460,+3.000,+3.000,+8.000,+8.000,+106.803,+108.968,+97.856,+101.816,+110.476,+118.992,+101.879,+119.028,+108.321,+115.651,+99.425,+114.154,+1.566,+4.725,+1.559,+6.477,+3.000,+8.000,+108.325,+98.608,+114.734,+104.900,+111.986,+101.239,+2.695,+1.919
0,2461,+3.000,+3.000,+19.000,+19.000,+100.837,+108.055,+97.504,+102.125,+100.837,+108.055,+113.152,+156.331,+100.837,+108.055,+103.544,+128.582,+0.000,+0.000,+3.732,+19.381,+3.000,+19.000,+104.446,+101.922,+104.446,+114.388,+104.446,+108.482,+0.000,+5.550
0,2462,+3.000,+3.000,+15.000,+15.000,+97.175,+119.272,+100.256,+102.957,+104.167,+119.272,+106.503,+117.242,+101.044,+119.272,+103.476,+107.569,+2.903,+0.000,+1.489,+4.228,+3.000,+15.000,+108.224,+102.619,+111.720,+106.979,+110.158,+104.423,+1.451,+0.948
0,2463,+0.000,+0.000,+15.000,+15.000,NaN,NaN,+96.757,+104.536,NaN,NaN,+104.599,+128.765,NaN,NaN,+100.622,+115.223,NaN,NaN,+2.361,+7.497,+0.000,+15.000,NaN,+98.315,NaN,+105.075,NaN,+103.053,NaN,+1.796
0,2464,+5.000,+5.000,+18.000,+18.000,+95.782,+100.542,+97.954,+101.307,+103.825,+118.396,+102.957,+157.776,+100.901,+111.254,+100.349,+113.980,+3.523,+8.747,+1.767,+14.750,+5.000,+18.000,+98.162,+100.868,+111.111,+103.389,+106.078,+102.421,+6.120,+1.103
0,2465,+2.000,+2.000,+13.000,+13.000,+96.876,+100.724,+95.567,+102.071,+98.962,+101.863,+105.219,+130.098,+97.919,+101.294,+101.366,+113.865,+1.043,+0.569,+3.809,+9.925,+2.000,+13.000,+99.370,+101.408,+99.843,+106.926,+99.606,+104.796,+0.237,+1.366
0,2466,+3.000,+3.000,+18.000,+18.000,+100.542,+103.963,+100.700,+105.351,+102.473,+109.860,+105.351,+132.838,+101.185,+107.258,+102.848,+113.185,+0.911,+2.457,+1.483,+10.545,+3.000,+18.000,+102.252,+103.662,+105.212,+106.746,+104.222,+104.921,+1.393,+0.696
0,2467,+1.000,+1.000,+17.000,+17.000,+99.063,+100.049,+97.730,+98.792,+99.063,+100.049,+105.351,+141.772,+99.063,+100.049,+100.974,+115.636,+0.000,+0.000,+2.671,+14.380,+1.000,+17.000,+99.556,+98.580,+99.556,+107.216,+99.556,+102.295,+0.000,+3.029
0,2468,+5.000,+5.000,+15.000,+15.000,+98.775,+99.653,+97.211,+103.344,+104.330,+126.278,+104.330,+138.131,+100.960,+115.260,+100.892,+113.175,+2.596,+11.060,+2.750,+10.310,+5.000,+15.000,+99.214,+98.378,+115.108,+104.330,+108.110,+102.911,+5.690,+1.432
0,2469,+0.000,+0.000,+13.000,+13.000,NaN,NaN,+96.085,+101.234,NaN,NaN,+103.344,+134.653,NaN,NaN,+98.890,+119.390,NaN,NaN,+2.571,+13.006,+0.000,+13.000,NaN,+100.387,NaN,+103.377,NaN,+103.001,NaN,+0.790
0,2470,+0.000,+0.000,+15.000,+15.000,NaN,NaN,+97.110,+104.088,NaN,NaN,+103.344,+138.304,NaN,NaN,+99.444,+110.435,NaN,NaN,+1.929,+9.481,+0.000,+15.000,NaN,+99.888,NaN,+103.716,NaN,+101.469,NaN,+1.526
0,2471,+3.000,+3.000,+11.000,+11.000,+104.137,+125.480,+96.450,+100.110,+105.913,+139.788,+103.079,+155.301,+104.906,+134.037,+99.121,+122.296,+0.744,+6.169,+2.020,+21.163,+3.000,+11.000,+115.075,+98.051,+122.850,+103.211,+119.472,+100.670,+3.255,+1.632
0,2472,+0.000,+0.000,+23.000,+23.000,NaN,NaN,+96.994,+102.746,NaN,NaN,+103.128,+151.670,NaN,NaN,+101.073,+116.720,NaN,NaN,+2.075,+16.967,+0.000,+23.000,NaN,+99.665,NaN,+108.049,NaN,+104.102,NaN,+1.870
0,2473,+5.000,+5.000,+12.000,+12.000,+102.602,+103.505,+97.931,+100.360,+108.391,+116.246,+102.173,+142.228,+104.585,+108.602,+99.349,+121.349,+2.485,+6.242,+1.615,+15.656,+5.000,+12.000,+103.054,+99.494,+112.319,+107.655,+106.593,+101.777,+4.343,+2.781
0,2474,+1.000,+1.000,+15.000,+15.000,+98.816,+101.467,+96.561,+101.361,+98.816,+101.467,+102.602,+166.777,+98.816,+101.467,+100.196,+124.518,+0.000,+0.000,+1.975,+21.301,+1.000,+15.000,+100.142,+98.961,+100.142,+103.955,+100.142,+102.207,+0.000,+1.534
0,2475,+0.000,+0.000,+8.000,+8.000,NaN,NaN,+96.714,+97.773,NaN,NaN,+97.541,+108.195,NaN,NaN,+97.116,+100.695,NaN,NaN,+0.342,+3.125,+0.000,+8.000,NaN,+97.462,NaN,+99.277,NaN,+98.041,NaN,+0.758
0,2476,+8.000,+8.000,+9.000,+9.000,+96.961,+102.246,+98.055,+98.456,+106.518,+126.846,+98.996,+102.996,+102.150,+108.997,+98.626,+99.283,+3.249,+8.835,+0.353,+1.340,+8.000,+9.000,+99.604,+98.456,+116.186,+99.096,+105.573,+98.827,+5.545,+0.264
0,2477,+3.000,+3.000,+15.000,+15.000,+104.076,+105.527,+98.328,+99.515,+105.275,+105.527,+108.037,+141.516,+104.681,+105.527,+101.480,+117.638,+0.490,+0.000,+2.656,+14.099,+3.000,+15.000,+104.801,+99.231,+105.401,+108.731,+105.104,+103.175,+0.245,+3.124
0,2478,+6.000,+6.000,+15.000,+15.000,+98.420,+100.745,+97.563,+102.838,+109.064,+136.986,+103.062,+143.726,+101.827,+116.532,+98.955,+115.764,+3.378,+15.959,+1.769,+12.043,+6.000,+15.000,+99.582,+98.120,+119.525,+103.099,+109.180,+100.941,+8.993,+1.712
0,2479,+7.000,+7.000,+12.000,+12.000,+99.386,+100.745,+96.550,+101.866,+105.566,+140.315,+101.802,+110.045,+101.684,+114.030,+99.598,+105.078,+2.261,+16.759,+1.948,+2.663,+7.000,+12.000,+100.416,+99.696,+122.940,+102.490,+107.857,+100.741,+9.480,+0.963
0,2480,+7.000,+7.000,+13.000,+13.000,+99.238,+99.569,+98.970,+102.722,+104.849,+118.406,+103.635,+110.585,+102.243,+108.315,+101.449,+106.249,+2.217,+6.774,+1.667,+2.942,+7.000,+13.000,+99.404,+100.386,+110.989,+105.450,+105.279,+102.750,+4.159,+1.605
0,2481,+4.000,+4.000,+9.000,+9.000,+98.184,+106.690,+98.146,+98.259,+104.719,+110.899,+98.935,+108.705,+101.864,+108.778,+98.429,+103.788,+2.553,+1.488,+0.318,+2.708,+4.000,+9.000,+103.472,+98.202,+107.298,+101.607,+105.321,+99.748,+1.713,+1.377
0,2482,+6.000,+6.000,+9.000,+9.000,+96.132,+98.233,+95.468,+98.916,+100.663,+104.793,+98.916,+113.976,+98.214,+101.513,+97.702,+102.130,+1.473,+3.280,+1.582,+4.932,+6.000,+9.000,+97.183,+98.169,+102.728,+98.916,+99.864,+98.737,+2.315,+0.244
0,2483,+5.000,+5.000,+26.000,+26.000,+97.136,+98.935,+98.458,+105.554,+106.045,+110.941,+112.983,+161.366,+102.657,+106.962,+104.197,+124.831,+3.164,+4.361,+3.648,+14.636,+5.000,+26.000,+98.036,+104.869,+108.201,+113.258,+104.809,+109.804,+3.520,+3.322
0,2484,+0.000,+0.000,+4.000,+4.000,NaN,NaN,+98.935,+107.447,NaN,NaN,+99.368,+130.141,NaN,NaN,+99.044,+114.927,NaN,NaN,+0.187,+8.907,+0.000,+4.000,NaN,+99.152,NaN,+100.038,NaN,+99.595,NaN,+0.443
0,2485,+3.000,+3.000,+12.000,+12.000,+98.935,+125.441,+96.117,+102.922,+107.084,+125.441,+103.016,+108.197,+101.652,+125.441,+99.696,+105.729,+3.842,+0.000,+2.812,+2.145,+3.000,+12.000,+112.188,+101.120,+116.263,+103.994,+113.546,+102.653,+1.921,+0.812
0,2486,+9.000,+9.000,+9.000,+9.000,+98.602,+98.935,+96.612,+103.553,+106.577,+121.123,+104.950,+133.288,+102.429,+108.656,+100.809,+119.378,+3.415,+7.968,+3.448,+10.821,+9.000,+9.000,+98.935,+100.564,+113.850,+105.069,+105.543,+103.102,+5.040,+1.531
0,2487,+6.000,+6.000,+18.000,+18.000,+98.880,+101.550,+99.369,+101.221,+103.788,+124.194,+107.447,+137.531,+101.054,+106.870,+102.696,+110.909,+1.723,+7.794,+2.573,+7.588,+6.000,+18.000,+101.334,+100.795,+112.860,+107.551,+103.962,+105.314,+4.082,+1.869
0,2488,+0.000,+0.000,+20.000,+20.000,NaN,NaN,+96.584,+100.169,NaN,NaN,+104.988,+142.010,NaN,NaN,+101.248,+119.139,NaN,NaN,+2.661,+12.658,+0.000,+20.000,NaN,+99.475,NaN,+106.156,NaN,+103.584,NaN,+1.932
0,2489,+3.000,+3.000,+16.000,+16.000,+98.935,+106.045,+95.676,+99.247,+98.935,+106.045,+107.447,+158.190,+98.935,+106.045,+101.278,+121.054,+0.000,+0.000,+3.107,+18.633,+3.000,+16.000,+102.490,+97.462,+102.490,+107.628,+102.490,+103.967,+0.000,+3.398
0,2490,+3.000,+3.000,+8.000,+8.000,+97.280,+118.255,+97.176,+98.261,+100.361,+118.255,+103.697,+111.923,+99.334,+118.255,+99.039,+109.853,+1.452,+0.000,+2.361,+4.411,+3.000,+8.000,+107.767,+98.261,+109.308,+104.215,+108.794,+101.769,+0.726,+2.325
0,2491,+6.000,+6.000,+7.000,+7.000,+99.849,+101.430,+97.586,+110.750,+106.520,+120.422,+106.434,+135.426,+101.829,+111.774,+101.233,+117.929,+2.424,+8.813,+2.976,+8.001,+6.000,+7.000,+100.640,+102.317,+111.971,+107.361,+106.801,+105.515,+4.572,+1.799
0,2492,+2.000,+2.000,+22.000,+22.000,+99.340,+102.019,+95.635,+98.406,+102.001,+106.801,+105.434,+140.123,+100.670,+104.410,+101.082,+116.434,+1.330,+2.391,+2.482,+13.491,+2.000,+22.000,+100.679,+98.373,+104.401,+110.478,+102.540,+104.695,+1.861,+3.673
0,2493,+3.000,+3.000,+21.000,+21.000,+102.724,+104.120,+96.496,+102.282,+103.520,+104.120,+106.742,+132.768,+103.044,+104.120,+102.506,+110.937,+0.343,+0.000,+2.644,+7.045,+3.000,+21.000,+103.422,+99.999,+103.820,+108.903,+103.582,+105.113,+0.172,+1.966
0,2494,+0.000,+0.000,+13.000,+13.000,NaN,NaN,+96.531,+101.264,NaN,NaN,+103.776,+123.967,NaN,NaN,+99.613,+107.331,NaN,NaN,+1.898,+7.775,+0.000,+13.000,NaN,+99.102,NaN,+103.972,NaN,+101.223,NaN,+1.113
0,2495,+9.000,+9.000,+9.000,+9.000,+99.651,+99.651,+102.139,+102.747,+111.044,+113.152,+103.186,+120.769,+104.484,+107.661,+102.605,+108.318,+4.039,+4.376,+0.368,+6.394,+9.000,+9.000,+99.651,+102.462,+112.098,+103.501,+106.072,+102.890,+3.675,+0.377
0,2496,+3.000,+3.000,+15.000,+15.000,+97.266,+98.191,+97.394,+103.470,+98.191,+98.191,+105.538,+147.875,+97.575,+98.191,+101.640,+114.942,+0.436,+0.000,+2.102,+13.199,+3.000,+15.000,+97.729,+102.888,+98.191,+106.029,+97.883,+104.989,+0.218,+1.076
0,2497,+3.000,+3.000,+24.000,+24.000,+100.621,+109.737,+95.442,+107.157,+102.059,+109.737,+114.561,+122.703,+101.511,+109.737,+105.099,+116.212,+0.635,+0.000,+3.852,+5.411,+3.000,+24.000,+105.179,+105.147,+105.898,+116.165,+105.624,+109.494,+0.318,+4.005
0,2498,+3.000,+3.000,+18.000,+18.000,+103.198,+106.226,+97.644,+101.393,+106.226,+106.226,+107.344,+120.889,+104.277,+106.226,+103.333,+108.796,+1.381,+0.000,+2.817,+6.414,+3.000,+18.000,+104.712,+100.425,+106.226,+107.996,+105.252,+104.702,+0.690,+2.534
0,2499,+5.000,+5.000,+17.000,+17.000,+98.191,+102.246,+97.303,+100.521,+104.060,+105.209,+102.812,+126.696,+100.513,+104.503,+100.019,+111.441,+2.843,+1.150,+1.862,+9.227,+5.000,+17.000,+100.219,+98.790,+104.634,+103.283,+102.508,+101.712,+1.687,+1.460
